-1.000000 -1.000000
1238.966064 40.000374
280.354919 40.028076
295.358978 40.065018
-1.000000 -1.000000
265.334534 40.015339
-1.000000 -1.000000
40.003517 678.996643
-1.000000 -1.000000
180.246414 652.933350
-1.000000 -1.000000
-1.000000 -1.000000
1238.372192 149.902985
178.248077 667.925049
-1.000000 -1.000000
1121.702881 132.890411
-1.000000 -1.000000
-1.000000 -1.000000
1236.829590 678.441895
1078.490601 180.816132
293.734833 343.332916
758.135925 333.089905
1088.649658 142.795776
-1.000000 -1.000000
215.590210 340.619934
195.190231 651.928650
1143.093872 40.991524
1063.466309 180.842178
1127.805054 117.917938
193.171982 667.919312
297.675354 358.338440
-1.000000 -1.000000
743.142395 333.101898
774.795959 62.209312
208.077225 677.098816
322.292664 202.479019
1118.618774 147.882950
734.944519 406.970917
165.346909 651.920227
1232.694336 423.764618
1238.854370 164.850861
1238.123169 134.964691
447.744720 226.732300
230.948120 340.947815
1236.844971 663.413147
1159.650391 312.758545
1059.623535 165.793365
246.316147 342.806549
733.929749 391.978821
163.382568 666.925232
1048.397461 180.777756
902.911682 168.422455
1236.550293 229.528503
819.953796 224.390060
1074.625000 165.796249
214.118637 355.655548
1144.677124 312.758820
-1.000000 -1.000000
320.307648 187.475128
719.910828 406.960571
1093.612061 176.788300
307.290710 206.449173
1235.762207 438.772614
1073.658203 140.760071
761.114075 318.050110
243.992462 297.310883
1088.665283 127.795570
1217.596069 228.371704
927.495056 392.401703
1238.913940 184.934952
614.679199 40.746258
322.326477 217.465378
718.903564 386.950745
610.908020 395.836639
771.863159 79.211380
1136.803589 141.062073
1186.365234 430.687653
758.154724 348.095490
877.044373 342.220398
310.416931 40.071167
305.278625 191.438171
906.872742 40.982449
925.530334 428.177704
1238.825684 453.729523
1219.508911 243.254745
1181.005127 148.967316
1128.933228 102.892044
1238.107178 119.982216
122.789062 305.351898
229.849380 357.666199
939.947815 170.450836
746.124084 318.066925
1158.681274 277.841888
308.706055 373.355072
1174.600464 312.737976
1236.427979 244.329269
733.922974 376.935486
-1.000000 -1.000000
308.662262 343.340363
765.975647 406.016541
444.569977 41.006271
1076.245117 195.815872
613.884338 380.822266
245.403717 358.077148
862.060852 343.230652
445.726288 241.737930
942.449280 390.351044
214.128128 325.877502
-1.000000 -1.000000
1187.386230 445.718140
126.088455 320.151855
943.871033 40.926384
749.992126 403.992340
1221.663818 668.397949
768.856201 106.243607
150.390503 651.913818
134.814163 281.281738
-1.000000 -1.000000
892.037537 339.224060
1211.676758 426.731262
1236.426147 259.310150
40.026524 397.987915
816.916504 239.381027
702.750366 40.556030
743.160950 348.120911
1238.912231 468.717438
796.953003 405.094360
107.845322 308.048065
1061.213257 195.845169
432.728485 226.709015
130.844116 339.588989
935.499451 375.370453
866.126953 322.306091
606.860046 247.929520
228.970078 294.284454
1221.519775 258.271484
1179.211914 412.503052
899.842041 183.418060
748.966125 389.002228
764.977173 391.035522
780.943604 408.064850
1073.664917 125.759201
625.879761 395.896393
1159.637207 327.726410
1164.184814 409.501373
917.911011 167.422638
607.906067 232.931885
180.220383 638.046082
312.660614 358.343170
239.509003 374.349854
-1.000000 -1.000000
404.587463 180.576202
1158.618652 342.728088
1144.655273 327.733734
258.992462 307.059143
-1.000000 -1.000000
1142.878540 123.035255
1236.819702 214.043457
881.029663 323.221863
940.422180 434.192230
1170.978394 164.033966
804.921997 224.386414
628.863525 379.900787
1171.259277 427.616516
1192.063477 133.011566
198.192444 328.348450
119.651390 290.447021
1206.662476 678.414917
950.485474 375.312897
178.566162 224.718994
731.097168 318.015747
834.970215 222.382248
728.106750 333.028900
811.975098 405.127991
254.788971 373.853729
40.049736 412.964264
924.540161 407.343811
293.725555 373.326599
224.200470 373.117249
122.150002 501.944733
244.039688 311.725372
718.900879 371.858887
1044.650146 165.706268
607.937683 217.931519
609.928955 410.799835
1046.166992 195.801605
1157.660645 297.799896
419.849091 443.461334
40.013172 383.021576
1206.648193 663.388367
-1.000000 -1.000000
182.973907 325.566833
1143.945801 108.011147
430.710846 241.714813
307.331665 221.416153
733.914124 422.020081
957.408691 390.297668
896.021423 324.218506
1128.061035 41.004021
419.844330 458.460632
942.447388 405.286774
258.948151 292.247253
402.588287 195.583038
1216.854614 213.770645
823.870422 41.002300
115.942184 335.977753
177.464966 193.776138
434.892792 441.501007
210.163544 651.866943
137.575302 304.779388
1165.907104 149.174622
126.894951 355.391479
887.928162 166.436264
168.303421 322.460999
594.930786 403.746765
-1.000000 -1.000000
1171.278076 442.654510
119.817680 275.847412
763.995850 376.019867
195.196045 637.026306
229.963913 325.425781
1149.150269 406.484283
648.639343 151.028107
404.824402 441.467407
891.983887 354.301514
198.625000 343.441101
140.950287 319.464386
767.713928 151.203262
-1.000000 -1.000000
434.886414 456.479736
1143.729248 278.824585
181.347443 348.466614
795.851196 420.016724
-1.000000 -1.000000
789.807312 62.235508
921.871643 40.976662
876.956238 357.248566
1113.935913 102.831360
937.976990 185.453903
-1.000000 -1.000000
324.344666 232.427216
1206.685425 441.743134
640.874878 394.943817
749.979858 419.004730
599.802124 41.010517
292.284393 206.428452
1172.621948 297.780579
186.188538 622.049561
820.815796 254.346741
419.629852 180.588531
404.817780 456.466766
776.881592 423.007721
198.318710 358.433777
773.123169 335.104706
748.966125 373.966492
1143.639771 342.734924
1112.825317 117.846931
643.841553 379.908752
1142.705322 297.778839
973.005981 163.511261
1206.617798 258.324921
135.750412 267.387451
914.910095 183.433746
595.963501 388.733002
831.923279 239.385651
177.583145 239.679825
717.798340 40.520210
718.859741 422.045807
107.184731 505.946594
1076.067871 211.756882
891.848267 40.996101
401.586273 165.516357
1129.707031 312.813660
1174.592407 327.726807
162.689621 194.728317
613.885132 365.876526
1093.558594 191.763626
344.007629 446.378723
947.567444 358.327454
1173.645996 278.794708
1047.004517 210.730774
782.039673 393.103668
249.740799 327.075409
344.990112 461.385345
1215.079590 198.906448
783.912598 106.259811
958.014893 165.516266
737.078247 303.053101
1202.212158 219.859985
797.079163 390.088470
1204.697388 243.377014
161.117813 307.792877
343.951050 476.361145
1089.640137 161.748550
1093.785522 112.789520
1193.455688 460.769287
920.663818 377.439423
861.944336 358.228027
-1.000000 -1.000000
761.774841 121.154114
418.816925 473.462372
633.610657 150.998581
177.412064 178.793442
111.946770 351.318268
932.564636 360.366302
290.278015 191.426590
628.866943 364.920319
591.901489 258.861237
-1.000000 -1.000000
1177.035278 126.971802
715.810242 62.152458
776.107849 320.107391
305.918549 475.324097
719.845581 109.069633
417.647949 195.601730
786.870361 78.240494
114.305649 520.938904
940.390625 449.227020
403.794769 471.469940
136.587357 252.641266
651.507751 165.855911
647.672180 61.890377
169.348618 292.923248
229.310043 307.458160
835.788696 254.335236
165.330368 636.983459
328.934692 446.360565
851.212158 320.370667
810.854919 420.068176
647.636169 136.015350
853.232544 294.322357
1221.687378 653.544739
176.202637 307.017090
876.854736 40.972530
896.595642 198.425125
434.852142 471.504150
318.298370 172.489258
734.780457 100.186668
100.963509 336.338440
624.899170 410.868134
906.933655 344.335449
752.079651 303.056458
766.733398 136.161545
1194.429077 415.597412
297.697449 388.395844
796.827515 435.007263
163.792831 216.612442
305.917419 460.344696
402.634125 210.630646
139.717575 237.587082
812.141357 390.104980
131.809464 370.394043
884.775024 181.405548
819.958252 209.446518
329.933380 461.371338
260.175629 358.743774
99.326492 520.970337
773.178101 350.095947
193.368347 220.737640
965.484924 375.237244
166.289536 338.044464
778.870483 437.981262
789.898315 223.346466
201.200974 621.998413
261.069275 343.674774
192.355057 192.779175
653.926697 189.894226
1209.643066 411.662689
749.807800 100.224281
320.929474 476.348969
1222.631104 178.988403
718.881836 124.049789
1186.969971 163.958206
199.163620 313.050812
801.885010 239.363998
745.783020 118.147507
1155.696411 176.090546
649.677490 80.924591
-1.000000 -1.000000
599.027771 373.660553
732.855713 40.442638
719.864380 89.088150
104.612968 292.762299
434.638062 180.573486
416.629608 165.515945
1173.552368 342.746857
313.933777 445.344849
591.922913 243.884583
962.524902 358.332886
955.376526 436.289581
471.807892 353.699097
663.672058 62.937199
1191.800781 678.444153
456.806122 352.679565
782.810181 150.217941
148.814285 217.564865
104.760963 274.083221
472.810486 338.694733
141.718613 355.314911
282.671997 358.305084
1179.183960 397.509613
632.627625 135.988663
457.810455 337.670715
1157.919800 127.109184
805.821838 254.356064
1187.463501 220.942947
137.008926 491.097626
1200.322876 204.914993
1114.573242 168.770538
1164.155884 394.485016
512.708740 347.767334
861.854492 40.978855
643.833008 364.891998
456.811096 367.702972
811.831116 435.071381
621.776306 247.827209
527.703796 347.794830
1191.766235 663.398010
497.696350 348.738617
846.855652 40.980137
973.095581 178.564011
622.807617 216.844360
504.702728 332.739746
303.300751 175.501831
417.719147 222.712418
473.823944 368.731293
895.973450 309.093048
519.708862 332.775177
120.598732 261.582397
1140.592529 177.998108
704.811340 402.060211
209.184021 375.007202
622.811951 231.830582
244.039108 282.467712
1196.032349 147.991699
199.328110 532.082275
162.579422 179.765564
868.144287 297.265320
432.660431 195.567261
512.731812 362.766205
616.053406 428.913757
776.875793 121.177193
40.103737 428.022003
-1.000000 -1.000000
957.390808 405.259949
668.790344 100.968697
731.884155 248.219681
145.234970 339.061981
208.348480 221.737579
955.372437 451.292145
738.515747 208.335495
925.511353 443.209900
-1.000000 -1.000000
193.317139 235.702911
838.444702 293.304413
497.729645 363.741150
184.425766 292.722656
804.903809 209.416306
666.663391 80.987877
527.724487 362.779480
111.940598 366.307312
651.738159 95.940277
632.671570 60.857948
703.903320 106.041672
1113.111694 41.002327
636.458923 165.834015
678.696411 63.055550
162.832367 232.589920
734.866638 85.148460
820.755249 269.292084
1197.056274 118.107155
-1.000000 -1.000000
734.001892 287.996063
171.270966 621.967407
1058.662354 139.753403
-1.000000 -1.000000
784.840088 238.304825
1221.651489 453.774048
419.920197 428.513977
847.071167 341.265625
40.009289 368.111816
730.856812 70.134064
958.115723 180.560730
187.199310 606.968750
456.794403 211.743515
737.264709 223.271805
-1.000000 -1.000000
1181.376221 235.922852
97.007378 351.251160
489.729828 333.714905
153.726349 293.103333
593.054626 228.868118
869.618530 192.352661
1207.655518 179.940918
133.765442 216.572662
214.464981 311.160950
761.703674 211.324112
705.619751 159.156143
730.848022 55.182735
767.046265 303.030212
174.432999 163.810028
273.882812 294.238220
292.324921 221.354858
1150.821777 156.327164
442.813721 337.678680
360.101837 435.384796
1156.221436 424.569183
703.945801 121.021019
1098.998291 97.763992
1129.698486 327.821442
655.697449 204.927078
687.917725 105.011932
437.710144 211.653442
906.869568 359.405762
1128.709961 275.891266
715.884521 139.081100
284.019928 328.138672
869.838257 177.397125
1116.395508 183.757996
703.842957 417.065155
737.265747 597.786987
1172.338135 457.699646
1221.682739 396.740234
1078.683716 110.771446
178.542404 209.748688
415.698364 237.683090
1158.962158 112.101509
764.736328 226.295563
759.624573 181.162079
634.681641 81.871651
722.065186 303.063995
720.830688 158.243362
744.783997 182.067337
443.672424 256.733551
147.054352 473.051758
663.484497 151.031845
745.804199 133.145172
1149.103394 391.439941
1206.678223 396.687836
765.701416 166.171310
150.965927 271.057861
853.337769 279.307251
1041.641113 318.704681
273.976013 309.151398
92.801857 308.437866
441.809326 353.685760
723.326111 207.332031
716.874268 245.176666
1133.759766 156.307541
949.751526 343.335205
827.194214 397.131470
730.841431 143.109375
304.891296 490.303711
345.101257 431.376648
749.033569 287.995728
702.484741 174.225647
681.679932 86.019028
92.209282 505.959564
1039.642212 333.680573
700.945251 136.009186
162.999191 475.111938
133.783279 678.759583
202.193634 604.983032
1236.546997 274.385895
789.872437 208.316071
1238.996094 484.071320
737.258240 582.802979
146.645035 379.378723
836.206055 319.426758
192.364655 177.795059
1024.646484 333.615051
1181.489624 260.831360
1238.884766 577.752197
436.027710 426.571838
636.694824 108.925606
835.687561 269.275024
312.649109 388.524323
728.061401 347.999084
1026.647095 318.624542
1058.671753 124.750877
769.746887 242.240051
1238.826172 592.760010
121.616890 246.614594
639.041382 181.777969
147.767365 191.594589
868.374451 207.356949
703.822388 387.040344
868.126099 282.283264
361.052246 450.406006
679.166504 178.071548
282.594574 388.346283
780.112488 378.058746
687.362366 163.090027
728.884460 268.794678
431.625244 165.516418
337.425781 213.449081
428.649353 256.705505
224.722931 389.931641
749.926575 85.176926
194.063324 436.333038
-1.000000 -1.000000
1150.577759 262.870270
214.302490 531.095032
208.311127 236.709000
1037.708496 348.568878
1031.990112 210.662216
722.021423 230.210968
744.925171 167.079330
921.799011 345.347961
784.779602 253.306427
279.182281 343.178925
1076.175293 226.788071
264.237854 323.540558
1022.721741 348.551178
977.472473 359.395203
823.679688 284.247559
911.861328 198.433365
745.869080 148.117661
1238.995361 499.181427
337.377594 198.468109
223.361862 218.760788
196.166779 590.085022
752.229370 595.811401
323.623291 373.388916
450.079895 448.601898
210.168671 636.802551
718.984985 287.988312
638.776794 203.906616
678.536560 148.075378
747.937195 40.357513
1222.705200 164.091309
1165.534546 262.836975
640.889709 410.007782
272.922180 478.313751
-1.000000 -1.000000
593.422607 213.862076
171.302689 541.140259
1033.060303 180.732162
706.230286 189.137741
150.405136 636.902771
1156.268188 439.658417
84.517921 534.154358
876.893433 372.264313
700.688232 62.123833
214.107864 296.287933
631.110657 431.914886
759.668213 196.185486
181.739975 385.726562
1011.716370 318.570160
1185.377075 205.924774
161.555344 385.323303
194.059296 421.292999
713.868835 270.843170
788.292175 357.080200
743.925598 269.783630
106.417282 535.975220
298.673615 328.325928
139.016281 447.061798
736.284119 612.769409
393.320709 134.479980
360.024200 470.400116
239.022079 461.299835
413.649811 252.658432
972.387207 390.237457
1222.668579 147.120773
688.951172 120.017395
1189.604980 312.673157
166.582504 353.415283
229.329773 530.126282
817.135254 362.178009
162.103226 490.138641
179.098953 438.201569
400.659637 225.631943
96.990921 366.182434
774.799927 187.302109
60.195614 420.802948
849.873047 225.341721
1052.668579 348.563171
846.887634 356.213043
75.371597 421.260132
621.700806 121.066818
805.788269 269.317169
862.030396 373.144470
177.586624 254.634567
389.502594 180.571976
1166.402710 238.894272
745.984314 70.174545
618.583191 159.857559
129.083099 516.991760
404.909393 426.495300
964.718140 343.357544
360.079041 420.375031
163.971832 460.161530
729.633850 188.032806
651.637390 121.031258
729.838135 173.141174
1133.991211 403.396820
881.951416 404.306396
752.226440 580.832458
344.839783 491.335907
335.368774 183.471603
329.999359 431.349274
309.349365 236.384399
867.939270 388.166504
1031.092163 195.715942
1061.142090 225.762070
851.507935 264.330536
441.814758 368.705017
746.002319 55.164257
1128.722412 342.847626
237.067078 446.299225
623.780884 201.939590
936.916321 200.458527
298.927338 445.337891
1172.364990 220.900864
594.690674 418.753204
1009.712646 333.562561
389.944885 439.453400
1127.720825 297.773163
390.404022 94.494255
57.202980 405.521362
261.920807 463.306641
85.962273 330.387085
179.268631 423.187958
75.439415 406.059326
387.522919 196.553192
203.215790 516.123169
1116.499878 198.770020
1063.705688 109.742416
646.129700 432.874420
183.047928 400.993256
891.802124 369.356445
211.157990 590.071228
1238.985718 514.067444
842.185608 396.150299
352.498047 198.519531
181.197189 591.999390
882.928772 294.097900
882.855957 389.342133
955.410828 421.325073
704.729675 91.004669
159.563232 164.768478
1159.039551 96.898140
323.650360 343.276886
121.360596 535.927734
883.005676 213.393082
910.847900 329.311646
662.592468 136.023239
498.983551 433.633728
154.806946 247.564804
403.601715 150.570587
451.135803 433.579346
375.072723 435.426453
352.517822 213.500702
135.301132 652.823303
780.768738 168.233734
761.981140 433.961121
1176.862793 678.757446
462.879791 226.733673
376.067505 454.433777
1103.817139 132.807449
239.789688 389.940277
617.661011 58.877689
624.046631 180.712845
798.913147 105.269547
679.850403 193.036148
393.433685 109.470329
327.282166 397.447876
273.892334 493.350342
172.856491 278.416687
708.207275 204.187103
1221.574341 273.391632
722.496155 597.788391
124.662262 231.599762
901.096924 405.360260
192.288620 250.678329
408.485474 135.353729
454.506195 509.437561
788.242981 342.095825
345.053772 416.384735
259.094055 277.541931
198.560883 395.972382
199.530991 299.471954
241.982941 476.319397
940.354919 464.278992
161.501373 370.338104
288.314148 175.573105
276.889130 463.304138
1207.812866 165.017395
781.783569 268.216248
721.503662 612.798279
139.160400 431.993591
164.093491 441.111511
1054.604126 333.715942
1091.418457 206.753860
734.982056 436.941742
987.980164 159.507767
660.964294 428.822418
791.857117 135.129333
254.783035 388.959076
342.004425 401.391876
156.317184 621.947571
350.502960 183.536545
1135.686646 260.890717
973.166992 193.569778
823.664551 299.210602
375.026306 470.423370
460.814758 241.741974
184.568146 364.640625
706.868347 230.043243
1151.528198 247.892914
1144.052368 92.822762
257.924072 478.335236
834.984253 207.450119
827.384460 382.024048
1134.039917 388.382416
289.872620 492.308044
187.863190 278.781952
673.925171 119.997047
737.238831 567.831848
569.789124 207.717010
562.835999 41.028603
532.845886 432.700409
319.919250 491.351532
752.227966 610.800537
607.965393 202.907028
579.783752 430.809357
703.925598 285.982574
619.658325 83.899994
600.854675 433.847198
359.940948 405.343719
1098.147217 41.000809
898.028687 213.445389
313.619293 328.360077
209.097534 432.325653
1175.815674 178.893661
577.858337 41.019264
704.543152 595.789001
1174.032715 87.762505
207.359070 193.814301
250.523849 40.011177
579.673462 399.742584
613.911011 350.879028
314.950806 430.337494
398.635406 240.524368
252.055161 446.273773
905.921753 384.434631
882.992188 279.162292
469.521454 542.423706
172.387451 606.721313
802.206909 375.024780
847.215271 371.096863
1174.046387 111.899300
450.067535 463.598663
704.541504 610.810242
867.041138 403.245697
167.795914 405.958099
273.762909 279.134949
462.505463 527.355469
797.821167 150.268723
722.510620 582.791382
223.327087 233.726639
850.789062 240.380585
73.079750 436.512665
189.346115 162.802521
405.457672 94.392120
910.792236 314.292542
1007.804382 348.519440
1120.739624 260.977509
719.861633 436.960815
123.998886 449.116943
707.008301 303.066772
616.005188 443.825165
533.902527 447.687103
218.149002 515.139343
637.855713 349.955017
57.942966 436.220520
979.624512 344.429199
1187.616821 297.752289
955.307312 466.299072
953.162354 195.555023
199.275101 265.699982
299.964478 430.336243
244.235809 530.208008
484.168152 435.606934
617.657166 145.040649
202.814072 281.649811
793.914062 449.964539
217.133179 605.951050
703.743286 431.979370
606.864014 262.811768
144.684692 176.627136
517.953918 429.653625
1106.393799 213.763870
832.172913 334.365112
418.608795 150.534805
365.425659 183.543076
980.512756 374.254395
816.762329 450.151123
385.551208 211.593445
579.633972 415.740997
911.115295 422.233276
164.415787 426.043823
216.162384 620.839966
450.080078 478.522064
359.861359 485.392120
75.560532 390.721619
135.364899 637.721436
329.927826 416.313660
747.437561 238.231155
59.408817 390.389282
408.480560 109.317772
808.694519 284.250427
278.762177 373.303192
233.187134 515.176819
499.020996 418.635315
367.420502 198.499954
752.246765 565.838989
866.179688 264.222595
716.097412 318.035309
533.885132 462.667542
-1.000000 -1.000000
439.540375 505.447845
1192.552246 189.935272
327.642487 358.370117
801.868103 77.235909
498.845367 456.691437
367.419281 213.515076
1131.241577 192.832108
1151.354248 232.910187
701.832642 244.923584
621.686829 98.916222
132.019302 472.988525
1121.462891 213.802780
123.981659 434.205475
702.537476 580.781128
232.055359 431.305145
179.201660 526.182190
1206.782715 273.424957
40.135639 443.357300
227.045944 476.320923
804.813110 62.276661
655.895569 413.819336
631.107605 446.840759
1188.651733 275.810272
229.033371 279.481537
570.703308 222.735245
454.459167 542.359558
421.397186 494.440674
988.070679 174.587128
767.222351 591.835510
178.846191 453.171143
1043.637085 150.784103
177.824615 475.136536
534.694214 332.865112
789.845276 189.371536
274.929504 432.306793
1159.029541 81.686783
952.892334 328.350037
-1.000000 -1.000000
1046.184570 225.839233
447.498444 524.297546
378.824036 492.402802
925.724365 330.298462
1189.617065 327.625336
244.040314 267.489624
304.912933 505.327759
1222.790771 132.122055
1036.531616 303.664429
1170.335693 205.885757
131.729843 385.410767
1188.563843 342.722260
258.828918 493.375763
647.130981 447.800629
789.657104 283.236664
466.230927 437.583374
637.803955 218.858292
41.084782 353.447784
141.366058 620.724609
747.306091 253.080475
474.822327 323.649170
423.475830 135.267059
1194.052246 475.776581
164.213577 505.122345
107.131424 490.991608
547.828796 432.744141
389.943268 424.461700
564.938477 436.798492
149.691101 416.897095
266.978271 448.293793
82.066849 345.196259
831.965515 363.203979
212.229111 575.151306
499.064758 403.608521
897.827148 293.984528
734.375732 627.731384
209.055008 417.289764
688.769714 416.850769
294.170624 403.342041
566.953613 451.784485
