-1.000000 -1.000000
-1.000000 -1.000000
-1.000000 -1.000000
-1.000000 -1.000000
-1.000000 -1.000000
-1.000000 -1.000000
-1.000000 -1.000000
-1.000000 -1.000000
-1.000000 -1.000000
-1.000000 -1.000000
-1.000000 -1.000000
-1.000000 -1.000000
-1.000000 -1.000000
-1.000000 -1.000000
-1.000000 -1.000000
-1.000000 -1.000000
-1.000000 -1.000000
-1.000000 -1.000000
-1.000000 -1.000000
1138.135864 177.411484
-1.000000 -1.000000
-1.000000 -1.000000
1149.638306 135.631485
-1.000000 -1.000000
-1.000000 -1.000000
-1.000000 -1.000000
-1.000000 -1.000000
-1.000000 -1.000000
-1.000000 -1.000000
-1.000000 -1.000000
-1.000000 -1.000000
-1.000000 -1.000000
741.067200 339.376038
826.468750 49.987190
-1.000000 -1.000000
350.624847 192.746124
-1.000000 -1.000000
721.679077 420.449188
-1.000000 -1.000000
-1.000000 -1.000000
-1.000000 -1.000000
-1.000000 -1.000000
483.248047 225.273544
-1.000000 -1.000000
-1.000000 -1.000000
-1.000000 -1.000000
1120.031006 162.199417
-1.000000 -1.000000
-1.000000 -1.000000
-1.000000 -1.000000
-1.000000 -1.000000
964.008728 170.049194
-1.000000 -1.000000
863.365173 213.608932
1135.217407 161.653610
-1.000000 -1.000000
-1.000000 -1.000000
-1.000000 -1.000000
348.813049 177.850525
705.518372 420.196228
1154.337402 172.851578
335.000092 196.625656
-1.000000 -1.000000
-1.000000 -1.000000
-1.000000 -1.000000
-1.000000 -1.000000
-1.000000 -1.000000
-1.000000 -1.000000
910.515137 412.902771
-1.000000 -1.000000
-1.000000 -1.000000
350.429504 207.571411
704.223694 399.310516
-1.000000 -1.000000
-1.000000 -1.000000
-1.000000 -1.000000
-1.000000 -1.000000
-1.000000 -1.000000
-1.000000 -1.000000
-1.000000 -1.000000
333.327820 181.789856
968.799255 41.428413
906.180786 450.211670
-1.000000 -1.000000
-1.000000 -1.000000
-1.000000 -1.000000
-1.000000 -1.000000
-1.000000 -1.000000
-1.000000 -1.000000
-1.000000 -1.000000
1003.504761 171.846512
741.341248 323.099121
-1.000000 -1.000000
-1.000000 -1.000000
-1.000000 -1.000000
-1.000000 -1.000000
-1.000000 -1.000000
-1.000000 -1.000000
-1.000000 -1.000000
754.133728 422.954956
479.724945 40.846992
-1.000000 -1.000000
-1.000000 -1.000000
-1.000000 -1.000000
-1.000000 -1.000000
481.215210 240.241150
924.590454 411.361145
-1.000000 -1.000000
-1.000000 -1.000000
-1.000000 -1.000000
-1.000000 -1.000000
-1.000000 -1.000000
739.086914 418.594696
-1.000000 -1.000000
-1.000000 -1.000000
-1.000000 -1.000000
220.738831 254.861710
-1.000000 -1.000000
-1.000000 -1.000000
1235.905762 462.868042
-1.000000 -1.000000
-1.000000 -1.000000
860.446716 229.762085
-1.000000 -1.000000
-1.000000 -1.000000
-1.000000 -1.000000
787.630798 422.853638
-1.000000 -1.000000
-1.000000 -1.000000
468.493103 225.169876
-1.000000 -1.000000
926.935486 391.443878
-1.000000 -1.000000
-1.000000 -1.000000
-1.000000 -1.000000
-1.000000 -1.000000
-1.000000 -1.000000
960.639221 184.830933
737.468567 403.304443
754.685547 408.826904
767.940430 425.803833
-1.000000 -1.000000
-1.000000 -1.000000
-1.000000 -1.000000
1123.196655 421.882080
-1.000000 -1.000000
583.550415 242.565079
-1.000000 -1.000000
-1.000000 -1.000000
-1.000000 -1.000000
-1.000000 -1.000000
439.922363 169.772919
-1.000000 -1.000000
-1.000000 -1.000000
-1.000000 -1.000000
-1.000000 -1.000000
-1.000000 -1.000000
-1.000000 -1.000000
-1.000000 -1.000000
918.244934 455.819489
-1.000000 -1.000000
853.333496 215.744934
-1.000000 -1.000000
1140.128540 451.211761
-1.000000 -1.000000
-1.000000 -1.000000
-1.000000 -1.000000
-1.000000 -1.000000
940.489319 393.021545
261.362091 204.844009
720.143738 320.360870
873.474854 212.773254
718.313843 335.196686
805.560364 422.726471
-1.000000 -1.000000
-1.000000 -1.000000
906.683594 430.302460
-1.000000 -1.000000
-1.000000 -1.000000
-1.000000 -1.000000
-1.000000 -1.000000
704.621887 382.198212
-1.000000 -1.000000
586.868652 227.351364
-1.000000 -1.000000
1069.760864 199.710907
-1.000000 -1.000000
375.803894 458.145660
-1.000000 -1.000000
-1.000000 -1.000000
-1.000000 -1.000000
-1.000000 -1.000000
-1.000000 -1.000000
466.329529 240.231049
335.016266 209.686966
719.999512 438.004883
937.193054 413.697571
-1.000000 -1.000000
-1.000000 -1.000000
375.436432 473.909119
921.789551 427.832703
-1.000000 -1.000000
437.963165 185.390015
-1.000000 -1.000000
878.656067 41.432686
-1.000000 -1.000000
259.459625 176.948364
390.794739 455.643097
-1.000000 -1.000000
-1.000000 -1.000000
-1.000000 -1.000000
-1.000000 -1.000000
948.696777 167.660355
-1.000000 -1.000000
-1.000000 -1.000000
-1.000000 -1.000000
1147.529297 473.447174
208.025314 252.535889
754.315552 391.182678
-1.000000 -1.000000
-1.000000 -1.000000
1104.547852 417.768829
-1.000000 -1.000000
361.200348 454.884338
-1.000000 -1.000000
-1.000000 -1.000000
-1.000000 -1.000000
-1.000000 -1.000000
-1.000000 -1.000000
390.313568 472.064545
-1.000000 -1.000000
-1.000000 -1.000000
781.234009 435.242462
-1.000000 -1.000000
841.559326 50.040581
-1.000000 -1.000000
-1.000000 -1.000000
-1.000000 -1.000000
-1.000000 -1.000000
-1.000000 -1.000000
351.627472 223.351791
1229.339355 478.764130
-1.000000 -1.000000
738.138000 435.008667
-1.000000 -1.000000
319.990570 196.058014
-1.000000 -1.000000
-1.000000 -1.000000
-1.000000 -1.000000
454.353058 169.547958
360.019897 471.923096
759.277832 439.845978
-1.000000 -1.000000
-1.000000 -1.000000
735.897827 384.787933
-1.000000 -1.000000
-1.000000 -1.000000
618.284241 388.794678
-1.000000 -1.000000
1039.183716 164.877289
-1.000000 -1.000000
221.338699 246.386200
975.977356 185.090851
-1.000000 -1.000000
871.002075 229.274765
-1.000000 -1.000000
-1.000000 -1.000000
703.207947 437.720947
-1.000000 -1.000000
-1.000000 -1.000000
953.928345 41.732292
436.963501 153.781647
-1.000000 -1.000000
-1.000000 -1.000000
-1.000000 -1.000000
-1.000000 -1.000000
1154.810913 188.286743
-1.000000 -1.000000
946.286133 372.621948
-1.000000 -1.000000
1069.909912 212.910172
775.506042 411.108917
-1.000000 -1.000000
-1.000000 -1.000000
-1.000000 -1.000000
835.208191 95.569778
1024.322266 167.230804
725.863586 311.988098
-1.000000 -1.000000
798.132812 406.065491
-1.000000 -1.000000
-1.000000 -1.000000
-1.000000 -1.000000
1150.297241 157.503571
-1.000000 -1.000000
-1.000000 -1.000000
912.553467 393.947052
-1.000000 -1.000000
-1.000000 -1.000000
-1.000000 -1.000000
372.971161 490.149200
-1.000000 -1.000000
259.299438 162.078186
-1.000000 -1.000000
930.951172 373.800232
318.283813 182.340134
-1.000000 -1.000000
-1.000000 -1.000000
-1.000000 -1.000000
-1.000000 -1.000000
-1.000000 -1.000000
-1.000000 -1.000000
-1.000000 -1.000000
-1.000000 -1.000000
452.348358 185.191360
838.348145 66.617279
-1.000000 -1.000000
917.513184 471.208008
357.791290 487.921173
222.480988 233.448212
-1.000000 -1.000000
-1.000000 -1.000000
-1.000000 -1.000000
-1.000000 -1.000000
-1.000000 -1.000000
-1.000000 -1.000000
-1.000000 -1.000000
-1.000000 -1.000000
797.870422 435.013336
687.787781 126.802589
-1.000000 -1.000000
-1.000000 -1.000000
-1.000000 -1.000000
938.513367 40.991970
954.560974 199.617737
389.360748 488.165558
347.495544 163.236038
-1.000000 -1.000000
-1.000000 -1.000000
-1.000000 -1.000000
-1.000000 -1.000000
745.681580 307.892609
-1.000000 -1.000000
-1.000000 -1.000000
-1.000000 -1.000000
774.704712 450.612823
-1.000000 -1.000000
-1.000000 -1.000000
-1.000000 -1.000000
227.562119 217.791260
814.347534 406.008484
-1.000000 -1.000000
941.895386 181.334732
865.350525 196.699036
-1.000000 -1.000000
-1.000000 -1.000000
-1.000000 -1.000000
780.271118 358.108856
274.370636 199.993240
952.013550 397.314453
-1.000000 -1.000000
-1.000000 -1.000000
840.479614 216.532242
-1.000000 -1.000000
-1.000000 -1.000000
272.421570 175.285141
-1.000000 -1.000000
-1.000000 -1.000000
-1.000000 -1.000000
-1.000000 -1.000000
-1.000000 -1.000000
766.399292 114.082970
-1.000000 -1.000000
-1.000000 -1.000000
850.214172 231.848984
-1.000000 -1.000000
-1.000000 -1.000000
-1.000000 -1.000000
-1.000000 -1.000000
-1.000000 -1.000000
-1.000000 -1.000000
-1.000000 -1.000000
-1.000000 -1.000000
469.129944 169.545151
451.405701 154.137772
-1.000000 -1.000000
-1.000000 -1.000000
-1.000000 -1.000000
960.502197 375.148590
-1.000000 -1.000000
431.630157 363.437408
-1.000000 -1.000000
-1.000000 -1.000000
416.596802 362.341095
833.754028 141.037842
-1.000000 -1.000000
195.449219 251.640228
432.650085 348.431671
-1.000000 -1.000000
-1.000000 -1.000000
-1.000000 -1.000000
672.461365 126.748337
417.613190 347.313751
-1.000000 -1.000000
-1.000000 -1.000000
-1.000000 -1.000000
-1.000000 -1.000000
-1.000000 -1.000000
-1.000000 -1.000000
-1.000000 -1.000000
477.174377 357.301666
918.141785 40.188911
-1.000000 -1.000000
416.703339 377.592529
791.428101 449.494141
-1.000000 -1.000000
492.126770 357.435913
-1.000000 -1.000000
462.132629 358.176270
902.215881 40.490788
1039.371704 180.438904
599.624146 228.155670
469.148743 342.151855
332.444244 167.961639
453.440155 219.260101
433.832764 378.857849
-1.000000 -1.000000
484.151703 342.326996
207.368774 242.165436
-1.000000 -1.000000
688.228577 416.114990
-1.000000 -1.000000
597.276917 243.275513
-1.000000 -1.000000
-1.000000 -1.000000
-1.000000 -1.000000
246.759613 162.662125
-1.000000 -1.000000
467.173523 184.788132
477.108246 372.449432
591.236694 446.803864
827.966125 111.355774
-1.000000 -1.000000
-1.000000 -1.000000
934.958313 429.413269
-1.000000 -1.000000
-1.000000 -1.000000
-1.000000 -1.000000
288.395599 200.099213
-1.000000 -1.000000
-1.000000 -1.000000
905.623779 465.472412
-1.000000 -1.000000
274.790710 214.892746
-1.000000 -1.000000
462.064514 373.348236
-1.000000 -1.000000
853.928589 199.766861
-1.000000 -1.000000
492.019196 372.594147
-1.000000 -1.000000
-1.000000 -1.000000
-1.000000 -1.000000
750.011108 95.597534
-1.000000 -1.000000
667.591309 155.701584
-1.000000 -1.000000
-1.000000 -1.000000
-1.000000 -1.000000
-1.000000 -1.000000
-1.000000 -1.000000
-1.000000 -1.000000
717.935059 295.868073
-1.000000 -1.000000
-1.000000 -1.000000
-1.000000 -1.000000
834.083374 232.243469
-1.000000 -1.000000
377.470581 441.298218
-1.000000 -1.000000
-1.000000 -1.000000
-1.000000 -1.000000
1024.485474 182.471436
-1.000000 -1.000000
492.003174 210.092300
-1.000000 -1.000000
-1.000000 -1.000000
-1.000000 -1.000000
-1.000000 -1.000000
453.605042 343.053131
-1.000000 -1.000000
-1.000000 -1.000000
-1.000000 -1.000000
-1.000000 -1.000000
-1.000000 -1.000000
-1.000000 -1.000000
-1.000000 -1.000000
-1.000000 -1.000000
-1.000000 -1.000000
776.296082 307.164459
256.997162 147.077179
-1.000000 -1.000000
320.529785 204.436462
-1.000000 -1.000000
402.703552 347.267975
-1.000000 -1.000000
1120.209595 443.125244
750.173706 111.075012
-1.000000 -1.000000
-1.000000 -1.000000
-1.000000 -1.000000
733.315857 94.363342
472.162903 202.527557
-1.000000 -1.000000
-1.000000 -1.000000
762.347168 129.650406
-1.000000 -1.000000
-1.000000 -1.000000
-1.000000 -1.000000
687.222961 432.210052
724.333679 622.624878
1152.664551 491.244904
-1.000000 -1.000000
-1.000000 -1.000000
260.755829 190.726059
451.412598 236.001160
-1.000000 -1.000000
-1.000000 -1.000000
-1.000000 -1.000000
-1.000000 -1.000000
706.202087 312.030396
-1.000000 -1.000000
-1.000000 -1.000000
479.238647 255.198822
-1.000000 -1.000000
695.283691 142.805130
-1.000000 -1.000000
1098.041382 399.991486
-1.000000 -1.000000
-1.000000 -1.000000
228.342590 250.745010
-1.000000 -1.000000
1057.902954 332.480499
-1.000000 -1.000000
-1.000000 -1.000000
401.750397 363.266174
-1.000000 -1.000000
719.023499 242.374390
-1.000000 -1.000000
-1.000000 -1.000000
826.820984 414.802582
-1.000000 -1.000000
-1.000000 -1.000000
-1.000000 -1.000000
731.895630 293.391083
-1.000000 -1.000000
-1.000000 -1.000000
-1.000000 -1.000000
1053.961670 348.134003
746.229248 126.340797
-1.000000 -1.000000
-1.000000 -1.000000
-1.000000 -1.000000
-1.000000 -1.000000
840.553284 201.510330
-1.000000 -1.000000
724.072083 607.765320
-1.000000 -1.000000
-1.000000 -1.000000
272.696686 160.378204
1038.894531 348.208282
-1.000000 -1.000000
-1.000000 -1.000000
394.671112 440.250946
-1.000000 -1.000000
-1.000000 -1.000000
-1.000000 -1.000000
-1.000000 -1.000000
1042.628418 332.606689
-1.000000 -1.000000
-1.000000 -1.000000
-1.000000 -1.000000
209.320358 227.174149
-1.000000 -1.000000
233.055588 173.519989
897.821716 205.788330
686.992920 400.877411
-1.000000 -1.000000
-1.000000 -1.000000
691.245056 177.428299
-1.000000 -1.000000
789.484863 388.124268
-1.000000 -1.000000
719.561096 271.265320
466.218781 154.766174
-1.000000 -1.000000
464.277893 255.181564
-1.000000 -1.000000
-1.000000 -1.000000
-1.000000 -1.000000
-1.000000 -1.000000
-1.000000 -1.000000
-1.000000 -1.000000
289.155853 215.310104
1048.483276 367.261169
-1.000000 -1.000000
-1.000000 -1.000000
-1.000000 -1.000000
-1.000000 -1.000000
-1.000000 -1.000000
-1.000000 -1.000000
1134.430176 225.918076
-1.000000 -1.000000
1031.631958 367.648468
-1.000000 -1.000000
-1.000000 -1.000000
973.053467 200.035156
792.435425 138.962570
-1.000000 -1.000000
-1.000000 -1.000000
299.029694 194.373352
-1.000000 -1.000000
737.253479 621.488098
-1.000000 -1.000000
-1.000000 -1.000000
-1.000000 -1.000000
701.881226 297.495422
615.337341 210.403030
-1.000000 -1.000000
-1.000000 -1.000000
-1.000000 -1.000000
-1.000000 -1.000000
-1.000000 -1.000000
-1.000000 -1.000000
-1.000000 -1.000000
581.054932 220.799149
-1.000000 -1.000000
1051.755737 184.591537
-1.000000 -1.000000
-1.000000 -1.000000
-1.000000 -1.000000
-1.000000 -1.000000
880.253296 383.109283
-1.000000 -1.000000
-1.000000 -1.000000
606.973267 451.509399
-1.000000 -1.000000
-1.000000 -1.000000
1028.445435 332.636017
-1.000000 -1.000000
-1.000000 -1.000000
-1.000000 -1.000000
699.584412 278.741486
808.260193 364.908600
-1.000000 -1.000000
-1.000000 -1.000000
-1.000000 -1.000000
-1.000000 -1.000000
724.037476 636.807434
429.669189 121.591820
-1.000000 -1.000000
-1.000000 -1.000000
449.180634 250.948334
-1.000000 -1.000000
-1.000000 -1.000000
734.784180 110.247078
-1.000000 -1.000000
-1.000000 -1.000000
-1.000000 -1.000000
836.102722 369.677521
-1.000000 -1.000000
-1.000000 -1.000000
-1.000000 -1.000000
-1.000000 -1.000000
-1.000000 -1.000000
-1.000000 -1.000000
882.353882 218.258850
-1.000000 -1.000000
-1.000000 -1.000000
-1.000000 -1.000000
662.108582 111.445282
-1.000000 -1.000000
866.448792 382.658295
-1.000000 -1.000000
-1.000000 -1.000000
-1.000000 -1.000000
-1.000000 -1.000000
654.057312 147.616287
-1.000000 -1.000000
363.546631 438.213409
974.593872 358.485077
-1.000000 -1.000000
-1.000000 -1.000000
-1.000000 -1.000000
-1.000000 -1.000000
-1.000000 -1.000000
-1.000000 -1.000000
894.065857 422.264984
736.639526 606.597900
-1.000000 -1.000000
-1.000000 -1.000000
-1.000000 -1.000000
336.621826 219.182816
876.551514 397.226410
1049.397949 199.175934
1114.504395 227.106934
-1.000000 -1.000000
401.858215 378.499786
-1.000000 -1.000000
-1.000000 -1.000000
-1.000000 -1.000000
602.910400 209.920792
-1.000000 -1.000000
-1.000000 -1.000000
-1.000000 -1.000000
566.830444 432.458496
1024.015137 348.097321
348.156006 451.411407
-1.000000 -1.000000
-1.000000 -1.000000
138.629425 374.767700
-1.000000 -1.000000
-1.000000 -1.000000
-1.000000 -1.000000
150.109650 379.061859
-1.000000 -1.000000
-1.000000 -1.000000
-1.000000 -1.000000
-1.000000 -1.000000
622.084656 451.881226
-1.000000 -1.000000
-1.000000 -1.000000
-1.000000 -1.000000
-1.000000 -1.000000
847.539734 413.062775
392.665619 188.050705
-1.000000 -1.000000
-1.000000 -1.000000
-1.000000 -1.000000
-1.000000 -1.000000
-1.000000 -1.000000
243.803497 147.524536
-1.000000 -1.000000
-1.000000 -1.000000
-1.000000 -1.000000
900.616882 213.252502
-1.000000 -1.000000
-1.000000 -1.000000
-1.000000 -1.000000
237.785980 228.712967
438.102692 137.093460
-1.000000 -1.000000
335.647552 446.115662
392.525604 202.814651
-1.000000 -1.000000
831.525696 159.878342
-1.000000 -1.000000
-1.000000 -1.000000
498.082001 225.270691
-1.000000 -1.000000
-1.000000 -1.000000
-1.000000 -1.000000
657.982483 47.565666
616.615662 180.749161
850.275696 94.617874
674.617493 192.806717
428.362030 97.234131
-1.000000 -1.000000
-1.000000 -1.000000
232.999115 253.550278
-1.000000 -1.000000
-1.000000 -1.000000
713.783386 621.921204
213.377975 211.547867
902.415283 423.196503
274.586823 230.115067
443.194305 122.979675
-1.000000 -1.000000
-1.000000 -1.000000
305.889893 427.753418
-1.000000 -1.000000
-1.000000 -1.000000
-1.000000 -1.000000
-1.000000 -1.000000
-1.000000 -1.000000
-1.000000 -1.000000
317.704895 170.351089
-1.000000 -1.000000
-1.000000 -1.000000
-1.000000 -1.000000
713.257263 636.617249
-1.000000 -1.000000
-1.000000 -1.000000
-1.000000 -1.000000
1153.747559 203.369919
725.591553 453.556976
1054.793335 159.909683
-1.000000 -1.000000
842.977173 125.495255
-1.000000 -1.000000
-1.000000 -1.000000
-1.000000 -1.000000
390.927368 172.825760
-1.000000 -1.000000
1039.356323 195.441193
-1.000000 -1.000000
-1.000000 -1.000000
496.107208 240.275085
-1.000000 -1.000000
706.413757 232.047058
-1.000000 -1.000000
1178.513428 94.259781
-1.000000 -1.000000
874.957214 199.941299
844.629150 389.335175
-1.000000 -1.000000
-1.000000 -1.000000
-1.000000 -1.000000
-1.000000 -1.000000
-1.000000 -1.000000
574.315002 210.946777
604.517151 40.985664
-1.000000 -1.000000
-1.000000 -1.000000
737.611145 635.831482
589.716064 211.671112
-1.000000 -1.000000
688.647949 295.391388
-1.000000 -1.000000
576.816406 450.471710
-1.000000 -1.000000
-1.000000 -1.000000
-1.000000 -1.000000
-1.000000 -1.000000
-1.000000 -1.000000
-1.000000 -1.000000
619.608704 40.917969
698.211731 619.154419
-1.000000 -1.000000
286.740051 175.447174
-1.000000 -1.000000
-1.000000 -1.000000
-1.000000 -1.000000
-1.000000 -1.000000
-1.000000 -1.000000
-1.000000 -1.000000
904.630127 400.478638
-1.000000 -1.000000
-1.000000 -1.000000
-1.000000 -1.000000
824.101013 379.829987
856.032410 379.830719
-1.000000 -1.000000
-1.000000 -1.000000
698.156555 634.325073
882.411255 426.014252
-1.000000 -1.000000
-1.000000 -1.000000
-1.000000 -1.000000
848.793274 141.576370
713.787415 606.864380
299.153687 209.344742
883.091187 233.246490
-1.000000 -1.000000
270.375702 145.676208
439.793854 83.052711
-1.000000 -1.000000
-1.000000 -1.000000
-1.000000 -1.000000
705.865112 454.375519
-1.000000 -1.000000
689.016418 311.525787
591.522461 461.898560
-1.000000 -1.000000
-1.000000 -1.000000
-1.000000 -1.000000
-1.000000 -1.000000
990.748108 360.603577
-1.000000 -1.000000
-1.000000 -1.000000
1019.486694 197.462448
-1.000000 -1.000000
271.261261 441.155212
-1.000000 -1.000000
-1.000000 -1.000000
-1.000000 -1.000000
-1.000000 -1.000000
774.365234 465.925598
-1.000000 -1.000000
687.411804 449.024933
-1.000000 -1.000000
229.693130 158.669098
-1.000000 -1.000000
-1.000000 -1.000000
-1.000000 -1.000000
452.736298 137.238297
406.612854 172.749054
-1.000000 -1.000000
797.531006 466.414764
-1.000000 -1.000000
-1.000000 -1.000000
903.102295 444.827759
-1.000000 -1.000000
-1.000000 -1.000000
-1.000000 -1.000000
-1.000000 -1.000000
151.094437 363.320038
-1.000000 -1.000000
292.354614 427.464752
-1.000000 -1.000000
-1.000000 -1.000000
442.779144 98.357903
-1.000000 -1.000000
-1.000000 -1.000000
-1.000000 -1.000000
-1.000000 -1.000000
407.965973 188.314758
-1.000000 -1.000000
-1.000000 -1.000000
698.787842 322.171143
-1.000000 -1.000000
-1.000000 -1.000000
-1.000000 -1.000000
-1.000000 -1.000000
-1.000000 -1.000000
853.381409 65.784828
-1.000000 -1.000000
-1.000000 -1.000000
-1.000000 -1.000000
-1.000000 -1.000000
694.513611 244.372696
662.260132 88.980751
-1.000000 -1.000000
1184.304810 211.021530
-1.000000 -1.000000
697.045898 603.435364
-1.000000 -1.000000
-1.000000 -1.000000
-1.000000 -1.000000
-1.000000 -1.000000
-1.000000 -1.000000
856.561218 50.249256
629.732483 430.058044
609.170410 466.045380
-1.000000 -1.000000
-1.000000 -1.000000
-1.000000 -1.000000
-1.000000 -1.000000
-1.000000 -1.000000
1050.018433 176.635330
752.393738 621.191711
-1.000000 -1.000000
-1.000000 -1.000000
-1.000000 -1.000000
-1.000000 -1.000000
840.565735 181.556564
-1.000000 -1.000000
-1.000000 -1.000000
-1.000000 -1.000000
-1.000000 -1.000000
1099.421387 229.492783
-1.000000 -1.000000
-1.000000 -1.000000
-1.000000 -1.000000
-1.000000 -1.000000
299.399719 226.586609
-1.000000 -1.000000
-1.000000 -1.000000
1057.979614 318.754425
-1.000000 -1.000000
208.355804 356.138000
-1.000000 -1.000000
-1.000000 -1.000000
624.816162 467.183289
-1.000000 -1.000000
-1.000000 -1.000000
-1.000000 -1.000000
-1.000000 -1.000000
-1.000000 -1.000000
-1.000000 -1.000000
434.924194 332.810272
457.861542 122.984322
-1.000000 -1.000000
-1.000000 -1.000000
-1.000000 -1.000000
-1.000000 -1.000000
351.963684 435.635498
-1.000000 -1.000000
-1.000000 -1.000000
-1.000000 -1.000000
173.695862 314.442749
849.004578 371.152649
-1.000000 -1.000000
-1.000000 -1.000000
-1.000000 -1.000000
723.767395 650.686829
-1.000000 -1.000000
670.423462 434.777008
-1.000000 -1.000000
-1.000000 -1.000000
