-1.000000 -1.000000
-1.000000 -1.000000
-1.000000 -1.000000
-1.000000 -1.000000
-1.000000 -1.000000
-1.000000 -1.000000
-1.000000 -1.000000
-1.000000 -1.000000
-1.000000 -1.000000
-1.000000 -1.000000
-1.000000 -1.000000
-1.000000 -1.000000
-1.000000 -1.000000
-1.000000 -1.000000
-1.000000 -1.000000
-1.000000 -1.000000
-1.000000 -1.000000
-1.000000 -1.000000
-1.000000 -1.000000
1020.293945 226.227600
-1.000000 -1.000000
-1.000000 -1.000000
1030.976929 184.213058
-1.000000 -1.000000
-1.000000 -1.000000
-1.000000 -1.000000
-1.000000 -1.000000
-1.000000 -1.000000
-1.000000 -1.000000
-1.000000 -1.000000
-1.000000 -1.000000
-1.000000 -1.000000
-1.000000 -1.000000
733.960938 103.532074
-1.000000 -1.000000
339.034424 229.641556
-1.000000 -1.000000
536.360413 470.114532
-1.000000 -1.000000
-1.000000 -1.000000
-1.000000 -1.000000
-1.000000 -1.000000
380.695831 258.826019
-1.000000 -1.000000
-1.000000 -1.000000
-1.000000 -1.000000
1002.111389 211.571686
-1.000000 -1.000000
-1.000000 -1.000000
-1.000000 -1.000000
-1.000000 -1.000000
876.282410 223.256195
-1.000000 -1.000000
763.880554 252.721664
1017.121216 211.004303
-1.000000 -1.000000
-1.000000 -1.000000
-1.000000 -1.000000
337.726044 216.203888
519.841248 470.021606
1035.890869 221.939301
-1.000000 -1.000000
-1.000000 -1.000000
-1.000000 -1.000000
-1.000000 -1.000000
-1.000000 -1.000000
-1.000000 -1.000000
-1.000000 -1.000000
672.189209 457.401703
-1.000000 -1.000000
-1.000000 -1.000000
337.877930 243.865524
519.701050 447.988800
-1.000000 -1.000000
-1.000000 -1.000000
-1.000000 -1.000000
-1.000000 -1.000000
-1.000000 -1.000000
-1.000000 -1.000000
-1.000000 -1.000000
-1.000000 -1.000000
879.714600 66.422432
661.994263 481.808014
-1.000000 -1.000000
-1.000000 -1.000000
-1.000000 -1.000000
-1.000000 -1.000000
-1.000000 -1.000000
-1.000000 -1.000000
-1.000000 -1.000000
917.351868 223.574875
-1.000000 -1.000000
-1.000000 -1.000000
-1.000000 -1.000000
-1.000000 -1.000000
-1.000000 -1.000000
-1.000000 -1.000000
-1.000000 -1.000000
-1.000000 -1.000000
564.131897 471.979797
376.154266 41.055302
-1.000000 -1.000000
-1.000000 -1.000000
-1.000000 -1.000000
-1.000000 -1.000000
377.183167 272.822662
683.430664 454.626617
-1.000000 -1.000000
-1.000000 -1.000000
-1.000000 -1.000000
-1.000000 -1.000000
-1.000000 -1.000000
552.350281 467.459869
-1.000000 -1.000000
-1.000000 -1.000000
-1.000000 -1.000000
-1.000000 -1.000000
-1.000000 -1.000000
-1.000000 -1.000000
995.176819 504.161469
-1.000000 -1.000000
-1.000000 -1.000000
753.246216 263.532135
-1.000000 -1.000000
-1.000000 -1.000000
-1.000000 -1.000000
597.348938 475.001862
-1.000000 -1.000000
-1.000000 -1.000000
372.231964 260.129303
-1.000000 -1.000000
708.627930 439.054596
-1.000000 -1.000000
-1.000000 -1.000000
-1.000000 -1.000000
-1.000000 -1.000000
-1.000000 -1.000000
870.505005 242.500183
553.383850 450.744537
568.206848 457.297546
573.080505 476.447205
-1.000000 -1.000000
-1.000000 -1.000000
-1.000000 -1.000000
864.536011 467.416565
-1.000000 -1.000000
387.469666 276.863556
-1.000000 -1.000000
-1.000000 -1.000000
-1.000000 -1.000000
-1.000000 -1.000000
347.015289 215.006805
-1.000000 -1.000000
-1.000000 -1.000000
-1.000000 -1.000000
-1.000000 -1.000000
-1.000000 -1.000000
-1.000000 -1.000000
-1.000000 -1.000000
672.283997 486.910919
-1.000000 -1.000000
755.062439 247.379761
-1.000000 -1.000000
857.568298 488.104584
-1.000000 -1.000000
-1.000000 -1.000000
-1.000000 -1.000000
-1.000000 -1.000000
727.583130 439.747101
239.900848 244.310257
530.154297 374.753723
771.688171 257.221649
526.337280 389.759949
646.390076 478.906921
-1.000000 -1.000000
-1.000000 -1.000000
665.056396 469.809265
-1.000000 -1.000000
-1.000000 -1.000000
-1.000000 -1.000000
-1.000000 -1.000000
521.573792 427.753082
-1.000000 -1.000000
392.222961 269.163788
-1.000000 -1.000000
960.272888 248.954071
-1.000000 -1.000000
173.587067 513.698242
-1.000000 -1.000000
-1.000000 -1.000000
-1.000000 -1.000000
-1.000000 -1.000000
-1.000000 -1.000000
371.773346 278.572906
338.136414 232.490112
533.787292 485.866455
690.197144 456.340881
-1.000000 -1.000000
-1.000000 -1.000000
171.668488 529.135315
677.747131 467.140350
-1.000000 -1.000000
346.709625 233.177902
-1.000000 -1.000000
-1.000000 -1.000000
-1.000000 -1.000000
220.515152 231.018295
-1.000000 -1.000000
-1.000000 -1.000000
-1.000000 -1.000000
-1.000000 -1.000000
-1.000000 -1.000000
864.153076 219.623108
-1.000000 -1.000000
-1.000000 -1.000000
-1.000000 -1.000000
843.830200 495.514252
-1.000000 -1.000000
570.842468 436.682373
-1.000000 -1.000000
-1.000000 -1.000000
848.239624 469.803711
-1.000000 -1.000000
157.671295 511.415863
-1.000000 -1.000000
-1.000000 -1.000000
-1.000000 -1.000000
-1.000000 -1.000000
-1.000000 -1.000000
-1.000000 -1.000000
-1.000000 -1.000000
-1.000000 -1.000000
584.234924 485.447083
-1.000000 -1.000000
749.277527 103.327187
-1.000000 -1.000000
-1.000000 -1.000000
-1.000000 -1.000000
-1.000000 -1.000000
-1.000000 -1.000000
-1.000000 -1.000000
984.884888 520.366943
-1.000000 -1.000000
550.064880 483.087189
-1.000000 -1.000000
-1.000000 -1.000000
-1.000000 -1.000000
-1.000000 -1.000000
-1.000000 -1.000000
359.470551 218.197937
155.157562 527.281494
561.929871 490.702454
-1.000000 -1.000000
-1.000000 -1.000000
555.390503 432.096466
-1.000000 -1.000000
-1.000000 -1.000000
-1.000000 -1.000000
-1.000000 -1.000000
957.606445 217.560562
-1.000000 -1.000000
-1.000000 -1.000000
882.882507 243.111801
-1.000000 -1.000000
762.362915 267.265381
-1.000000 -1.000000
-1.000000 -1.000000
516.974060 485.778229
-1.000000 -1.000000
-1.000000 -1.000000
-1.000000 -1.000000
341.776031 190.136719
-1.000000 -1.000000
-1.000000 -1.000000
-1.000000 -1.000000
-1.000000 -1.000000
1035.452637 236.289932
-1.000000 -1.000000
-1.000000 -1.000000
-1.000000 -1.000000
937.180237 258.001251
583.208069 462.870453
-1.000000 -1.000000
-1.000000 -1.000000
-1.000000 -1.000000
743.620361 146.116196
943.921814 222.479462
539.810242 368.895294
-1.000000 -1.000000
643.804565 452.940643
-1.000000 -1.000000
-1.000000 -1.000000
-1.000000 -1.000000
1031.953735 206.713638
-1.000000 -1.000000
-1.000000 -1.000000
-1.000000 -1.000000
-1.000000 -1.000000
-1.000000 -1.000000
-1.000000 -1.000000
168.776184 544.068115
-1.000000 -1.000000
-1.000000 -1.000000
-1.000000 -1.000000
-1.000000 -1.000000
-1.000000 -1.000000
-1.000000 -1.000000
-1.000000 -1.000000
-1.000000 -1.000000
-1.000000 -1.000000
-1.000000 -1.000000
-1.000000 -1.000000
-1.000000 -1.000000
-1.000000 -1.000000
358.653625 233.520065
746.576782 119.507469
-1.000000 -1.000000
670.317688 501.703735
152.740280 542.714294
-1.000000 -1.000000
-1.000000 -1.000000
-1.000000 -1.000000
-1.000000 -1.000000
-1.000000 -1.000000
-1.000000 -1.000000
-1.000000 -1.000000
-1.000000 -1.000000
-1.000000 -1.000000
630.959106 491.219391
589.297852 177.338974
-1.000000 -1.000000
-1.000000 -1.000000
-1.000000 -1.000000
-1.000000 -1.000000
861.036011 258.099823
187.551239 540.888123
336.171997 202.741577
-1.000000 -1.000000
-1.000000 -1.000000
-1.000000 -1.000000
-1.000000 -1.000000
-1.000000 -1.000000
-1.000000 -1.000000
-1.000000 -1.000000
-1.000000 -1.000000
573.529846 501.094208
-1.000000 -1.000000
-1.000000 -1.000000
-1.000000 -1.000000
-1.000000 -1.000000
649.071960 459.576447
-1.000000 -1.000000
856.839233 240.346405
769.248352 240.858597
-1.000000 -1.000000
-1.000000 -1.000000
-1.000000 -1.000000
618.169739 405.353455
237.109467 236.668732
731.892517 446.244537
-1.000000 -1.000000
-1.000000 -1.000000
-1.000000 -1.000000
-1.000000 -1.000000
-1.000000 -1.000000
-1.000000 -1.000000
-1.000000 -1.000000
-1.000000 -1.000000
-1.000000 -1.000000
-1.000000 -1.000000
-1.000000 -1.000000
-1.000000 -1.000000
-1.000000 -1.000000
-1.000000 -1.000000
745.330078 261.908234
-1.000000 -1.000000
-1.000000 -1.000000
-1.000000 -1.000000
-1.000000 -1.000000
-1.000000 -1.000000
-1.000000 -1.000000
-1.000000 -1.000000
-1.000000 -1.000000
372.615875 218.525970
-1.000000 -1.000000
-1.000000 -1.000000
-1.000000 -1.000000
-1.000000 -1.000000
765.003235 428.459167
-1.000000 -1.000000
235.500504 422.031830
-1.000000 -1.000000
-1.000000 -1.000000
220.583420 421.011230
743.313965 189.970062
-1.000000 -1.000000
-1.000000 -1.000000
236.461136 407.153717
-1.000000 -1.000000
-1.000000 -1.000000
-1.000000 -1.000000
572.977722 176.785416
-1.000000 -1.000000
-1.000000 -1.000000
-1.000000 -1.000000
-1.000000 -1.000000
-1.000000 -1.000000
-1.000000 -1.000000
-1.000000 -1.000000
-1.000000 -1.000000
276.544556 416.045868
-1.000000 -1.000000
-1.000000 -1.000000
220.474701 435.740601
592.729858 500.620361
-1.000000 -1.000000
291.628387 415.841095
-1.000000 -1.000000
261.685242 417.027100
-1.000000 -1.000000
955.148254 236.266617
400.647949 273.772491
268.619537 401.255310
-1.000000 -1.000000
363.650818 262.964478
237.364182 436.571655
-1.000000 -1.000000
283.623657 401.238831
-1.000000 -1.000000
-1.000000 -1.000000
502.490875 465.840515
-1.000000 -1.000000
-1.000000 -1.000000
-1.000000 -1.000000
-1.000000 -1.000000
-1.000000 -1.000000
201.801208 210.656586
-1.000000 -1.000000
370.541901 229.605499
276.687134 430.891785
398.648895 495.485931
736.597778 161.326553
-1.000000 -1.000000
-1.000000 -1.000000
687.184265 469.886261
-1.000000 -1.000000
-1.000000 -1.000000
-1.000000 -1.000000
-1.000000 -1.000000
-1.000000 -1.000000
-1.000000 -1.000000
660.135010 495.341980
-1.000000 -1.000000
-1.000000 -1.000000
-1.000000 -1.000000
261.780945 431.864960
-1.000000 -1.000000
-1.000000 -1.000000
-1.000000 -1.000000
291.663727 430.692291
-1.000000 -1.000000
-1.000000 -1.000000
-1.000000 -1.000000
649.766907 147.885803
-1.000000 -1.000000
554.449219 228.744965
-1.000000 -1.000000
-1.000000 -1.000000
-1.000000 -1.000000
-1.000000 -1.000000
-1.000000 -1.000000
-1.000000 -1.000000
534.554443 360.344299
-1.000000 -1.000000
-1.000000 -1.000000
-1.000000 -1.000000
729.297668 263.945770
-1.000000 -1.000000
182.600128 497.757843
-1.000000 -1.000000
-1.000000 -1.000000
-1.000000 -1.000000
943.098694 237.813751
-1.000000 -1.000000
388.593414 227.330978
-1.000000 -1.000000
-1.000000 -1.000000
-1.000000 -1.000000
-1.000000 -1.000000
253.704529 402.163361
-1.000000 -1.000000
-1.000000 -1.000000
-1.000000 -1.000000
-1.000000 -1.000000
-1.000000 -1.000000
-1.000000 -1.000000
-1.000000 -1.000000
-1.000000 -1.000000
-1.000000 -1.000000
615.164429 365.673462
-1.000000 -1.000000
-1.000000 -1.000000
-1.000000 -1.000000
-1.000000 -1.000000
-1.000000 -1.000000
-1.000000 -1.000000
840.278870 488.681549
649.568665 162.768219
-1.000000 -1.000000
-1.000000 -1.000000
-1.000000 -1.000000
631.992615 148.548508
373.621307 236.148483
-1.000000 -1.000000
-1.000000 -1.000000
664.242493 179.729187
-1.000000 -1.000000
-1.000000 -1.000000
-1.000000 -1.000000
501.041504 480.912872
584.358704 658.950439
843.923035 513.437561
-1.000000 -1.000000
-1.000000 -1.000000
231.743622 232.429810
366.689758 284.997894
-1.000000 -1.000000
-1.000000 -1.000000
-1.000000 -1.000000
-1.000000 -1.000000
516.782104 371.601318
-1.000000 -1.000000
-1.000000 -1.000000
373.853607 292.952332
-1.000000 -1.000000
600.159546 193.070831
-1.000000 -1.000000
940.858337 458.706329
-1.000000 -1.000000
-1.000000 -1.000000
-1.000000 -1.000000
-1.000000 -1.000000
853.834412 380.874359
-1.000000 -1.000000
-1.000000 -1.000000
205.284149 422.335876
-1.000000 -1.000000
529.939087 313.723694
-1.000000 -1.000000
-1.000000 -1.000000
649.565369 469.470245
-1.000000 -1.000000
-1.000000 -1.000000
-1.000000 -1.000000
-1.000000 -1.000000
-1.000000 -1.000000
-1.000000 -1.000000
-1.000000 -1.000000
846.512573 397.587006
646.684265 177.738205
-1.000000 -1.000000
-1.000000 -1.000000
-1.000000 -1.000000
-1.000000 -1.000000
748.696655 233.882645
-1.000000 -1.000000
584.451599 645.845032
-1.000000 -1.000000
-1.000000 -1.000000
-1.000000 -1.000000
830.705444 397.714630
-1.000000 -1.000000
-1.000000 -1.000000
216.750015 493.811646
-1.000000 -1.000000
-1.000000 -1.000000
-1.000000 -1.000000
-1.000000 -1.000000
838.514648 382.030701
-1.000000 -1.000000
-1.000000 -1.000000
-1.000000 -1.000000
-1.000000 -1.000000
-1.000000 -1.000000
-1.000000 -1.000000
777.590881 262.752625
500.137787 451.507324
-1.000000 -1.000000
-1.000000 -1.000000
575.551086 247.595230
-1.000000 -1.000000
645.523499 429.423553
-1.000000 -1.000000
536.649170 328.673431
-1.000000 -1.000000
-1.000000 -1.000000
-1.000000 -1.000000
-1.000000 -1.000000
-1.000000 -1.000000
-1.000000 -1.000000
-1.000000 -1.000000
-1.000000 -1.000000
-1.000000 -1.000000
242.574051 245.126831
845.026917 415.930908
-1.000000 -1.000000
-1.000000 -1.000000
-1.000000 -1.000000
-1.000000 -1.000000
-1.000000 -1.000000
-1.000000 -1.000000
1015.223022 270.939667
-1.000000 -1.000000
825.889709 414.755646
-1.000000 -1.000000
-1.000000 -1.000000
874.569519 258.985779
694.213501 189.050903
-1.000000 -1.000000
-1.000000 -1.000000
-1.000000 -1.000000
-1.000000 -1.000000
-1.000000 -1.000000
-1.000000 -1.000000
-1.000000 -1.000000
-1.000000 -1.000000
515.538879 359.833344
411.650360 273.715576
-1.000000 -1.000000
-1.000000 -1.000000
-1.000000 -1.000000
-1.000000 -1.000000
-1.000000 -1.000000
-1.000000 -1.000000
-1.000000 -1.000000
389.871124 262.897522
-1.000000 -1.000000
960.426514 238.700119
-1.000000 -1.000000
-1.000000 -1.000000
-1.000000 -1.000000
-1.000000 -1.000000
704.143372 426.407715
-1.000000 -1.000000
-1.000000 -1.000000
412.131775 499.142700
-1.000000 -1.000000
-1.000000 -1.000000
824.012695 382.355621
-1.000000 -1.000000
-1.000000 -1.000000
-1.000000 -1.000000
513.807739 340.304474
660.132324 411.614746
-1.000000 -1.000000
-1.000000 -1.000000
-1.000000 -1.000000
-1.000000 -1.000000
-1.000000 -1.000000
334.911774 173.225754
-1.000000 -1.000000
-1.000000 -1.000000
365.466187 301.318848
-1.000000 -1.000000
-1.000000 -1.000000
632.785461 162.147690
-1.000000 -1.000000
-1.000000 -1.000000
-1.000000 -1.000000
692.053955 415.727051
-1.000000 -1.000000
-1.000000 -1.000000
-1.000000 -1.000000
-1.000000 -1.000000
-1.000000 -1.000000
-1.000000 -1.000000
773.084778 264.858765
-1.000000 -1.000000
-1.000000 -1.000000
-1.000000 -1.000000
561.002991 163.648773
-1.000000 -1.000000
693.140381 428.940063
-1.000000 -1.000000
-1.000000 -1.000000
-1.000000 -1.000000
-1.000000 -1.000000
-1.000000 -1.000000
-1.000000 -1.000000
-1.000000 -1.000000
783.724182 409.090546
-1.000000 -1.000000
-1.000000 -1.000000
-1.000000 -1.000000
-1.000000 -1.000000
-1.000000 -1.000000
-1.000000 -1.000000
-1.000000 -1.000000
-1.000000 -1.000000
-1.000000 -1.000000
-1.000000 -1.000000
-1.000000 -1.000000
337.683014 238.532181
654.869385 462.717285
949.150818 251.665436
999.951416 273.384674
-1.000000 -1.000000
205.147964 437.058990
-1.000000 -1.000000
-1.000000 -1.000000
-1.000000 -1.000000
403.291748 267.972107
-1.000000 -1.000000
-1.000000 -1.000000
-1.000000 -1.000000
384.803589 486.954437
816.022583 397.780518
146.231094 509.509644
-1.000000 -1.000000
-1.000000 -1.000000
88.773453 417.713593
-1.000000 -1.000000
-1.000000 -1.000000
-1.000000 -1.000000
92.342888 424.028503
-1.000000 -1.000000
-1.000000 -1.000000
-1.000000 -1.000000
-1.000000 -1.000000
422.764557 501.780884
-1.000000 -1.000000
-1.000000 -1.000000
-1.000000 -1.000000
-1.000000 -1.000000
650.586731 468.274567
341.405762 232.025818
-1.000000 -1.000000
-1.000000 -1.000000
-1.000000 -1.000000
-1.000000 -1.000000
-1.000000 -1.000000
-1.000000 -1.000000
-1.000000 -1.000000
-1.000000 -1.000000
-1.000000 -1.000000
-1.000000 -1.000000
-1.000000 -1.000000
-1.000000 -1.000000
-1.000000 -1.000000
-1.000000 -1.000000
341.498260 181.149231
-1.000000 -1.000000
140.738571 504.614563
340.599396 260.796844
-1.000000 -1.000000
741.559143 208.449509
-1.000000 -1.000000
-1.000000 -1.000000
384.821075 259.021973
-1.000000 -1.000000
-1.000000 -1.000000
-1.000000 -1.000000
555.916626 105.124985
414.338593 247.282562
759.061707 144.665207
-1.000000 -1.000000
331.976074 151.059540
-1.000000 -1.000000
-1.000000 -1.000000
-1.000000 -1.000000
-1.000000 -1.000000
-1.000000 -1.000000
-1.000000 -1.000000
-1.000000 -1.000000
663.358826 464.469910
245.808395 260.120514
347.127747 174.114639
-1.000000 -1.000000
-1.000000 -1.000000
115.387993 485.174988
-1.000000 -1.000000
-1.000000 -1.000000
-1.000000 -1.000000
-1.000000 -1.000000
-1.000000 -1.000000
-1.000000 -1.000000
-1.000000 -1.000000
-1.000000 -1.000000
-1.000000 -1.000000
-1.000000 -1.000000
-1.000000 -1.000000
-1.000000 -1.000000
-1.000000 -1.000000
-1.000000 -1.000000
1031.379761 250.765656
545.956970 498.998901
-1.000000 -1.000000
-1.000000 -1.000000
752.325378 175.617325
-1.000000 -1.000000
-1.000000 -1.000000
-1.000000 -1.000000
340.515930 217.180939
-1.000000 -1.000000
948.100403 249.605484
-1.000000 -1.000000
-1.000000 -1.000000
381.059509 271.573212
-1.000000 -1.000000
-1.000000 -1.000000
-1.000000 -1.000000
-1.000000 -1.000000
-1.000000 -1.000000
775.348694 247.287811
657.018127 451.049469
-1.000000 -1.000000
-1.000000 -1.000000
-1.000000 -1.000000
-1.000000 -1.000000
-1.000000 -1.000000
388.436432 249.065414
503.429291 40.532791
-1.000000 -1.000000
-1.000000 -1.000000
-1.000000 -1.000000
395.757782 261.838837
-1.000000 -1.000000
500.557159 356.481934
-1.000000 -1.000000
388.036469 500.110046
-1.000000 -1.000000
-1.000000 -1.000000
-1.000000 -1.000000
-1.000000 -1.000000
-1.000000 -1.000000
-1.000000 -1.000000
-1.000000 -1.000000
-1.000000 -1.000000
-1.000000 -1.000000
-1.000000 -1.000000
-1.000000 -1.000000
-1.000000 -1.000000
-1.000000 -1.000000
-1.000000 -1.000000
-1.000000 -1.000000
-1.000000 -1.000000
670.994934 454.072662
-1.000000 -1.000000
-1.000000 -1.000000
-1.000000 -1.000000
680.697266 422.869110
696.382324 424.154083
-1.000000 -1.000000
-1.000000 -1.000000
-1.000000 -1.000000
654.007935 468.957672
-1.000000 -1.000000
-1.000000 -1.000000
-1.000000 -1.000000
758.339172 189.858200
-1.000000 -1.000000
-1.000000 -1.000000
756.270935 270.736023
-1.000000 -1.000000
196.524979 197.137283
342.229919 136.106094
-1.000000 -1.000000
-1.000000 -1.000000
-1.000000 -1.000000
525.612976 499.744904
-1.000000 -1.000000
496.331909 368.572968
397.496368 511.664124
-1.000000 -1.000000
-1.000000 -1.000000
-1.000000 -1.000000
-1.000000 -1.000000
801.193054 410.236755
-1.000000 -1.000000
-1.000000 -1.000000
926.656799 249.779282
-1.000000 -1.000000
83.217529 496.990631
-1.000000 -1.000000
-1.000000 -1.000000
-1.000000 -1.000000
-1.000000 -1.000000
574.379639 513.510620
-1.000000 -1.000000
502.606384 495.655243
-1.000000 -1.000000
-1.000000 -1.000000
-1.000000 -1.000000
-1.000000 -1.000000
-1.000000 -1.000000
355.572632 180.530380
341.571838 219.192627
-1.000000 -1.000000
597.919312 514.048035
-1.000000 -1.000000
-1.000000 -1.000000
659.944946 478.463318
-1.000000 -1.000000
-1.000000 -1.000000
-1.000000 -1.000000
-1.000000 -1.000000
84.814186 413.570984
-1.000000 -1.000000
104.527634 484.548615
-1.000000 -1.000000
-1.000000 -1.000000
345.813995 151.381393
-1.000000 -1.000000
-1.000000 -1.000000
-1.000000 -1.000000
-1.000000 -1.000000
342.040222 235.207062
-1.000000 -1.000000
-1.000000 -1.000000
506.035797 378.201080
-1.000000 -1.000000
-1.000000 -1.000000
-1.000000 -1.000000
-1.000000 -1.000000
-1.000000 -1.000000
761.524780 116.821083
-1.000000 -1.000000
-1.000000 -1.000000
-1.000000 -1.000000
-1.000000 -1.000000
-1.000000 -1.000000
559.992920 147.838699
-1.000000 -1.000000
-1.000000 -1.000000
-1.000000 -1.000000
-1.000000 -1.000000
-1.000000 -1.000000
-1.000000 -1.000000
-1.000000 -1.000000
-1.000000 -1.000000
-1.000000 -1.000000
764.158386 102.731651
431.184021 484.816528
411.792755 514.362671
-1.000000 -1.000000
-1.000000 -1.000000
-1.000000 -1.000000
-1.000000 -1.000000
-1.000000 -1.000000
961.671143 231.857727
-1.000000 -1.000000
-1.000000 -1.000000
-1.000000 -1.000000
-1.000000 -1.000000
-1.000000 -1.000000
750.486328 225.762955
-1.000000 -1.000000
-1.000000 -1.000000
-1.000000 -1.000000
-1.000000 -1.000000
988.946106 275.938049
-1.000000 -1.000000
-1.000000 -1.000000
-1.000000 -1.000000
-1.000000 -1.000000
243.012985 252.712387
-1.000000 -1.000000
-1.000000 -1.000000
862.194763 366.412384
-1.000000 -1.000000
92.902252 421.774231
-1.000000 -1.000000
-1.000000 -1.000000
424.859924 516.167114
-1.000000 -1.000000
-1.000000 -1.000000
-1.000000 -1.000000
-1.000000 -1.000000
-1.000000 -1.000000
-1.000000 -1.000000
237.265656 393.764893
361.682770 173.222763
-1.000000 -1.000000
-1.000000 -1.000000
-1.000000 -1.000000
-1.000000 -1.000000
-1.000000 -1.000000
-1.000000 -1.000000
-1.000000 -1.000000
-1.000000 -1.000000
-1.000000 -1.000000
699.642944 417.226593
-1.000000 -1.000000
-1.000000 -1.000000
-1.000000 -1.000000
-1.000000 -1.000000
-1.000000 -1.000000
482.297485 486.538574
-1.000000 -1.000000
-1.000000 -1.000000
