-1.000000 -1.000000
-1.000000 -1.000000
-1.000000 -1.000000
-1.000000 -1.000000
-1.000000 -1.000000
-1.000000 -1.000000
-1.000000 -1.000000
-1.000000 -1.000000
-1.000000 -1.000000
-1.000000 -1.000000
-1.000000 -1.000000
-1.000000 -1.000000
-1.000000 -1.000000
-1.000000 -1.000000
-1.000000 -1.000000
-1.000000 -1.000000
-1.000000 -1.000000
-1.000000 -1.000000
-1.000000 -1.000000
1134.783813 192.863174
-1.000000 -1.000000
-1.000000 -1.000000
1146.450195 151.177246
-1.000000 -1.000000
-1.000000 -1.000000
-1.000000 -1.000000
-1.000000 -1.000000
-1.000000 -1.000000
-1.000000 -1.000000
-1.000000 -1.000000
-1.000000 -1.000000
-1.000000 -1.000000
731.053406 357.461670
824.125610 66.207596
-1.000000 -1.000000
344.200256 209.351837
-1.000000 -1.000000
709.604614 439.833801
-1.000000 -1.000000
-1.000000 -1.000000
-1.000000 -1.000000
-1.000000 -1.000000
478.477051 244.064606
-1.000000 -1.000000
-1.000000 -1.000000
-1.000000 -1.000000
1116.715454 177.632767
-1.000000 -1.000000
-1.000000 -1.000000
-1.000000 -1.000000
-1.000000 -1.000000
961.883606 188.008575
-1.000000 -1.000000
856.960999 225.489716
1131.931763 177.097931
-1.000000 -1.000000
-1.000000 -1.000000
-1.000000 -1.000000
342.767059 194.506210
693.228210 439.628662
1151.028076 188.330917
328.512451 213.156097
-1.000000 -1.000000
-1.000000 -1.000000
-1.000000 -1.000000
-1.000000 -1.000000
-1.000000 -1.000000
-1.000000 -1.000000
899.219055 431.508087
-1.000000 -1.000000
-1.000000 -1.000000
343.590881 223.990051
691.966187 418.631226
-1.000000 -1.000000
-1.000000 -1.000000
-1.000000 -1.000000
-1.000000 -1.000000
-1.000000 -1.000000
-1.000000 -1.000000
-1.000000 -1.000000
327.181427 198.488754
967.588562 41.551414
893.962463 470.745941
-1.000000 -1.000000
-1.000000 -1.000000
-1.000000 -1.000000
-1.000000 -1.000000
-1.000000 -1.000000
-1.000000 -1.000000
-1.000000 -1.000000
1001.602661 189.727875
731.138367 341.128632
-1.000000 -1.000000
-1.000000 -1.000000
-1.000000 -1.000000
-1.000000 -1.000000
-1.000000 -1.000000
-1.000000 -1.000000
-1.000000 -1.000000
742.128052 442.526367
474.564392 40.864899
-1.000000 -1.000000
-1.000000 -1.000000
-1.000000 -1.000000
-1.000000 -1.000000
476.325378 259.044983
912.883301 430.363251
-1.000000 -1.000000
-1.000000 -1.000000
-1.000000 -1.000000
-1.000000 -1.000000
-1.000000 -1.000000
727.224854 438.032562
-1.000000 -1.000000
-1.000000 -1.000000
-1.000000 -1.000000
220.271835 269.538727
-1.000000 -1.000000
-1.000000 -1.000000
1226.623657 483.121033
-1.000000 -1.000000
-1.000000 -1.000000
853.045654 240.403198
-1.000000 -1.000000
-1.000000 -1.000000
-1.000000 -1.000000
776.618469 442.626068
-1.000000 -1.000000
-1.000000 -1.000000
463.815735 244.098785
-1.000000 -1.000000
916.208069 410.022736
-1.000000 -1.000000
-1.000000 -1.000000
-1.000000 -1.000000
-1.000000 -1.000000
-1.000000 -1.000000
958.495972 202.817169
725.647400 422.618896
742.902466 428.334198
755.705627 445.678894
-1.000000 -1.000000
-1.000000 -1.000000
-1.000000 -1.000000
1101.089722 438.533356
-1.000000 -1.000000
569.642822 261.813660
-1.000000 -1.000000
-1.000000 -1.000000
-1.000000 -1.000000
-1.000000 -1.000000
435.336182 186.129013
-1.000000 -1.000000
-1.000000 -1.000000
-1.000000 -1.000000
-1.000000 -1.000000
-1.000000 -1.000000
-1.000000 -1.000000
-1.000000 -1.000000
905.404053 476.353668
-1.000000 -1.000000
847.269531 226.503143
-1.000000 -1.000000
1118.762451 467.114258
-1.000000 -1.000000
-1.000000 -1.000000
-1.000000 -1.000000
-1.000000 -1.000000
928.812866 412.422882
261.458893 220.862259
708.284180 338.087402
866.331665 226.423569
706.301086 352.692474
795.932251 442.566376
-1.000000 -1.000000
-1.000000 -1.000000
895.029114 450.377228
-1.000000 -1.000000
-1.000000 -1.000000
-1.000000 -1.000000
-1.000000 -1.000000
692.580566 401.444885
-1.000000 -1.000000
573.020630 246.626556
-1.000000 -1.000000
1061.449951 216.418579
-1.000000 -1.000000
357.419983 479.381287
-1.000000 -1.000000
-1.000000 -1.000000
-1.000000 -1.000000
-1.000000 -1.000000
-1.000000 -1.000000
461.503632 259.163452
328.424316 224.322510
707.680725 457.565491
924.617249 433.364868
-1.000000 -1.000000
-1.000000 -1.000000
356.941956 495.221375
909.724976 447.404236
-1.000000 -1.000000
433.311890 201.843338
-1.000000 -1.000000
877.434143 41.539505
-1.000000 -1.000000
259.575226 193.332382
372.461121 476.901611
-1.000000 -1.000000
-1.000000 -1.000000
-1.000000 -1.000000
-1.000000 -1.000000
946.894653 185.743881
-1.000000 -1.000000
-1.000000 -1.000000
-1.000000 -1.000000
1129.362549 491.936859
207.408951 268.597107
742.605896 410.464508
-1.000000 -1.000000
-1.000000 -1.000000
1081.857910 434.192169
-1.000000 -1.000000
342.750671 476.069153
-1.000000 -1.000000
-1.000000 -1.000000
-1.000000 -1.000000
-1.000000 -1.000000
-1.000000 -1.000000
371.925385 493.337555
-1.000000 -1.000000
-1.000000 -1.000000
769.102783 454.752350
-1.000000 -1.000000
839.202881 66.193237
-1.000000 -1.000000
-1.000000 -1.000000
-1.000000 -1.000000
-1.000000 -1.000000
-1.000000 -1.000000
344.151093 238.830826
1219.834106 499.124268
-1.000000 -1.000000
726.073792 454.631317
-1.000000 -1.000000
313.588684 210.637192
-1.000000 -1.000000
-1.000000 -1.000000
-1.000000 -1.000000
449.730957 185.945908
341.388641 493.254913
746.615784 459.739929
-1.000000 -1.000000
-1.000000 -1.000000
724.121277 403.867371
-1.000000 -1.000000
-1.000000 -1.000000
604.121460 408.221252
-1.000000 -1.000000
1037.768066 182.584549
-1.000000 -1.000000
220.563034 263.214813
973.661987 203.092117
-1.000000 -1.000000
863.179260 240.093521
-1.000000 -1.000000
-1.000000 -1.000000
690.612366 457.247620
-1.000000 -1.000000
-1.000000 -1.000000
-1.000000 -1.000000
432.519897 170.012726
-1.000000 -1.000000
-1.000000 -1.000000
-1.000000 -1.000000
-1.000000 -1.000000
1151.433594 203.758255
-1.000000 -1.000000
-1.000000 -1.000000
-1.000000 -1.000000
1061.288696 229.506363
764.203857 430.902679
-1.000000 -1.000000
-1.000000 -1.000000
-1.000000 -1.000000
832.645081 111.428467
1022.946350 185.015015
714.627991 330.585419
-1.000000 -1.000000
788.813843 425.441467
-1.000000 -1.000000
-1.000000 -1.000000
-1.000000 -1.000000
1147.049805 172.908630
-1.000000 -1.000000
-1.000000 -1.000000
-1.000000 -1.000000
-1.000000 -1.000000
-1.000000 -1.000000
-1.000000 -1.000000
354.294250 511.512329
-1.000000 -1.000000
259.451294 178.480057
-1.000000 -1.000000
-1.000000 -1.000000
312.151764 198.819855
-1.000000 -1.000000
-1.000000 -1.000000
-1.000000 -1.000000
-1.000000 -1.000000
-1.000000 -1.000000
-1.000000 -1.000000
-1.000000 -1.000000
-1.000000 -1.000000
447.626404 201.695328
835.970581 82.658890
-1.000000 -1.000000
903.768555 491.427612
339.031250 509.342712
221.830307 250.284348
-1.000000 -1.000000
-1.000000 -1.000000
-1.000000 -1.000000
-1.000000 -1.000000
-1.000000 -1.000000
-1.000000 -1.000000
-1.000000 -1.000000
-1.000000 -1.000000
786.802124 454.443909
683.960999 143.001862
-1.000000 -1.000000
-1.000000 -1.000000
-1.000000 -1.000000
936.520264 41.204105
952.420349 217.630463
370.747894 509.424591
341.739258 180.384735
-1.000000 -1.000000
-1.000000 -1.000000
-1.000000 -1.000000
-1.000000 -1.000000
735.980103 326.398682
-1.000000 -1.000000
-1.000000 -1.000000
-1.000000 -1.000000
761.951477 470.334442
-1.000000 -1.000000
-1.000000 -1.000000
-1.000000 -1.000000
227.631622 234.243317
805.309448 425.346283
-1.000000 -1.000000
940.153442 199.427643
860.172546 210.011749
-1.000000 -1.000000
-1.000000 -1.000000
-1.000000 -1.000000
770.853577 376.184814
274.636566 215.760925
939.585266 417.774170
-1.000000 -1.000000
-1.000000 -1.000000
837.615845 230.960373
-1.000000 -1.000000
-1.000000 -1.000000
272.742004 191.664032
-1.000000 -1.000000
-1.000000 -1.000000
-1.000000 -1.000000
-1.000000 -1.000000
-1.000000 -1.000000
763.073914 130.161438
-1.000000 -1.000000
-1.000000 -1.000000
844.301758 243.627350
-1.000000 -1.000000
-1.000000 -1.000000
-1.000000 -1.000000
-1.000000 -1.000000
-1.000000 -1.000000
-1.000000 -1.000000
-1.000000 -1.000000
-1.000000 -1.000000
464.519226 185.846619
446.927094 170.277542
-1.000000 -1.000000
-1.000000 -1.000000
-1.000000 -1.000000
950.889404 394.848389
-1.000000 -1.000000
414.756622 383.915314
-1.000000 -1.000000
-1.000000 -1.000000
399.702911 382.828552
831.104553 156.829926
-1.000000 -1.000000
194.480637 268.731476
415.766998 368.943146
-1.000000 -1.000000
-1.000000 -1.000000
-1.000000 -1.000000
668.546753 142.830643
-1.000000 -1.000000
-1.000000 -1.000000
-1.000000 -1.000000
-1.000000 -1.000000
-1.000000 -1.000000
-1.000000 -1.000000
-1.000000 -1.000000
-1.000000 -1.000000
461.365051 377.587311
917.507446 40.208378
-1.000000 -1.000000
399.776093 398.017761
778.902222 468.748383
-1.000000 -1.000000
476.259857 377.595459
-1.000000 -1.000000
446.335205 378.497009
901.720764 40.525768
1037.577393 198.459076
585.770691 247.437027
453.292145 362.505035
326.613800 185.506302
448.834869 238.374100
416.878906 399.278015
-1.000000 -1.000000
468.280334 362.649170
206.372864 259.510559
-1.000000 -1.000000
675.673157 435.691681
-1.000000 -1.000000
583.357239 262.497070
-1.000000 -1.000000
-1.000000 -1.000000
-1.000000 -1.000000
246.651764 179.116791
-1.000000 -1.000000
462.448883 201.242264
461.303162 392.712250
577.088257 467.326599
825.337402 127.237534
-1.000000 -1.000000
-1.000000 -1.000000
922.226746 449.181854
-1.000000 -1.000000
-1.000000 -1.000000
-1.000000 -1.000000
288.101379 215.373398
-1.000000 -1.000000
-1.000000 -1.000000
892.616394 485.809845
-1.000000 -1.000000
274.985901 230.503082
-1.000000 -1.000000
446.260498 393.638367
-1.000000 -1.000000
-1.000000 -1.000000
-1.000000 -1.000000
476.162201 392.730011
-1.000000 -1.000000
-1.000000 -1.000000
-1.000000 -1.000000
746.631897 111.766251
-1.000000 -1.000000
661.887573 172.818008
-1.000000 -1.000000
-1.000000 -1.000000
-1.000000 -1.000000
-1.000000 -1.000000
-1.000000 -1.000000
-1.000000 -1.000000
706.119019 314.200531
-1.000000 -1.000000
-1.000000 -1.000000
-1.000000 -1.000000
831.095215 247.393280
-1.000000 -1.000000
359.708466 462.473480
-1.000000 -1.000000
-1.000000 -1.000000
-1.000000 -1.000000
1023.161621 200.330673
-1.000000 -1.000000
487.343842 228.776840
-1.000000 -1.000000
-1.000000 -1.000000
-1.000000 -1.000000
-1.000000 -1.000000
437.712219 363.427612
-1.000000 -1.000000
-1.000000 -1.000000
-1.000000 -1.000000
-1.000000 -1.000000
-1.000000 -1.000000
-1.000000 -1.000000
-1.000000 -1.000000
-1.000000 -1.000000
-1.000000 -1.000000
767.239502 325.601746
257.145660 163.468613
-1.000000 -1.000000
314.014099 217.405685
-1.000000 -1.000000
-1.000000 -1.000000
-1.000000 -1.000000
1098.685059 459.664917
746.736511 127.181297
-1.000000 -1.000000
-1.000000 -1.000000
-1.000000 -1.000000
729.799194 110.596451
467.259735 218.729614
-1.000000 -1.000000
-1.000000 -1.000000
758.939087 145.714905
-1.000000 -1.000000
-1.000000 -1.000000
-1.000000 -1.000000
674.597229 451.728607
712.306824 643.228271
1137.194336 511.436401
-1.000000 -1.000000
-1.000000 -1.000000
260.820648 206.948059
446.667908 255.149658
-1.000000 -1.000000
-1.000000 -1.000000
-1.000000 -1.000000
-1.000000 -1.000000
694.165955 330.382629
-1.000000 -1.000000
-1.000000 -1.000000
474.140625 274.002289
-1.000000 -1.000000
691.934326 158.972656
-1.000000 -1.000000
1077.131104 416.254791
-1.000000 -1.000000
-1.000000 -1.000000
227.965485 266.364594
-1.000000 -1.000000
1049.147217 350.901062
-1.000000 -1.000000
-1.000000 -1.000000
384.804993 383.939941
-1.000000 -1.000000
706.860962 259.597107
-1.000000 -1.000000
-1.000000 -1.000000
817.190796 434.505249
-1.000000 -1.000000
-1.000000 -1.000000
-1.000000 -1.000000
720.181946 311.674866
-1.000000 -1.000000
-1.000000 -1.000000
-1.000000 -1.000000
1045.038208 366.722107
742.774170 142.448410
-1.000000 -1.000000
-1.000000 -1.000000
-1.000000 -1.000000
-1.000000 -1.000000
837.747009 216.178772
-1.000000 -1.000000
712.075928 628.457153
-1.000000 -1.000000
-1.000000 -1.000000
273.007874 176.779388
1029.940430 366.950897
-1.000000 -1.000000
-1.000000 -1.000000
376.936096 461.524750
-1.000000 -1.000000
-1.000000 -1.000000
-1.000000 -1.000000
-1.000000 -1.000000
1034.001221 351.311188
-1.000000 -1.000000
-1.000000 -1.000000
-1.000000 -1.000000
208.744446 244.124298
-1.000000 -1.000000
232.746506 190.192902
886.734741 224.827118
674.405457 420.509735
-1.000000 -1.000000
-1.000000 -1.000000
686.299255 196.617126
-1.000000 -1.000000
782.517212 406.169373
-1.000000 -1.000000
707.864197 288.392883
461.722992 170.878006
-1.000000 -1.000000
459.291412 274.107330
-1.000000 -1.000000
-1.000000 -1.000000
-1.000000 -1.000000
-1.000000 -1.000000
-1.000000 -1.000000
-1.000000 -1.000000
288.893555 230.153793
1039.597656 383.469208
-1.000000 -1.000000
-1.000000 -1.000000
-1.000000 -1.000000
-1.000000 -1.000000
-1.000000 -1.000000
-1.000000 -1.000000
1131.661255 241.533997
-1.000000 -1.000000
1021.025696 385.289398
-1.000000 -1.000000
-1.000000 -1.000000
970.680481 218.032974
788.996399 155.047638
-1.000000 -1.000000
-1.000000 -1.000000
295.156891 207.438354
-1.000000 -1.000000
724.869202 642.074585
-1.000000 -1.000000
-1.000000 -1.000000
-1.000000 -1.000000
689.831787 316.142883
601.594604 229.781616
-1.000000 -1.000000
-1.000000 -1.000000
-1.000000 -1.000000
-1.000000 -1.000000
-1.000000 -1.000000
-1.000000 -1.000000
-1.000000 -1.000000
567.233765 240.095520
-1.000000 -1.000000
1046.733154 202.465668
-1.000000 -1.000000
-1.000000 -1.000000
-1.000000 -1.000000
-1.000000 -1.000000
870.202881 401.544434
-1.000000 -1.000000
-1.000000 -1.000000
592.689941 472.293579
-1.000000 -1.000000
-1.000000 -1.000000
1019.868469 351.378174
-1.000000 -1.000000
-1.000000 -1.000000
-1.000000 -1.000000
687.524231 296.793243
801.652344 382.946716
-1.000000 -1.000000
-1.000000 -1.000000
-1.000000 -1.000000
-1.000000 -1.000000
711.947876 657.328430
425.553101 137.904709
-1.000000 -1.000000
-1.000000 -1.000000
444.317169 270.119720
-1.000000 -1.000000
-1.000000 -1.000000
731.325989 126.348419
-1.000000 -1.000000
-1.000000 -1.000000
-1.000000 -1.000000
829.296936 387.759735
-1.000000 -1.000000
-1.000000 -1.000000
-1.000000 -1.000000
-1.000000 -1.000000
-1.000000 -1.000000
-1.000000 -1.000000
873.401794 232.165955
-1.000000 -1.000000
-1.000000 -1.000000
-1.000000 -1.000000
658.326965 127.605263
-1.000000 -1.000000
856.485962 401.274139
-1.000000 -1.000000
-1.000000 -1.000000
-1.000000 -1.000000
-1.000000 -1.000000
-1.000000 -1.000000
-1.000000 -1.000000
-1.000000 -1.000000
965.762939 377.438477
-1.000000 -1.000000
-1.000000 -1.000000
-1.000000 -1.000000
-1.000000 -1.000000
-1.000000 -1.000000
-1.000000 -1.000000
-1.000000 -1.000000
724.263184 627.257629
-1.000000 -1.000000
-1.000000 -1.000000
-1.000000 -1.000000
329.885895 231.642899
866.991577 415.408569
1043.345703 216.822159
1111.767212 242.790329
-1.000000 -1.000000
384.895630 399.149933
-1.000000 -1.000000
-1.000000 -1.000000
-1.000000 -1.000000
589.166382 229.310318
-1.000000 -1.000000
-1.000000 -1.000000
-1.000000 -1.000000
552.975952 452.759766
1014.967468 366.855072
329.902771 472.692596
-1.000000 -1.000000
-1.000000 -1.000000
138.877457 390.659302
-1.000000 -1.000000
-1.000000 -1.000000
-1.000000 -1.000000
150.875122 394.049347
-1.000000 -1.000000
-1.000000 -1.000000
-1.000000 -1.000000
-1.000000 -1.000000
607.787903 472.593597
-1.000000 -1.000000
-1.000000 -1.000000
-1.000000 -1.000000
-1.000000 -1.000000
837.716919 432.625122
388.513214 204.590439
-1.000000 -1.000000
-1.000000 -1.000000
-1.000000 -1.000000
-1.000000 -1.000000
-1.000000 -1.000000
243.790054 164.026108
-1.000000 -1.000000
-1.000000 -1.000000
-1.000000 -1.000000
889.140015 232.082642
-1.000000 -1.000000
-1.000000 -1.000000
-1.000000 -1.000000
237.923782 244.987442
433.740051 153.328766
-1.000000 -1.000000
318.523346 467.384216
388.366791 219.284729
-1.000000 -1.000000
828.828003 175.610855
-1.000000 -1.000000
-1.000000 -1.000000
493.369659 243.977936
-1.000000 -1.000000
-1.000000 -1.000000
-1.000000 -1.000000
654.403320 64.787773
603.903564 200.414856
847.727905 110.361229
661.831299 212.200470
424.418488 113.490395
-1.000000 -1.000000
-1.000000 -1.000000
233.067810 267.843567
-1.000000 -1.000000
-1.000000 -1.000000
701.979675 642.529419
213.536865 228.030319
891.250427 442.343689
274.748108 245.712189
438.933411 139.286667
-1.000000 -1.000000
-1.000000 -1.000000
288.516174 449.260651
-1.000000 -1.000000
-1.000000 -1.000000
-1.000000 -1.000000
-1.000000 -1.000000
-1.000000 -1.000000
-1.000000 -1.000000
311.874176 188.033401
-1.000000 -1.000000
-1.000000 -1.000000
-1.000000 -1.000000
701.431030 657.152100
-1.000000 -1.000000
-1.000000 -1.000000
-1.000000 -1.000000
1150.478516 218.866455
713.943848 473.480865
-1.000000 -1.000000
-1.000000 -1.000000
840.320862 141.312027
-1.000000 -1.000000
-1.000000 -1.000000
-1.000000 -1.000000
386.883484 189.411804
-1.000000 -1.000000
1037.203735 213.395645
-1.000000 -1.000000
-1.000000 -1.000000
491.220032 258.989716
-1.000000 -1.000000
693.751831 249.590576
-1.000000 -1.000000
1177.309448 109.797890
-1.000000 -1.000000
868.445007 215.112137
836.126343 408.075073
-1.000000 -1.000000
-1.000000 -1.000000
-1.000000 -1.000000
-1.000000 -1.000000
-1.000000 -1.000000
560.557312 230.314972
600.471375 40.813148
-1.000000 -1.000000
-1.000000 -1.000000
725.111084 656.393188
575.942444 231.058197
-1.000000 -1.000000
676.351929 314.276886
-1.000000 -1.000000
562.729248 470.958252
-1.000000 -1.000000
-1.000000 -1.000000
-1.000000 -1.000000
-1.000000 -1.000000
-1.000000 -1.000000
-1.000000 -1.000000
615.524048 40.821037
687.119019 639.724121
-1.000000 -1.000000
286.393921 191.245102
-1.000000 -1.000000
-1.000000 -1.000000
-1.000000 -1.000000
-1.000000 -1.000000
-1.000000 -1.000000
-1.000000 -1.000000
893.604065 418.760956
-1.000000 -1.000000
-1.000000 -1.000000
-1.000000 -1.000000
817.524780 397.780273
847.357605 398.369476
-1.000000 -1.000000
-1.000000 -1.000000
687.037048 654.890930
875.881226 446.244415
-1.000000 -1.000000
-1.000000 -1.000000
-1.000000 -1.000000
846.143860 157.217316
701.998413 627.565796
295.351379 222.344910
873.563477 244.279587
-1.000000 -1.000000
270.579407 162.040466
435.785431 99.386314
-1.000000 -1.000000
-1.000000 -1.000000
-1.000000 -1.000000
693.518005 474.393524
-1.000000 -1.000000
676.428833 330.271759
577.175110 482.574677
-1.000000 -1.000000
-1.000000 -1.000000
-1.000000 -1.000000
-1.000000 -1.000000
982.242004 379.544159
-1.000000 -1.000000
-1.000000 -1.000000
1018.327026 215.380463
-1.000000 -1.000000
254.278091 462.220490
-1.000000 -1.000000
-1.000000 -1.000000
-1.000000 -1.000000
-1.000000 -1.000000
761.559326 485.867584
-1.000000 -1.000000
674.539551 469.015137
-1.000000 -1.000000
229.369003 175.425995
-1.000000 -1.000000
-1.000000 -1.000000
-1.000000 -1.000000
448.411652 153.604553
402.558807 189.227295
-1.000000 -1.000000
784.988708 485.699890
-1.000000 -1.000000
-1.000000 -1.000000
891.315002 465.354034
-1.000000 -1.000000
-1.000000 -1.000000
-1.000000 -1.000000
-1.000000 -1.000000
151.768646 379.120972
-1.000000 -1.000000
275.083893 448.877686
-1.000000 -1.000000
-1.000000 -1.000000
438.659332 114.858719
-1.000000 -1.000000
-1.000000 -1.000000
-1.000000 -1.000000
-1.000000 -1.000000
403.777130 204.835678
-1.000000 -1.000000
-1.000000 -1.000000
686.497253 340.186707
-1.000000 -1.000000
-1.000000 -1.000000
-1.000000 -1.000000
-1.000000 -1.000000
-1.000000 -1.000000
851.003235 81.702087
-1.000000 -1.000000
-1.000000 -1.000000
-1.000000 -1.000000
-1.000000 -1.000000
682.128906 262.466003
658.412476 105.826439
-1.000000 -1.000000
1181.061523 226.589874
-1.000000 -1.000000
685.936218 624.049683
-1.000000 -1.000000
-1.000000 -1.000000
-1.000000 -1.000000
-1.000000 -1.000000
-1.000000 -1.000000
854.196289 66.342743
615.351196 450.391144
594.933716 486.836700
-1.000000 -1.000000
-1.000000 -1.000000
-1.000000 -1.000000
-1.000000 -1.000000
-1.000000 -1.000000
1045.935425 194.714417
740.096252 642.361633
-1.000000 -1.000000
-1.000000 -1.000000
-1.000000 -1.000000
-1.000000 -1.000000
837.838989 197.083893
-1.000000 -1.000000
-1.000000 -1.000000
-1.000000 -1.000000
-1.000000 -1.000000
1096.494629 245.245499
-1.000000 -1.000000
-1.000000 -1.000000
-1.000000 -1.000000
-1.000000 -1.000000
294.961731 238.623718
-1.000000 -1.000000
-1.000000 -1.000000
1049.910034 337.435089
-1.000000 -1.000000
207.618805 371.100250
-1.000000 -1.000000
-1.000000 -1.000000
610.563354 487.915527
-1.000000 -1.000000
-1.000000 -1.000000
-1.000000 -1.000000
-1.000000 -1.000000
-1.000000 -1.000000
-1.000000 -1.000000
418.147247 353.453125
453.620056 139.392746
-1.000000 -1.000000
-1.000000 -1.000000
-1.000000 -1.000000
-1.000000 -1.000000
-1.000000 -1.000000
-1.000000 -1.000000
-1.000000 -1.000000
-1.000000 -1.000000
172.173447 330.910736
841.917725 389.298553
-1.000000 -1.000000
-1.000000 -1.000000
-1.000000 -1.000000
711.678040 670.811401
-1.000000 -1.000000
657.061401 455.215729
-1.000000 -1.000000
-1.000000 -1.000000
