-1.000000 -1.000000
-1.000000 -1.000000
-1.000000 -1.000000
-1.000000 -1.000000
-1.000000 -1.000000
-1.000000 -1.000000
-1.000000 -1.000000
-1.000000 -1.000000
-1.000000 -1.000000
-1.000000 -1.000000
-1.000000 -1.000000
-1.000000 -1.000000
-1.000000 -1.000000
-1.000000 -1.000000
-1.000000 -1.000000
-1.000000 -1.000000
-1.000000 -1.000000
-1.000000 -1.000000
-1.000000 -1.000000
1200.314331 195.014893
-1.000000 -1.000000
-1.000000 -1.000000
1212.668945 149.841782
-1.000000 -1.000000
-1.000000 -1.000000
-1.000000 -1.000000
-1.000000 -1.000000
-1.000000 -1.000000
-1.000000 -1.000000
-1.000000 -1.000000
-1.000000 -1.000000
-1.000000 -1.000000
750.870300 358.624420
889.625488 61.886971
-1.000000 -1.000000
404.773956 202.629211
-1.000000 -1.000000
712.564026 440.655945
-1.000000 -1.000000
-1.000000 -1.000000
-1.000000 -1.000000
-1.000000 -1.000000
535.090942 242.138412
-1.000000 -1.000000
-1.000000 -1.000000
-1.000000 -1.000000
1182.449829 179.377502
-1.000000 -1.000000
-1.000000 -1.000000
-1.000000 -1.000000
-1.000000 -1.000000
1033.872437 193.115112
-1.000000 -1.000000
914.755493 218.610977
1197.501343 179.262253
-1.000000 -1.000000
-1.000000 -1.000000
-1.000000 -1.000000
401.961884 188.095062
696.087341 440.426788
1216.828857 190.780716
-1.000000 -1.000000
-1.000000 -1.000000
-1.000000 -1.000000
-1.000000 -1.000000
-1.000000 -1.000000
-1.000000 -1.000000
-1.000000 -1.000000
882.482788 435.559052
-1.000000 -1.000000
-1.000000 -1.000000
404.038757 214.754822
695.500732 418.611664
-1.000000 -1.000000
-1.000000 -1.000000
-1.000000 -1.000000
-1.000000 -1.000000
-1.000000 -1.000000
-1.000000 -1.000000
-1.000000 -1.000000
-1.000000 -1.000000
1041.560425 42.359406
874.219299 469.456207
-1.000000 -1.000000
-1.000000 -1.000000
-1.000000 -1.000000
-1.000000 -1.000000
-1.000000 -1.000000
-1.000000 -1.000000
-1.000000 -1.000000
1076.885498 193.626770
750.515564 342.435242
-1.000000 -1.000000
-1.000000 -1.000000
-1.000000 -1.000000
-1.000000 -1.000000
-1.000000 -1.000000
-1.000000 -1.000000
-1.000000 -1.000000
742.701111 444.291931
531.978210 40.976658
-1.000000 -1.000000
-1.000000 -1.000000
-1.000000 -1.000000
-1.000000 -1.000000
532.865845 257.059998
893.992004 435.528442
-1.000000 -1.000000
-1.000000 -1.000000
-1.000000 -1.000000
-1.000000 -1.000000
-1.000000 -1.000000
729.797791 438.947296
-1.000000 -1.000000
-1.000000 -1.000000
-1.000000 -1.000000
-1.000000 -1.000000
-1.000000 -1.000000
-1.000000 -1.000000
1222.746826 499.066254
-1.000000 -1.000000
-1.000000 -1.000000
903.351440 229.207977
-1.000000 -1.000000
-1.000000 -1.000000
-1.000000 -1.000000
776.696045 446.886261
-1.000000 -1.000000
-1.000000 -1.000000
520.580811 242.357056
-1.000000 -1.000000
903.326965 415.553925
-1.000000 -1.000000
-1.000000 -1.000000
-1.000000 -1.000000
-1.000000 -1.000000
-1.000000 -1.000000
1030.377197 208.079178
729.508301 422.684723
745.414856 429.820953
752.475159 448.778900
-1.000000 -1.000000
-1.000000 -1.000000
-1.000000 -1.000000
1062.455566 442.245789
-1.000000 -1.000000
567.802979 262.669220
-1.000000 -1.000000
-1.000000 -1.000000
-1.000000 -1.000000
-1.000000 -1.000000
492.807251 180.290970
-1.000000 -1.000000
-1.000000 -1.000000
-1.000000 -1.000000
-1.000000 -1.000000
-1.000000 -1.000000
-1.000000 -1.000000
-1.000000 -1.000000
884.380493 476.413757
-1.000000 -1.000000
905.998901 213.170746
-1.000000 -1.000000
1065.963379 469.592682
-1.000000 -1.000000
-1.000000 -1.000000
-1.000000 -1.000000
-1.000000 -1.000000
915.269714 417.788300
371.216461 205.681137
708.153259 338.688660
922.735718 223.207275
705.640991 353.348145
833.310425 455.304993
-1.000000 -1.000000
-1.000000 -1.000000
877.075317 452.975708
-1.000000 -1.000000
-1.000000 -1.000000
-1.000000 -1.000000
-1.000000 -1.000000
697.047852 399.463287
-1.000000 -1.000000
570.722290 248.579437
-1.000000 -1.000000
1121.730835 218.818695
-1.000000 -1.000000
359.669922 470.664032
-1.000000 -1.000000
-1.000000 -1.000000
-1.000000 -1.000000
-1.000000 -1.000000
-1.000000 -1.000000
518.156189 257.333923
392.713837 206.191635
710.534119 457.750183
903.348755 440.046692
-1.000000 -1.000000
-1.000000 -1.000000
358.588562 486.081085
890.413513 450.930145
-1.000000 -1.000000
490.783875 196.450775
-1.000000 -1.000000
944.134277 41.676304
-1.000000 -1.000000
366.282135 175.818588
377.876709 469.506836
-1.000000 -1.000000
-1.000000 -1.000000
-1.000000 -1.000000
-1.000000 -1.000000
1020.293762 190.939896
-1.000000 -1.000000
-1.000000 -1.000000
-1.000000 -1.000000
1060.864746 481.935638
-1.000000 -1.000000
746.200806 410.344269
-1.000000 -1.000000
-1.000000 -1.000000
1050.837402 447.896912
-1.000000 -1.000000
344.200592 467.803345
-1.000000 -1.000000
-1.000000 -1.000000
-1.000000 -1.000000
-1.000000 -1.000000
-1.000000 -1.000000
376.731506 484.993195
-1.000000 -1.000000
-1.000000 -1.000000
764.037170 457.372803
-1.000000 -1.000000
904.874207 61.834724
-1.000000 -1.000000
-1.000000 -1.000000
-1.000000 -1.000000
-1.000000 -1.000000
-1.000000 -1.000000
-1.000000 -1.000000
1213.606445 515.358643
-1.000000 -1.000000
727.897766 455.239685
-1.000000 -1.000000
-1.000000 -1.000000
-1.000000 -1.000000
-1.000000 -1.000000
-1.000000 -1.000000
506.924011 180.009598
342.356262 483.890198
742.132080 462.564850
-1.000000 -1.000000
-1.000000 -1.000000
729.105835 402.979309
-1.000000 -1.000000
-1.000000 -1.000000
602.164124 412.072418
-1.000000 -1.000000
1117.905518 188.835587
-1.000000 -1.000000
-1.000000 -1.000000
1044.642212 208.334991
-1.000000 -1.000000
912.379517 232.961639
-1.000000 -1.000000
-1.000000 -1.000000
693.229797 457.381775
-1.000000 -1.000000
-1.000000 -1.000000
-1.000000 -1.000000
490.007599 163.936127
-1.000000 -1.000000
-1.000000 -1.000000
-1.000000 -1.000000
-1.000000 -1.000000
1216.877686 205.786057
-1.000000 -1.000000
-1.000000 -1.000000
-1.000000 -1.000000
1106.797729 229.539291
762.293152 435.003937
-1.000000 -1.000000
-1.000000 -1.000000
-1.000000 -1.000000
897.816040 107.053757
1103.597168 191.847214
716.354431 332.371735
-1.000000 -1.000000
828.142761 421.666077
-1.000000 -1.000000
-1.000000 -1.000000
-1.000000 -1.000000
1212.704468 175.305054
-1.000000 -1.000000
-1.000000 -1.000000
-1.000000 -1.000000
-1.000000 -1.000000
-1.000000 -1.000000
-1.000000 -1.000000
355.568420 501.760223
-1.000000 -1.000000
358.594604 163.388062
-1.000000 -1.000000
-1.000000 -1.000000
375.449921 169.900314
-1.000000 -1.000000
-1.000000 -1.000000
-1.000000 -1.000000
-1.000000 -1.000000
-1.000000 -1.000000
-1.000000 -1.000000
-1.000000 -1.000000
-1.000000 -1.000000
504.772675 196.375671
901.490295 78.728638
-1.000000 -1.000000
881.047546 490.744598
339.905701 499.661774
-1.000000 -1.000000
-1.000000 -1.000000
-1.000000 -1.000000
-1.000000 -1.000000
-1.000000 -1.000000
-1.000000 -1.000000
-1.000000 -1.000000
-1.000000 -1.000000
-1.000000 -1.000000
789.492737 457.940063
739.581543 139.130920
-1.000000 -1.000000
-1.000000 -1.000000
-1.000000 -1.000000
-1.000000 -1.000000
1024.150513 222.981522
373.029053 500.481476
398.929901 174.705078
-1.000000 -1.000000
-1.000000 -1.000000
-1.000000 -1.000000
-1.000000 -1.000000
755.946960 329.281464
-1.000000 -1.000000
-1.000000 -1.000000
-1.000000 -1.000000
755.883972 472.765686
-1.000000 -1.000000
-1.000000 -1.000000
-1.000000 -1.000000
343.869446 224.165070
839.046936 426.133789
-1.000000 -1.000000
1014.212830 205.239410
920.670837 206.860535
-1.000000 -1.000000
-1.000000 -1.000000
-1.000000 -1.000000
788.927368 376.729523
371.710754 196.203857
926.701355 424.997223
-1.000000 -1.000000
-1.000000 -1.000000
-1.000000 -1.000000
-1.000000 -1.000000
-1.000000 -1.000000
365.826141 173.617706
-1.000000 -1.000000
-1.000000 -1.000000
-1.000000 -1.000000
-1.000000 -1.000000
-1.000000 -1.000000
822.235291 126.680313
-1.000000 -1.000000
-1.000000 -1.000000
896.206543 227.663666
-1.000000 -1.000000
-1.000000 -1.000000
-1.000000 -1.000000
-1.000000 -1.000000
-1.000000 -1.000000
-1.000000 -1.000000
-1.000000 -1.000000
-1.000000 -1.000000
521.637695 179.759750
504.075806 164.265137
-1.000000 -1.000000
-1.000000 -1.000000
-1.000000 -1.000000
959.099426 404.303162
-1.000000 -1.000000
418.558960 381.328613
-1.000000 -1.000000
-1.000000 -1.000000
403.562195 380.092773
896.013367 152.824310
-1.000000 -1.000000
-1.000000 -1.000000
419.523651 366.425903
-1.000000 -1.000000
-1.000000 -1.000000
-1.000000 -1.000000
723.686890 138.625275
-1.000000 -1.000000
-1.000000 -1.000000
-1.000000 -1.000000
-1.000000 -1.000000
-1.000000 -1.000000
-1.000000 -1.000000
-1.000000 -1.000000
-1.000000 -1.000000
460.665405 375.857971
983.535156 40.120903
-1.000000 -1.000000
403.526184 395.015808
773.619507 471.428864
-1.000000 -1.000000
475.687439 375.999054
-1.000000 -1.000000
445.677002 376.613556
967.550415 40.485897
1115.026123 205.676483
583.412354 248.860825
452.650635 360.842804
-1.000000 -1.000000
505.710266 237.084732
420.545959 396.219879
-1.000000 -1.000000
467.680695 361.111145
-1.000000 -1.000000
-1.000000 -1.000000
678.328674 436.151855
-1.000000 -1.000000
581.183777 262.228027
-1.000000 -1.000000
-1.000000 -1.000000
-1.000000 -1.000000
353.669189 165.829437
-1.000000 -1.000000
519.480652 195.317459
460.732330 390.807281
576.636719 463.592468
890.290771 123.347946
-1.000000 -1.000000
-1.000000 -1.000000
901.113098 453.393066
-1.000000 -1.000000
-1.000000 -1.000000
-1.000000 -1.000000
-1.000000 -1.000000
-1.000000 -1.000000
-1.000000 -1.000000
871.666321 484.156097
-1.000000 -1.000000
372.658661 211.878052
-1.000000 -1.000000
445.775360 391.556915
-1.000000 -1.000000
-1.000000 -1.000000
-1.000000 -1.000000
475.696686 390.942505
-1.000000 -1.000000
-1.000000 -1.000000
-1.000000 -1.000000
804.117676 108.197037
-1.000000 -1.000000
709.180359 181.590515
-1.000000 -1.000000
-1.000000 -1.000000
-1.000000 -1.000000
-1.000000 -1.000000
-1.000000 -1.000000
-1.000000 -1.000000
709.379272 318.578156
-1.000000 -1.000000
-1.000000 -1.000000
-1.000000 -1.000000
884.111023 232.177353
-1.000000 -1.000000
366.907532 455.677277
-1.000000 -1.000000
-1.000000 -1.000000
-1.000000 -1.000000
1103.060181 207.387604
-1.000000 -1.000000
544.048584 224.863571
-1.000000 -1.000000
-1.000000 -1.000000
-1.000000 -1.000000
-1.000000 -1.000000
437.438690 361.546936
-1.000000 -1.000000
-1.000000 -1.000000
-1.000000 -1.000000
-1.000000 -1.000000
-1.000000 -1.000000
-1.000000 -1.000000
-1.000000 -1.000000
-1.000000 -1.000000
-1.000000 -1.000000
786.287781 328.780457
351.607422 152.127411
-1.000000 -1.000000
-1.000000 -1.000000
-1.000000 -1.000000
-1.000000 -1.000000
-1.000000 -1.000000
1050.068970 469.217468
804.124207 123.736252
-1.000000 -1.000000
-1.000000 -1.000000
-1.000000 -1.000000
786.466125 107.791412
523.758057 211.559433
-1.000000 -1.000000
-1.000000 -1.000000
817.006348 141.932037
-1.000000 -1.000000
-1.000000 -1.000000
-1.000000 -1.000000
676.960815 451.719055
713.970642 642.249634
1086.855225 518.663879
-1.000000 -1.000000
-1.000000 -1.000000
370.366791 187.857605
503.378235 253.615921
-1.000000 -1.000000
-1.000000 -1.000000
-1.000000 -1.000000
-1.000000 -1.000000
694.254150 333.031281
-1.000000 -1.000000
-1.000000 -1.000000
530.656311 272.055023
-1.000000 -1.000000
749.195374 155.036316
-1.000000 -1.000000
1102.342896 430.796448
-1.000000 -1.000000
-1.000000 -1.000000
-1.000000 -1.000000
-1.000000 -1.000000
1057.801514 358.772827
-1.000000 -1.000000
-1.000000 -1.000000
388.452301 381.120453
-1.000000 -1.000000
710.513123 269.268707
-1.000000 -1.000000
-1.000000 -1.000000
849.370789 443.207855
-1.000000 -1.000000
-1.000000 -1.000000
-1.000000 -1.000000
724.452698 318.102600
-1.000000 -1.000000
-1.000000 -1.000000
-1.000000 -1.000000
1051.028442 375.328339
800.082825 139.005020
-1.000000 -1.000000
-1.000000 -1.000000
-1.000000 -1.000000
-1.000000 -1.000000
900.109375 199.478668
-1.000000 -1.000000
713.968994 628.732300
-1.000000 -1.000000
-1.000000 -1.000000
358.169037 159.948395
1035.622803 375.381134
-1.000000 -1.000000
-1.000000 -1.000000
391.680939 454.640137
-1.000000 -1.000000
-1.000000 -1.000000
-1.000000 -1.000000
-1.000000 -1.000000
1042.770874 359.893158
-1.000000 -1.000000
-1.000000 -1.000000
-1.000000 -1.000000
-1.000000 -1.000000
-1.000000 -1.000000
346.639099 177.948151
929.448853 228.823975
676.639221 421.430847
-1.000000 -1.000000
-1.000000 -1.000000
726.256775 210.333755
-1.000000 -1.000000
820.870117 401.619171
-1.000000 -1.000000
714.773499 286.042297
518.862061 165.436890
-1.000000 -1.000000
516.003418 272.306488
-1.000000 -1.000000
-1.000000 -1.000000
-1.000000 -1.000000
-1.000000 -1.000000
-1.000000 -1.000000
-1.000000 -1.000000
372.843628 207.300797
1047.503906 393.570312
-1.000000 -1.000000
-1.000000 -1.000000
-1.000000 -1.000000
-1.000000 -1.000000
-1.000000 -1.000000
-1.000000 -1.000000
1199.958130 242.908295
-1.000000 -1.000000
1028.339966 394.458374
-1.000000 -1.000000
-1.000000 -1.000000
1041.194580 223.373077
847.087585 151.608109
-1.000000 -1.000000
-1.000000 -1.000000
367.220062 173.244049
-1.000000 -1.000000
723.229797 641.011780
-1.000000 -1.000000
-1.000000 -1.000000
-1.000000 -1.000000
691.522156 320.173187
598.877136 235.216949
-1.000000 -1.000000
-1.000000 -1.000000
-1.000000 -1.000000
-1.000000 -1.000000
-1.000000 -1.000000
-1.000000 -1.000000
-1.000000 -1.000000
565.013977 242.291382
-1.000000 -1.000000
1120.916626 208.324234
-1.000000 -1.000000
-1.000000 -1.000000
-1.000000 -1.000000
-1.000000 -1.000000
878.020691 406.444092
-1.000000 -1.000000
-1.000000 -1.000000
590.710510 468.741241
-1.000000 -1.000000
-1.000000 -1.000000
1027.719971 359.868317
-1.000000 -1.000000
-1.000000 -1.000000
-1.000000 -1.000000
691.935730 298.712555
831.701416 384.552002
-1.000000 -1.000000
-1.000000 -1.000000
-1.000000 -1.000000
-1.000000 -1.000000
713.664551 654.370544
484.490021 131.419586
-1.000000 -1.000000
-1.000000 -1.000000
501.092316 268.615601
-1.000000 -1.000000
-1.000000 -1.000000
787.916382 123.040268
-1.000000 -1.000000
-1.000000 -1.000000
-1.000000 -1.000000
861.458862 390.047699
-1.000000 -1.000000
-1.000000 -1.000000
-1.000000 -1.000000
-1.000000 -1.000000
-1.000000 -1.000000
-1.000000 -1.000000
924.037598 230.821976
-1.000000 -1.000000
-1.000000 -1.000000
-1.000000 -1.000000
713.061768 124.275673
-1.000000 -1.000000
870.026733 407.713196
-1.000000 -1.000000
-1.000000 -1.000000
-1.000000 -1.000000
-1.000000 -1.000000
-1.000000 -1.000000
-1.000000 -1.000000
-1.000000 -1.000000
975.096069 385.266632
-1.000000 -1.000000
-1.000000 -1.000000
-1.000000 -1.000000
-1.000000 -1.000000
-1.000000 -1.000000
-1.000000 -1.000000
-1.000000 -1.000000
722.842163 627.583130
-1.000000 -1.000000
-1.000000 -1.000000
-1.000000 -1.000000
393.790802 211.834351
862.949036 427.645264
1110.828735 221.571060
1180.306641 244.431229
-1.000000 -1.000000
388.411255 396.021637
-1.000000 -1.000000
-1.000000 -1.000000
-1.000000 -1.000000
586.673218 233.817505
-1.000000 -1.000000
-1.000000 -1.000000
-1.000000 -1.000000
559.556152 451.417328
1020.153992 375.130127
332.334686 465.213348
-1.000000 -1.000000
-1.000000 -1.000000
253.467072 361.940491
-1.000000 -1.000000
-1.000000 -1.000000
-1.000000 -1.000000
256.250000 366.138092
-1.000000 -1.000000
-1.000000 -1.000000
-1.000000 -1.000000
-1.000000 -1.000000
604.080200 470.403961
-1.000000 -1.000000
-1.000000 -1.000000
-1.000000 -1.000000
-1.000000 -1.000000
857.464233 440.744904
449.907104 198.939529
-1.000000 -1.000000
-1.000000 -1.000000
-1.000000 -1.000000
-1.000000 -1.000000
-1.000000 -1.000000
348.618042 153.496506
-1.000000 -1.000000
-1.000000 -1.000000
-1.000000 -1.000000
-1.000000 -1.000000
-1.000000 -1.000000
-1.000000 -1.000000
-1.000000 -1.000000
-1.000000 -1.000000
490.801514 144.756653
-1.000000 -1.000000
325.033661 459.790924
449.719025 213.239655
-1.000000 -1.000000
893.559998 172.216522
-1.000000 -1.000000
-1.000000 -1.000000
549.020569 242.027100
-1.000000 -1.000000
-1.000000 -1.000000
-1.000000 -1.000000
709.369690 62.645962
602.182007 207.158463
913.174561 105.857002
664.793579 220.326996
482.482422 109.346901
-1.000000 -1.000000
-1.000000 -1.000000
-1.000000 -1.000000
-1.000000 -1.000000
-1.000000 -1.000000
704.438354 641.585754
-1.000000 -1.000000
874.767944 445.996033
374.245483 224.088470
496.666443 133.180237
-1.000000 -1.000000
-1.000000 -1.000000
301.411316 440.373413
-1.000000 -1.000000
-1.000000 -1.000000
-1.000000 -1.000000
-1.000000 -1.000000
-1.000000 -1.000000
-1.000000 -1.000000
-1.000000 -1.000000
-1.000000 -1.000000
-1.000000 -1.000000
-1.000000 -1.000000
704.000793 654.311707
-1.000000 -1.000000
-1.000000 -1.000000
-1.000000 -1.000000
1215.336670 220.653976
721.097473 472.595764
-1.000000 -1.000000
-1.000000 -1.000000
905.467163 137.570587
-1.000000 -1.000000
-1.000000 -1.000000
-1.000000 -1.000000
448.587921 183.927567
-1.000000 -1.000000
1109.422852 219.453568
-1.000000 -1.000000
-1.000000 -1.000000
546.984375 257.022675
-1.000000 -1.000000
694.913513 264.343597
-1.000000 -1.000000
-1.000000 -1.000000
-1.000000 -1.000000
927.088562 213.375595
856.549927 415.581360
-1.000000 -1.000000
-1.000000 -1.000000
-1.000000 -1.000000
-1.000000 -1.000000
-1.000000 -1.000000
558.916382 232.531448
653.193970 40.858406
-1.000000 -1.000000
-1.000000 -1.000000
723.284119 653.538025
573.605957 234.381592
-1.000000 -1.000000
678.834717 318.552765
-1.000000 -1.000000
564.601196 467.417877
-1.000000 -1.000000
-1.000000 -1.000000
-1.000000 -1.000000
-1.000000 -1.000000
-1.000000 -1.000000
-1.000000 -1.000000
668.590576 41.072227
697.285889 638.183960
-1.000000 -1.000000
363.461975 168.398026
-1.000000 -1.000000
-1.000000 -1.000000
-1.000000 -1.000000
-1.000000 -1.000000
-1.000000 -1.000000
-1.000000 -1.000000
879.622437 424.930939
-1.000000 -1.000000
-1.000000 -1.000000
-1.000000 -1.000000
849.584167 398.887177
870.025330 402.534576
-1.000000 -1.000000
-1.000000 -1.000000
697.019958 652.753418
865.031494 448.626465
-1.000000 -1.000000
-1.000000 -1.000000
-1.000000 -1.000000
911.095398 153.243576
704.674011 628.036560
-1.000000 -1.000000
905.956543 236.359985
-1.000000 -1.000000
351.562927 150.646118
493.102661 95.287781
-1.000000 -1.000000
-1.000000 -1.000000
-1.000000 -1.000000
699.102966 473.040100
-1.000000 -1.000000
676.321533 333.396515
575.633362 479.250610
-1.000000 -1.000000
-1.000000 -1.000000
-1.000000 -1.000000
-1.000000 -1.000000
992.966919 387.499115
-1.000000 -1.000000
-1.000000 -1.000000
1094.336792 221.158936
-1.000000 -1.000000
268.435913 451.571991
-1.000000 -1.000000
-1.000000 -1.000000
-1.000000 -1.000000
-1.000000 -1.000000
756.018921 486.888977
-1.000000 -1.000000
677.662781 467.648285
-1.000000 -1.000000
343.331848 163.814178
-1.000000 -1.000000
-1.000000 -1.000000
-1.000000 -1.000000
505.319611 145.413559
464.726562 183.494308
-1.000000 -1.000000
779.692566 486.734985
-1.000000 -1.000000
-1.000000 -1.000000
872.247253 464.232849
-1.000000 -1.000000
-1.000000 -1.000000
-1.000000 -1.000000
-1.000000 -1.000000
253.857285 354.773956
-1.000000 -1.000000
290.413055 439.773773
-1.000000 -1.000000
-1.000000 -1.000000
496.134583 111.379417
-1.000000 -1.000000
-1.000000 -1.000000
-1.000000 -1.000000
-1.000000 -1.000000
465.299255 199.403976
-1.000000 -1.000000
-1.000000 -1.000000
685.452942 341.365936
-1.000000 -1.000000
-1.000000 -1.000000
-1.000000 -1.000000
-1.000000 -1.000000
-1.000000 -1.000000
916.581055 77.537285
-1.000000 -1.000000
-1.000000 -1.000000
-1.000000 -1.000000
-1.000000 -1.000000
683.101868 274.888550
712.917969 105.125618
-1.000000 -1.000000
-1.000000 -1.000000
-1.000000 -1.000000
696.491943 623.555420
-1.000000 -1.000000
-1.000000 -1.000000
-1.000000 -1.000000
-1.000000 -1.000000
-1.000000 -1.000000
919.827148 61.864143
611.745422 450.968811
591.582581 483.102417
-1.000000 -1.000000
-1.000000 -1.000000
-1.000000 -1.000000
-1.000000 -1.000000
-1.000000 -1.000000
1122.090576 201.368820
736.858215 646.292786
-1.000000 -1.000000
-1.000000 -1.000000
-1.000000 -1.000000
-1.000000 -1.000000
901.930237 191.127808
-1.000000 -1.000000
-1.000000 -1.000000
-1.000000 -1.000000
-1.000000 -1.000000
1164.715576 246.707733
-1.000000 -1.000000
-1.000000 -1.000000
-1.000000 -1.000000
-1.000000 -1.000000
373.693756 212.560989
-1.000000 -1.000000
-1.000000 -1.000000
1065.246460 347.891449
-1.000000 -1.000000
260.786102 360.991669
-1.000000 -1.000000
-1.000000 -1.000000
606.701294 484.995483
-1.000000 -1.000000
-1.000000 -1.000000
-1.000000 -1.000000
-1.000000 -1.000000
-1.000000 -1.000000
-1.000000 -1.000000
420.642181 352.123993
511.213287 133.735580
-1.000000 -1.000000
-1.000000 -1.000000
-1.000000 -1.000000
-1.000000 -1.000000
-1.000000 -1.000000
-1.000000 -1.000000
-1.000000 -1.000000
-1.000000 -1.000000
249.771317 321.418518
871.362854 392.446899
-1.000000 -1.000000
-1.000000 -1.000000
-1.000000 -1.000000
712.595154 661.218750
-1.000000 -1.000000
658.742249 456.233551
-1.000000 -1.000000
-1.000000 -1.000000
