-1.000000 -1.000000
-1.000000 -1.000000
-1.000000 -1.000000
-1.000000 -1.000000
-1.000000 -1.000000
-1.000000 -1.000000
-1.000000 -1.000000
-1.000000 -1.000000
-1.000000 -1.000000
-1.000000 -1.000000
-1.000000 -1.000000
-1.000000 -1.000000
-1.000000 -1.000000
-1.000000 -1.000000
-1.000000 -1.000000
-1.000000 -1.000000
-1.000000 -1.000000
-1.000000 -1.000000
-1.000000 -1.000000
982.620300 228.933151
-1.000000 -1.000000
-1.000000 -1.000000
992.485840 187.479691
-1.000000 -1.000000
-1.000000 -1.000000
-1.000000 -1.000000
-1.000000 -1.000000
-1.000000 -1.000000
-1.000000 -1.000000
-1.000000 -1.000000
-1.000000 -1.000000
-1.000000 -1.000000
-1.000000 -1.000000
697.841431 108.625504
-1.000000 -1.000000
317.502869 236.617035
-1.000000 -1.000000
501.328766 476.303284
-1.000000 -1.000000
-1.000000 -1.000000
-1.000000 -1.000000
-1.000000 -1.000000
-1.000000 -1.000000
-1.000000 -1.000000
-1.000000 -1.000000
-1.000000 -1.000000
964.187012 214.417450
-1.000000 -1.000000
-1.000000 -1.000000
-1.000000 -1.000000
-1.000000 -1.000000
841.459290 227.016342
-1.000000 -1.000000
730.059692 256.960510
979.180481 213.651077
-1.000000 -1.000000
-1.000000 -1.000000
-1.000000 -1.000000
314.654022 224.180542
484.535522 476.328735
997.960815 224.379684
-1.000000 -1.000000
-1.000000 -1.000000
-1.000000 -1.000000
-1.000000 -1.000000
-1.000000 -1.000000
-1.000000 -1.000000
-1.000000 -1.000000
635.082703 462.500275
-1.000000 -1.000000
-1.000000 -1.000000
316.603485 250.242554
484.481995 454.239227
-1.000000 -1.000000
-1.000000 -1.000000
-1.000000 -1.000000
-1.000000 -1.000000
-1.000000 -1.000000
-1.000000 -1.000000
-1.000000 -1.000000
-1.000000 -1.000000
842.376282 72.268997
624.859619 486.881073
-1.000000 -1.000000
-1.000000 -1.000000
-1.000000 -1.000000
-1.000000 -1.000000
-1.000000 -1.000000
-1.000000 -1.000000
-1.000000 -1.000000
882.151855 227.166275
-1.000000 -1.000000
-1.000000 -1.000000
-1.000000 -1.000000
-1.000000 -1.000000
-1.000000 -1.000000
-1.000000 -1.000000
-1.000000 -1.000000
-1.000000 -1.000000
529.282654 477.685089
336.567657 40.890949
-1.000000 -1.000000
-1.000000 -1.000000
-1.000000 -1.000000
-1.000000 -1.000000
-1.000000 -1.000000
646.532288 459.324310
-1.000000 -1.000000
-1.000000 -1.000000
-1.000000 -1.000000
-1.000000 -1.000000
-1.000000 -1.000000
517.533875 473.424194
-1.000000 -1.000000
-1.000000 -1.000000
-1.000000 -1.000000
-1.000000 -1.000000
-1.000000 -1.000000
-1.000000 -1.000000
956.522095 504.346802
-1.000000 -1.000000
-1.000000 -1.000000
719.345520 267.792999
-1.000000 -1.000000
-1.000000 -1.000000
-1.000000 -1.000000
562.656311 480.664978
-1.000000 -1.000000
-1.000000 -1.000000
341.467255 254.620377
-1.000000 -1.000000
674.333435 443.177368
-1.000000 -1.000000
-1.000000 -1.000000
-1.000000 -1.000000
-1.000000 -1.000000
-1.000000 -1.000000
834.723083 247.446609
518.743958 456.656921
533.538269 462.942688
538.219116 482.121521
-1.000000 -1.000000
-1.000000 -1.000000
-1.000000 -1.000000
827.872498 469.853760
-1.000000 -1.000000
-1.000000 -1.000000
-1.000000 -1.000000
-1.000000 -1.000000
-1.000000 -1.000000
-1.000000 -1.000000
319.440491 222.190170
-1.000000 -1.000000
-1.000000 -1.000000
-1.000000 -1.000000
-1.000000 -1.000000
-1.000000 -1.000000
-1.000000 -1.000000
-1.000000 -1.000000
635.045593 491.724335
-1.000000 -1.000000
721.216125 251.644180
-1.000000 -1.000000
820.158447 490.386810
-1.000000 -1.000000
-1.000000 -1.000000
-1.000000 -1.000000
-1.000000 -1.000000
692.228333 444.177612
202.131378 252.549530
494.190979 382.036743
737.847778 261.415344
490.178711 397.597198
610.679199 484.397186
-1.000000 -1.000000
-1.000000 -1.000000
627.947388 475.354736
-1.000000 -1.000000
-1.000000 -1.000000
-1.000000 -1.000000
-1.000000 -1.000000
486.368073 433.658112
-1.000000 -1.000000
-1.000000 -1.000000
-1.000000 -1.000000
924.607056 252.084732
-1.000000 -1.000000
133.796967 524.587708
-1.000000 -1.000000
-1.000000 -1.000000
-1.000000 -1.000000
-1.000000 -1.000000
-1.000000 -1.000000
341.157288 269.970245
317.236115 239.489548
498.505737 492.196594
653.260071 460.643524
-1.000000 -1.000000
-1.000000 -1.000000
131.807251 540.108521
640.622070 471.745361
-1.000000 -1.000000
321.309235 236.898956
-1.000000 -1.000000
-1.000000 -1.000000
-1.000000 -1.000000
182.336441 239.151733
-1.000000 -1.000000
-1.000000 -1.000000
-1.000000 -1.000000
-1.000000 -1.000000
-1.000000 -1.000000
829.299561 223.316986
-1.000000 -1.000000
-1.000000 -1.000000
-1.000000 -1.000000
805.705200 497.839874
-1.000000 -1.000000
536.488220 442.170685
-1.000000 -1.000000
-1.000000 -1.000000
811.057678 472.240540
-1.000000 -1.000000
117.835228 522.340576
-1.000000 -1.000000
-1.000000 -1.000000
-1.000000 -1.000000
-1.000000 -1.000000
-1.000000 -1.000000
-1.000000 -1.000000
-1.000000 -1.000000
-1.000000 -1.000000
549.528687 491.191986
-1.000000 -1.000000
713.155457 108.472832
-1.000000 -1.000000
-1.000000 -1.000000
-1.000000 -1.000000
-1.000000 -1.000000
-1.000000 -1.000000
-1.000000 -1.000000
945.936401 520.712097
-1.000000 -1.000000
515.089417 489.215729
-1.000000 -1.000000
-1.000000 -1.000000
-1.000000 -1.000000
-1.000000 -1.000000
-1.000000 -1.000000
327.940918 221.538162
115.225922 538.375305
527.134521 496.644409
-1.000000 -1.000000
-1.000000 -1.000000
521.099976 438.080109
-1.000000 -1.000000
-1.000000 -1.000000
-1.000000 -1.000000
-1.000000 -1.000000
921.835510 220.949707
-1.000000 -1.000000
-1.000000 -1.000000
847.094910 247.844162
-1.000000 -1.000000
728.399902 271.488403
-1.000000 -1.000000
-1.000000 -1.000000
481.566895 492.184296
-1.000000 -1.000000
-1.000000 -1.000000
-1.000000 -1.000000
311.632202 202.692520
-1.000000 -1.000000
-1.000000 -1.000000
-1.000000 -1.000000
-1.000000 -1.000000
997.797974 238.915512
-1.000000 -1.000000
-1.000000 -1.000000
-1.000000 -1.000000
901.834290 261.282471
548.387695 468.490875
-1.000000 -1.000000
-1.000000 -1.000000
-1.000000 -1.000000
708.303223 151.173630
908.143311 225.671722
503.913605 375.763763
-1.000000 -1.000000
608.779114 457.869812
-1.000000 -1.000000
-1.000000 -1.000000
-1.000000 -1.000000
993.817993 209.199844
-1.000000 -1.000000
-1.000000 -1.000000
-1.000000 -1.000000
-1.000000 -1.000000
-1.000000 -1.000000
-1.000000 -1.000000
128.827484 555.086731
-1.000000 -1.000000
-1.000000 -1.000000
-1.000000 -1.000000
-1.000000 -1.000000
-1.000000 -1.000000
-1.000000 -1.000000
-1.000000 -1.000000
-1.000000 -1.000000
-1.000000 -1.000000
-1.000000 -1.000000
-1.000000 -1.000000
-1.000000 -1.000000
-1.000000 -1.000000
328.987732 233.451309
710.787048 124.494049
-1.000000 -1.000000
633.248901 506.512634
112.755035 553.841736
-1.000000 -1.000000
-1.000000 -1.000000
-1.000000 -1.000000
-1.000000 -1.000000
-1.000000 -1.000000
-1.000000 -1.000000
-1.000000 -1.000000
-1.000000 -1.000000
-1.000000 -1.000000
601.055359 497.918701
554.819641 183.038879
-1.000000 -1.000000
-1.000000 -1.000000
-1.000000 -1.000000
-1.000000 -1.000000
824.474304 263.059998
147.938965 551.302429
310.994965 213.940842
-1.000000 -1.000000
-1.000000 -1.000000
-1.000000 -1.000000
-1.000000 -1.000000
-1.000000 -1.000000
-1.000000 -1.000000
-1.000000 -1.000000
-1.000000 -1.000000
538.751465 507.036377
-1.000000 -1.000000
-1.000000 -1.000000
-1.000000 -1.000000
-1.000000 -1.000000
612.650330 465.034851
-1.000000 -1.000000
820.956848 245.153046
735.405579 245.066788
-1.000000 -1.000000
-1.000000 -1.000000
-1.000000 -1.000000
583.446899 410.931396
199.136932 244.898270
695.652466 450.572021
-1.000000 -1.000000
-1.000000 -1.000000
-1.000000 -1.000000
-1.000000 -1.000000
-1.000000 -1.000000
-1.000000 -1.000000
-1.000000 -1.000000
-1.000000 -1.000000
-1.000000 -1.000000
-1.000000 -1.000000
-1.000000 -1.000000
-1.000000 -1.000000
-1.000000 -1.000000
-1.000000 -1.000000
711.450989 266.177063
-1.000000 -1.000000
-1.000000 -1.000000
-1.000000 -1.000000
-1.000000 -1.000000
-1.000000 -1.000000
-1.000000 -1.000000
-1.000000 -1.000000
-1.000000 -1.000000
-1.000000 -1.000000
-1.000000 -1.000000
-1.000000 -1.000000
-1.000000 -1.000000
-1.000000 -1.000000
728.105469 432.441986
-1.000000 -1.000000
195.343872 431.415741
-1.000000 -1.000000
-1.000000 -1.000000
180.414825 430.454407
708.833923 194.775208
-1.000000 -1.000000
-1.000000 -1.000000
196.301392 416.525818
-1.000000 -1.000000
-1.000000 -1.000000
-1.000000 -1.000000
538.500977 182.496719
-1.000000 -1.000000
-1.000000 -1.000000
-1.000000 -1.000000
-1.000000 -1.000000
-1.000000 -1.000000
-1.000000 -1.000000
-1.000000 -1.000000
-1.000000 -1.000000
237.155899 425.182587
-1.000000 -1.000000
-1.000000 -1.000000
180.299423 445.206085
558.133667 506.677612
-1.000000 -1.000000
252.227585 424.912201
-1.000000 -1.000000
222.265259 426.236359
-1.000000 -1.000000
919.470642 239.430740
-1.000000 -1.000000
229.191574 410.418701
-1.000000 -1.000000
338.103577 261.480530
197.194794 445.970428
-1.000000 -1.000000
244.224533 410.329376
-1.000000 -1.000000
-1.000000 -1.000000
466.977997 472.237823
-1.000000 -1.000000
-1.000000 -1.000000
-1.000000 -1.000000
-1.000000 -1.000000
-1.000000 -1.000000
163.355988 220.298203
-1.000000 -1.000000
339.109711 228.920074
237.303467 440.036682
362.029297 503.397339
701.568787 166.090759
-1.000000 -1.000000
-1.000000 -1.000000
650.067871 474.313049
-1.000000 -1.000000
-1.000000 -1.000000
-1.000000 -1.000000
-1.000000 -1.000000
-1.000000 -1.000000
-1.000000 -1.000000
623.036865 500.317871
-1.000000 -1.000000
-1.000000 -1.000000
-1.000000 -1.000000
222.357391 441.083649
-1.000000 -1.000000
-1.000000 -1.000000
-1.000000 -1.000000
252.260284 439.776611
-1.000000 -1.000000
-1.000000 -1.000000
-1.000000 -1.000000
614.870483 153.213409
-1.000000 -1.000000
521.092407 234.991577
-1.000000 -1.000000
-1.000000 -1.000000
-1.000000 -1.000000
-1.000000 -1.000000
-1.000000 -1.000000
-1.000000 -1.000000
498.744629 367.609558
-1.000000 -1.000000
-1.000000 -1.000000
-1.000000 -1.000000
695.523254 268.505371
-1.000000 -1.000000
143.038589 508.312103
-1.000000 -1.000000
-1.000000 -1.000000
-1.000000 -1.000000
907.469971 241.049393
-1.000000 -1.000000
359.739471 230.642853
-1.000000 -1.000000
-1.000000 -1.000000
-1.000000 -1.000000
-1.000000 -1.000000
214.321655 411.374359
-1.000000 -1.000000
-1.000000 -1.000000
-1.000000 -1.000000
-1.000000 -1.000000
-1.000000 -1.000000
-1.000000 -1.000000
-1.000000 -1.000000
-1.000000 -1.000000
-1.000000 -1.000000
580.511047 370.990356
-1.000000 -1.000000
-1.000000 -1.000000
-1.000000 -1.000000
-1.000000 -1.000000
-1.000000 -1.000000
-1.000000 -1.000000
802.316711 491.218506
614.985168 168.192596
-1.000000 -1.000000
-1.000000 -1.000000
-1.000000 -1.000000
597.143799 153.812851
342.822754 234.209290
-1.000000 -1.000000
-1.000000 -1.000000
629.903870 185.036987
-1.000000 -1.000000
-1.000000 -1.000000
-1.000000 -1.000000
465.576202 487.331604
552.345093 665.141907
803.386719 514.259888
-1.000000 -1.000000
-1.000000 -1.000000
193.644913 240.613083
-1.000000 -1.000000
-1.000000 -1.000000
-1.000000 -1.000000
-1.000000 -1.000000
-1.000000 -1.000000
480.767181 378.647766
-1.000000 -1.000000
-1.000000 -1.000000
-1.000000 -1.000000
-1.000000 -1.000000
566.065125 198.718292
-1.000000 -1.000000
909.221802 461.497040
-1.000000 -1.000000
-1.000000 -1.000000
-1.000000 -1.000000
-1.000000 -1.000000
816.160645 383.664429
-1.000000 -1.000000
-1.000000 -1.000000
165.121582 431.743988
-1.000000 -1.000000
492.672852 322.008057
-1.000000 -1.000000
-1.000000 -1.000000
613.086975 475.151794
-1.000000 -1.000000
-1.000000 -1.000000
-1.000000 -1.000000
-1.000000 -1.000000
-1.000000 -1.000000
-1.000000 -1.000000
-1.000000 -1.000000
809.071411 400.577789
612.284424 183.144104
-1.000000 -1.000000
-1.000000 -1.000000
-1.000000 -1.000000
-1.000000 -1.000000
714.803162 238.179398
-1.000000 -1.000000
552.397217 652.061584
-1.000000 -1.000000
-1.000000 -1.000000
-1.000000 -1.000000
793.308167 400.785889
-1.000000 -1.000000
-1.000000 -1.000000
179.009125 503.236511
-1.000000 -1.000000
-1.000000 -1.000000
-1.000000 -1.000000
-1.000000 -1.000000
800.924622 385.065186
-1.000000 -1.000000
-1.000000 -1.000000
-1.000000 -1.000000
-1.000000 -1.000000
-1.000000 -1.000000
-1.000000 -1.000000
743.659302 266.905823
464.572327 457.884735
-1.000000 -1.000000
-1.000000 -1.000000
542.236572 253.400696
-1.000000 -1.000000
609.497131 434.803894
-1.000000 -1.000000
499.612274 336.735779
-1.000000 -1.000000
-1.000000 -1.000000
-1.000000 -1.000000
-1.000000 -1.000000
-1.000000 -1.000000
-1.000000 -1.000000
-1.000000 -1.000000
-1.000000 -1.000000
-1.000000 -1.000000
204.812973 253.367783
807.967346 418.465240
-1.000000 -1.000000
-1.000000 -1.000000
-1.000000 -1.000000
-1.000000 -1.000000
-1.000000 -1.000000
-1.000000 -1.000000
975.712219 273.927002
-1.000000 -1.000000
788.933289 417.523102
-1.000000 -1.000000
-1.000000 -1.000000
837.956299 264.058929
660.059570 194.034256
-1.000000 -1.000000
-1.000000 -1.000000
-1.000000 -1.000000
-1.000000 -1.000000
-1.000000 -1.000000
-1.000000 -1.000000
-1.000000 -1.000000
-1.000000 -1.000000
479.614197 366.766418
373.589233 276.739441
-1.000000 -1.000000
-1.000000 -1.000000
-1.000000 -1.000000
-1.000000 -1.000000
-1.000000 -1.000000
-1.000000 -1.000000
-1.000000 -1.000000
-1.000000 -1.000000
-1.000000 -1.000000
924.692932 241.832672
-1.000000 -1.000000
-1.000000 -1.000000
-1.000000 -1.000000
-1.000000 -1.000000
669.538269 430.697205
-1.000000 -1.000000
-1.000000 -1.000000
375.523499 506.741364
-1.000000 -1.000000
-1.000000 -1.000000
786.716309 385.474701
-1.000000 -1.000000
-1.000000 -1.000000
-1.000000 -1.000000
477.077301 348.168915
625.237610 416.622772
-1.000000 -1.000000
-1.000000 -1.000000
-1.000000 -1.000000
-1.000000 -1.000000
-1.000000 -1.000000
298.357544 177.392990
-1.000000 -1.000000
-1.000000 -1.000000
-1.000000 -1.000000
-1.000000 -1.000000
-1.000000 -1.000000
598.240417 167.635361
-1.000000 -1.000000
-1.000000 -1.000000
-1.000000 -1.000000
657.365051 420.303558
-1.000000 -1.000000
-1.000000 -1.000000
-1.000000 -1.000000
-1.000000 -1.000000
-1.000000 -1.000000
-1.000000 -1.000000
739.130310 269.032257
-1.000000 -1.000000
-1.000000 -1.000000
-1.000000 -1.000000
526.166321 169.428848
-1.000000 -1.000000
658.454468 433.248047
-1.000000 -1.000000
-1.000000 -1.000000
-1.000000 -1.000000
-1.000000 -1.000000
-1.000000 -1.000000
-1.000000 -1.000000
-1.000000 -1.000000
748.194397 412.511261
-1.000000 -1.000000
-1.000000 -1.000000
-1.000000 -1.000000
-1.000000 -1.000000
-1.000000 -1.000000
-1.000000 -1.000000
-1.000000 -1.000000
-1.000000 -1.000000
-1.000000 -1.000000
-1.000000 -1.000000
-1.000000 -1.000000
316.736389 245.051300
617.879700 468.440643
913.638611 254.891754
960.076660 276.322174
-1.000000 -1.000000
165.011826 446.487823
-1.000000 -1.000000
-1.000000 -1.000000
-1.000000 -1.000000
-1.000000 -1.000000
-1.000000 -1.000000
-1.000000 -1.000000
-1.000000 -1.000000
348.401855 494.961243
778.875488 400.927917
106.508560 520.457886
-1.000000 -1.000000
-1.000000 -1.000000
46.527718 430.342224
-1.000000 -1.000000
-1.000000 -1.000000
-1.000000 -1.000000
50.150909 436.663177
-1.000000 -1.000000
-1.000000 -1.000000
-1.000000 -1.000000
-1.000000 -1.000000
385.874298 509.363098
-1.000000 -1.000000
-1.000000 -1.000000
-1.000000 -1.000000
-1.000000 -1.000000
613.961853 473.997162
318.643524 238.097717
-1.000000 -1.000000
-1.000000 -1.000000
-1.000000 -1.000000
-1.000000 -1.000000
-1.000000 -1.000000
-1.000000 -1.000000
-1.000000 -1.000000
-1.000000 -1.000000
-1.000000 -1.000000
-1.000000 -1.000000
-1.000000 -1.000000
-1.000000 -1.000000
-1.000000 -1.000000
-1.000000 -1.000000
307.668121 191.698349
-1.000000 -1.000000
101.025482 515.591858
319.632050 267.028259
-1.000000 -1.000000
707.445801 213.028473
-1.000000 -1.000000
-1.000000 -1.000000
-1.000000 -1.000000
-1.000000 -1.000000
-1.000000 -1.000000
-1.000000 -1.000000
520.093750 110.658134
374.960449 252.263962
723.721802 149.913574
-1.000000 -1.000000
294.600983 157.784714
-1.000000 -1.000000
-1.000000 -1.000000
-1.000000 -1.000000
-1.000000 -1.000000
-1.000000 -1.000000
-1.000000 -1.000000
-1.000000 -1.000000
626.215881 469.929626
208.254486 268.381134
310.565155 176.999832
-1.000000 -1.000000
-1.000000 -1.000000
74.573059 496.402893
-1.000000 -1.000000
-1.000000 -1.000000
-1.000000 -1.000000
-1.000000 -1.000000
-1.000000 -1.000000
-1.000000 -1.000000
-1.000000 -1.000000
-1.000000 -1.000000
-1.000000 -1.000000
-1.000000 -1.000000
-1.000000 -1.000000
-1.000000 -1.000000
-1.000000 -1.000000
-1.000000 -1.000000
993.986694 253.481400
510.770355 505.245392
-1.000000 -1.000000
-1.000000 -1.000000
717.560425 180.584152
-1.000000 -1.000000
-1.000000 -1.000000
-1.000000 -1.000000
316.229523 224.807266
-1.000000 -1.000000
912.581421 252.839096
-1.000000 -1.000000
-1.000000 -1.000000
-1.000000 -1.000000
-1.000000 -1.000000
-1.000000 -1.000000
-1.000000 -1.000000
-1.000000 -1.000000
-1.000000 -1.000000
741.501892 251.460175
619.965759 456.691071
-1.000000 -1.000000
-1.000000 -1.000000
-1.000000 -1.000000
-1.000000 -1.000000
-1.000000 -1.000000
-1.000000 -1.000000
469.113434 40.944920
-1.000000 -1.000000
-1.000000 -1.000000
-1.000000 -1.000000
-1.000000 -1.000000
-1.000000 -1.000000
464.085693 363.317291
-1.000000 -1.000000
351.644684 508.072784
-1.000000 -1.000000
-1.000000 -1.000000
-1.000000 -1.000000
-1.000000 -1.000000
-1.000000 -1.000000
-1.000000 -1.000000
-1.000000 -1.000000
-1.000000 -1.000000
-1.000000 -1.000000
-1.000000 -1.000000
-1.000000 -1.000000
-1.000000 -1.000000
-1.000000 -1.000000
-1.000000 -1.000000
-1.000000 -1.000000
-1.000000 -1.000000
633.918396 459.353577
-1.000000 -1.000000
-1.000000 -1.000000
-1.000000 -1.000000
646.012146 427.436920
661.686646 428.550476
-1.000000 -1.000000
-1.000000 -1.000000
-1.000000 -1.000000
617.123230 474.681854
-1.000000 -1.000000
-1.000000 -1.000000
-1.000000 -1.000000
723.834900 194.601486
-1.000000 -1.000000
-1.000000 -1.000000
722.182861 274.965424
-1.000000 -1.000000
157.772827 207.696411
304.652283 142.975739
-1.000000 -1.000000
-1.000000 -1.000000
-1.000000 -1.000000
490.160309 506.218903
-1.000000 -1.000000
459.633575 374.589752
360.978333 519.702393
-1.000000 -1.000000
-1.000000 -1.000000
-1.000000 -1.000000
-1.000000 -1.000000
765.720032 413.449036
-1.000000 -1.000000
-1.000000 -1.000000
891.208618 253.054871
-1.000000 -1.000000
42.691002 508.649597
-1.000000 -1.000000
-1.000000 -1.000000
-1.000000 -1.000000
-1.000000 -1.000000
539.542786 519.604004
-1.000000 -1.000000
467.111816 502.228363
-1.000000 -1.000000
-1.000000 -1.000000
-1.000000 -1.000000
-1.000000 -1.000000
-1.000000 -1.000000
320.144623 186.592743
317.097717 226.332596
-1.000000 -1.000000
563.121948 520.020752
-1.000000 -1.000000
-1.000000 -1.000000
622.879272 483.668030
-1.000000 -1.000000
-1.000000 -1.000000
-1.000000 -1.000000
-1.000000 -1.000000
42.540749 426.174500
-1.000000 -1.000000
63.630974 495.824402
-1.000000 -1.000000
-1.000000 -1.000000
308.481323 157.881989
-1.000000 -1.000000
-1.000000 -1.000000
-1.000000 -1.000000
-1.000000 -1.000000
318.863953 240.558533
-1.000000 -1.000000
-1.000000 -1.000000
469.835419 385.543060
-1.000000 -1.000000
-1.000000 -1.000000
-1.000000 -1.000000
-1.000000 -1.000000
-1.000000 -1.000000
725.670898 121.756203
-1.000000 -1.000000
-1.000000 -1.000000
-1.000000 -1.000000
-1.000000 -1.000000
-1.000000 -1.000000
524.804016 153.353210
-1.000000 -1.000000
-1.000000 -1.000000
-1.000000 -1.000000
-1.000000 -1.000000
-1.000000 -1.000000
-1.000000 -1.000000
-1.000000 -1.000000
-1.000000 -1.000000
-1.000000 -1.000000
728.069092 108.143875
394.183197 492.355530
375.213684 522.249939
-1.000000 -1.000000
-1.000000 -1.000000
-1.000000 -1.000000
-1.000000 -1.000000
-1.000000 -1.000000
925.926636 234.999832
-1.000000 -1.000000
-1.000000 -1.000000
-1.000000 -1.000000
-1.000000 -1.000000
-1.000000 -1.000000
716.559387 230.048126
-1.000000 -1.000000
-1.000000 -1.000000
-1.000000 -1.000000
-1.000000 -1.000000
948.794800 278.786285
-1.000000 -1.000000
-1.000000 -1.000000
-1.000000 -1.000000
-1.000000 -1.000000
205.357193 260.921631
-1.000000 -1.000000
-1.000000 -1.000000
823.864502 368.640472
-1.000000 -1.000000
50.689091 434.423126
-1.000000 -1.000000
-1.000000 -1.000000
388.158447 523.822632
-1.000000 -1.000000
-1.000000 -1.000000
-1.000000 -1.000000
-1.000000 -1.000000
-1.000000 -1.000000
-1.000000 -1.000000
197.161392 403.060699
324.754700 175.033936
-1.000000 -1.000000
-1.000000 -1.000000
-1.000000 -1.000000
-1.000000 -1.000000
-1.000000 -1.000000
-1.000000 -1.000000
-1.000000 -1.000000
-1.000000 -1.000000
-1.000000 -1.000000
664.947327 421.693146
-1.000000 -1.000000
-1.000000 -1.000000
-1.000000 -1.000000
-1.000000 -1.000000
-1.000000 -1.000000
446.291321 493.617279
-1.000000 -1.000000
-1.000000 -1.000000
