-1.000000 -1.000000
-1.000000 -1.000000
-1.000000 -1.000000
-1.000000 -1.000000
-1.000000 -1.000000
-1.000000 -1.000000
-1.000000 -1.000000
-1.000000 -1.000000
-1.000000 -1.000000
-1.000000 -1.000000
-1.000000 -1.000000
-1.000000 -1.000000
-1.000000 -1.000000
-1.000000 -1.000000
-1.000000 -1.000000
-1.000000 -1.000000
-1.000000 -1.000000
-1.000000 -1.000000
-1.000000 -1.000000
985.731262 230.978333
-1.000000 -1.000000
-1.000000 -1.000000
995.733093 189.554703
-1.000000 -1.000000
-1.000000 -1.000000
-1.000000 -1.000000
-1.000000 -1.000000
-1.000000 -1.000000
-1.000000 -1.000000
-1.000000 -1.000000
-1.000000 -1.000000
-1.000000 -1.000000
-1.000000 -1.000000
701.842773 109.926544
-1.000000 -1.000000
331.742798 235.899490
-1.000000 -1.000000
500.327087 474.979370
-1.000000 -1.000000
-1.000000 -1.000000
-1.000000 -1.000000
-1.000000 -1.000000
-1.000000 -1.000000
-1.000000 -1.000000
-1.000000 -1.000000
-1.000000 -1.000000
967.375061 216.497803
-1.000000 -1.000000
-1.000000 -1.000000
-1.000000 -1.000000
-1.000000 -1.000000
844.556152 228.511215
-1.000000 -1.000000
732.719910 257.518646
982.363525 215.746140
-1.000000 -1.000000
-1.000000 -1.000000
-1.000000 -1.000000
328.626129 223.553391
483.338928 475.047180
1001.036194 226.510681
-1.000000 -1.000000
-1.000000 -1.000000
-1.000000 -1.000000
-1.000000 -1.000000
-1.000000 -1.000000
-1.000000 -1.000000
-1.000000 -1.000000
633.075745 462.020630
-1.000000 -1.000000
-1.000000 -1.000000
330.390778 249.148560
483.542511 452.914062
-1.000000 -1.000000
-1.000000 -1.000000
-1.000000 -1.000000
-1.000000 -1.000000
-1.000000 -1.000000
-1.000000 -1.000000
-1.000000 -1.000000
-1.000000 -1.000000
846.995422 74.805969
622.768250 486.022064
-1.000000 -1.000000
-1.000000 -1.000000
-1.000000 -1.000000
-1.000000 -1.000000
-1.000000 -1.000000
-1.000000 -1.000000
-1.000000 -1.000000
885.366577 228.927780
-1.000000 -1.000000
-1.000000 -1.000000
-1.000000 -1.000000
-1.000000 -1.000000
-1.000000 -1.000000
-1.000000 -1.000000
-1.000000 -1.000000
-1.000000 -1.000000
528.215637 476.525452
341.414551 40.886822
-1.000000 -1.000000
-1.000000 -1.000000
-1.000000 -1.000000
-1.000000 -1.000000
-1.000000 -1.000000
644.583862 458.802521
-1.000000 -1.000000
-1.000000 -1.000000
-1.000000 -1.000000
-1.000000 -1.000000
-1.000000 -1.000000
516.567932 472.139496
-1.000000 -1.000000
-1.000000 -1.000000
-1.000000 -1.000000
-1.000000 -1.000000
-1.000000 -1.000000
-1.000000 -1.000000
954.573975 504.523834
-1.000000 -1.000000
-1.000000 -1.000000
722.015198 268.292450
-1.000000 -1.000000
-1.000000 -1.000000
-1.000000 -1.000000
561.447449 479.650909
-1.000000 -1.000000
-1.000000 -1.000000
352.731293 253.074631
-1.000000 -1.000000
673.971436 442.750122
-1.000000 -1.000000
-1.000000 -1.000000
-1.000000 -1.000000
-1.000000 -1.000000
-1.000000 -1.000000
837.222534 249.199188
518.057373 455.340302
532.674927 461.798370
537.029968 481.014679
-1.000000 -1.000000
-1.000000 -1.000000
-1.000000 -1.000000
826.030945 469.900543
-1.000000 -1.000000
-1.000000 -1.000000
-1.000000 -1.000000
-1.000000 -1.000000
-1.000000 -1.000000
-1.000000 -1.000000
333.110840 222.164307
-1.000000 -1.000000
-1.000000 -1.000000
-1.000000 -1.000000
-1.000000 -1.000000
-1.000000 -1.000000
-1.000000 -1.000000
-1.000000 -1.000000
632.888916 490.819519
-1.000000 -1.000000
723.882324 252.154861
-1.000000 -1.000000
817.805725 490.394714
-1.000000 -1.000000
-1.000000 -1.000000
-1.000000 -1.000000
-1.000000 -1.000000
691.633972 444.024353
205.418869 251.292145
494.139862 381.817993
740.571411 262.029175
489.826996 397.530518
609.106628 483.590118
-1.000000 -1.000000
-1.000000 -1.000000
625.952576 474.802490
-1.000000 -1.000000
-1.000000 -1.000000
-1.000000 -1.000000
-1.000000 -1.000000
485.715454 432.183502
-1.000000 -1.000000
-1.000000 -1.000000
-1.000000 -1.000000
927.602600 253.805664
-1.000000 -1.000000
132.956345 521.219849
-1.000000 -1.000000
-1.000000 -1.000000
-1.000000 -1.000000
-1.000000 -1.000000
-1.000000 -1.000000
349.164459 267.428894
331.471680 238.752823
497.269684 490.884216
651.310303 460.006348
-1.000000 -1.000000
-1.000000 -1.000000
130.892609 536.571655
638.605408 471.134979
-1.000000 -1.000000
335.383942 236.596939
-1.000000 -1.000000
-1.000000 -1.000000
-1.000000 -1.000000
185.818436 238.103943
-1.000000 -1.000000
-1.000000 -1.000000
-1.000000 -1.000000
-1.000000 -1.000000
-1.000000 -1.000000
832.341003 224.826035
-1.000000 -1.000000
-1.000000 -1.000000
-1.000000 -1.000000
803.111511 497.845673
-1.000000 -1.000000
536.098389 440.918884
-1.000000 -1.000000
-1.000000 -1.000000
809.001099 472.260071
-1.000000 -1.000000
117.062790 518.911682
-1.000000 -1.000000
-1.000000 -1.000000
-1.000000 -1.000000
-1.000000 -1.000000
-1.000000 -1.000000
-1.000000 -1.000000
-1.000000 -1.000000
-1.000000 -1.000000
548.283325 490.169373
-1.000000 -1.000000
717.142029 109.800735
-1.000000 -1.000000
-1.000000 -1.000000
-1.000000 -1.000000
-1.000000 -1.000000
-1.000000 -1.000000
-1.000000 -1.000000
943.731079 520.935974
-1.000000 -1.000000
513.959229 487.935486
-1.000000 -1.000000
-1.000000 -1.000000
-1.000000 -1.000000
-1.000000 -1.000000
-1.000000 -1.000000
341.138245 221.673019
114.427834 534.749939
525.887390 495.467651
-1.000000 -1.000000
-1.000000 -1.000000
520.877136 436.884583
-1.000000 -1.000000
-1.000000 -1.000000
-1.000000 -1.000000
-1.000000 -1.000000
925.181580 223.443741
-1.000000 -1.000000
-1.000000 -1.000000
849.711792 249.553818
-1.000000 -1.000000
731.157715 272.045410
-1.000000 -1.000000
-1.000000 -1.000000
480.209290 490.872711
-1.000000 -1.000000
-1.000000 -1.000000
-1.000000 -1.000000
322.459595 206.052322
-1.000000 -1.000000
-1.000000 -1.000000
-1.000000 -1.000000
-1.000000 -1.000000
1000.765747 241.016251
-1.000000 -1.000000
-1.000000 -1.000000
-1.000000 -1.000000
904.478638 262.853912
547.112976 467.424316
-1.000000 -1.000000
-1.000000 -1.000000
-1.000000 -1.000000
711.819946 152.400620
911.275146 227.485519
503.941040 375.493561
-1.000000 -1.000000
607.577026 457.067902
-1.000000 -1.000000
-1.000000 -1.000000
-1.000000 -1.000000
997.002258 211.381058
-1.000000 -1.000000
-1.000000 -1.000000
-1.000000 -1.000000
-1.000000 -1.000000
-1.000000 -1.000000
-1.000000 -1.000000
127.953903 551.523987
-1.000000 -1.000000
-1.000000 -1.000000
-1.000000 -1.000000
-1.000000 -1.000000
-1.000000 -1.000000
-1.000000 -1.000000
-1.000000 -1.000000
-1.000000 -1.000000
-1.000000 -1.000000
-1.000000 -1.000000
-1.000000 -1.000000
-1.000000 -1.000000
-1.000000 -1.000000
342.466217 233.005234
714.573425 125.782959
-1.000000 -1.000000
631.107300 505.618530
111.899345 550.212585
-1.000000 -1.000000
-1.000000 -1.000000
-1.000000 -1.000000
-1.000000 -1.000000
-1.000000 -1.000000
-1.000000 -1.000000
-1.000000 -1.000000
-1.000000 -1.000000
-1.000000 -1.000000
601.686340 497.545197
558.034119 183.480606
-1.000000 -1.000000
-1.000000 -1.000000
-1.000000 -1.000000
-1.000000 -1.000000
826.650452 264.770508
146.807251 548.286560
324.005432 216.035767
-1.000000 -1.000000
-1.000000 -1.000000
-1.000000 -1.000000
-1.000000 -1.000000
-1.000000 -1.000000
-1.000000 -1.000000
-1.000000 -1.000000
-1.000000 -1.000000
537.418762 505.994629
-1.000000 -1.000000
-1.000000 -1.000000
-1.000000 -1.000000
-1.000000 -1.000000
611.039246 464.365082
-1.000000 -1.000000
823.372375 246.751328
738.094727 245.663284
-1.000000 -1.000000
-1.000000 -1.000000
-1.000000 -1.000000
583.629150 410.431915
202.521194 243.648743
694.731262 450.423981
-1.000000 -1.000000
-1.000000 -1.000000
-1.000000 -1.000000
-1.000000 -1.000000
-1.000000 -1.000000
-1.000000 -1.000000
-1.000000 -1.000000
-1.000000 -1.000000
-1.000000 -1.000000
-1.000000 -1.000000
-1.000000 -1.000000
-1.000000 -1.000000
-1.000000 -1.000000
-1.000000 -1.000000
714.093994 266.632538
-1.000000 -1.000000
-1.000000 -1.000000
-1.000000 -1.000000
-1.000000 -1.000000
-1.000000 -1.000000
-1.000000 -1.000000
-1.000000 -1.000000
-1.000000 -1.000000
-1.000000 -1.000000
-1.000000 -1.000000
-1.000000 -1.000000
-1.000000 -1.000000
-1.000000 -1.000000
727.052063 432.400787
-1.000000 -1.000000
194.975433 428.861328
-1.000000 -1.000000
-1.000000 -1.000000
180.041138 427.873322
711.840881 195.896729
-1.000000 -1.000000
-1.000000 -1.000000
195.944107 413.966125
-1.000000 -1.000000
-1.000000 -1.000000
-1.000000 -1.000000
541.746704 182.930618
-1.000000 -1.000000
-1.000000 -1.000000
-1.000000 -1.000000
-1.000000 -1.000000
-1.000000 -1.000000
-1.000000 -1.000000
-1.000000 -1.000000
-1.000000 -1.000000
236.956894 422.636414
-1.000000 -1.000000
-1.000000 -1.000000
179.933258 442.626434
556.983521 505.834808
-1.000000 -1.000000
252.025238 422.377289
-1.000000 -1.000000
222.059677 423.689331
-1.000000 -1.000000
922.508728 241.140915
-1.000000 -1.000000
229.005035 407.873627
-1.000000 -1.000000
348.551483 259.613068
196.848251 443.424713
-1.000000 -1.000000
244.038406 407.781738
-1.000000 -1.000000
-1.000000 -1.000000
465.753540 470.911316
-1.000000 -1.000000
-1.000000 -1.000000
-1.000000 -1.000000
-1.000000 -1.000000
-1.000000 -1.000000
166.976868 218.463257
-1.000000 -1.000000
351.766663 228.013596
237.074539 437.499756
360.799072 501.315491
704.909180 167.263428
-1.000000 -1.000000
-1.000000 -1.000000
648.034424 473.704590
-1.000000 -1.000000
-1.000000 -1.000000
-1.000000 -1.000000
-1.000000 -1.000000
-1.000000 -1.000000
-1.000000 -1.000000
620.928345 499.442871
-1.000000 -1.000000
-1.000000 -1.000000
-1.000000 -1.000000
222.118973 438.546814
-1.000000 -1.000000
-1.000000 -1.000000
-1.000000 -1.000000
252.041367 437.250336
-1.000000 -1.000000
-1.000000 -1.000000
-1.000000 -1.000000
618.666443 153.934387
-1.000000 -1.000000
524.097473 235.139191
-1.000000 -1.000000
-1.000000 -1.000000
-1.000000 -1.000000
-1.000000 -1.000000
-1.000000 -1.000000
-1.000000 -1.000000
498.795868 367.513794
-1.000000 -1.000000
-1.000000 -1.000000
-1.000000 -1.000000
698.186035 268.767822
-1.000000 -1.000000
142.274597 505.016357
-1.000000 -1.000000
-1.000000 -1.000000
-1.000000 -1.000000
910.416260 242.698715
-1.000000 -1.000000
372.041321 229.201309
-1.000000 -1.000000
-1.000000 -1.000000
-1.000000 -1.000000
-1.000000 -1.000000
214.112274 408.808594
-1.000000 -1.000000
-1.000000 -1.000000
-1.000000 -1.000000
-1.000000 -1.000000
-1.000000 -1.000000
-1.000000 -1.000000
-1.000000 -1.000000
-1.000000 -1.000000
-1.000000 -1.000000
580.765015 370.358551
-1.000000 -1.000000
-1.000000 -1.000000
-1.000000 -1.000000
-1.000000 -1.000000
-1.000000 -1.000000
-1.000000 -1.000000
799.794800 491.272156
618.613586 168.787445
-1.000000 -1.000000
-1.000000 -1.000000
-1.000000 -1.000000
600.988892 154.484528
355.360504 233.127167
-1.000000 -1.000000
-1.000000 -1.000000
633.153076 185.753189
-1.000000 -1.000000
-1.000000 -1.000000
-1.000000 -1.000000
464.200500 485.968842
549.270020 663.450195
799.650757 513.633606
-1.000000 -1.000000
-1.000000 -1.000000
197.092575 239.385086
-1.000000 -1.000000
-1.000000 -1.000000
-1.000000 -1.000000
-1.000000 -1.000000
-1.000000 -1.000000
480.724731 378.472565
-1.000000 -1.000000
-1.000000 -1.000000
-1.000000 -1.000000
-1.000000 -1.000000
569.089111 199.192749
-1.000000 -1.000000
909.753906 462.275696
-1.000000 -1.000000
-1.000000 -1.000000
-1.000000 -1.000000
-1.000000 -1.000000
815.479370 383.873901
-1.000000 -1.000000
-1.000000 -1.000000
164.754623 429.159302
-1.000000 -1.000000
493.199310 322.328674
-1.000000 -1.000000
-1.000000 -1.000000
611.319031 474.371552
-1.000000 -1.000000
-1.000000 -1.000000
-1.000000 -1.000000
-1.000000 -1.000000
-1.000000 -1.000000
-1.000000 -1.000000
-1.000000 -1.000000
808.274170 400.832397
615.692322 183.760727
-1.000000 -1.000000
-1.000000 -1.000000
-1.000000 -1.000000
-1.000000 -1.000000
717.457581 238.690491
-1.000000 -1.000000
549.339111 650.411743
-1.000000 -1.000000
-1.000000 -1.000000
-1.000000 -1.000000
792.515991 401.035828
-1.000000 -1.000000
-1.000000 -1.000000
178.315582 500.167938
-1.000000 -1.000000
-1.000000 -1.000000
-1.000000 -1.000000
-1.000000 -1.000000
800.168945 385.335846
-1.000000 -1.000000
-1.000000 -1.000000
-1.000000 -1.000000
-1.000000 -1.000000
-1.000000 -1.000000
-1.000000 -1.000000
746.545715 267.553711
463.398224 456.550781
-1.000000 -1.000000
-1.000000 -1.000000
545.089600 253.520599
-1.000000 -1.000000
608.028442 434.241486
-1.000000 -1.000000
499.884796 336.808563
-1.000000 -1.000000
-1.000000 -1.000000
-1.000000 -1.000000
-1.000000 -1.000000
-1.000000 -1.000000
-1.000000 -1.000000
-1.000000 -1.000000
-1.000000 -1.000000
-1.000000 -1.000000
208.023560 252.143875
807.333557 418.525360
-1.000000 -1.000000
-1.000000 -1.000000
-1.000000 -1.000000
-1.000000 -1.000000
-1.000000 -1.000000
-1.000000 -1.000000
977.707397 275.834137
-1.000000 -1.000000
788.364502 417.553284
-1.000000 -1.000000
-1.000000 -1.000000
840.115662 265.886536
663.212036 194.918686
-1.000000 -1.000000
-1.000000 -1.000000
-1.000000 -1.000000
-1.000000 -1.000000
-1.000000 -1.000000
-1.000000 -1.000000
-1.000000 -1.000000
-1.000000 -1.000000
479.658020 366.377625
377.011963 274.952850
-1.000000 -1.000000
-1.000000 -1.000000
-1.000000 -1.000000
-1.000000 -1.000000
-1.000000 -1.000000
-1.000000 -1.000000
-1.000000 -1.000000
-1.000000 -1.000000
-1.000000 -1.000000
927.769958 243.569229
-1.000000 -1.000000
-1.000000 -1.000000
-1.000000 -1.000000
-1.000000 -1.000000
668.980530 430.316681
-1.000000 -1.000000
-1.000000 -1.000000
374.302765 504.472443
-1.000000 -1.000000
-1.000000 -1.000000
785.881409 385.706970
-1.000000 -1.000000
-1.000000 -1.000000
-1.000000 -1.000000
477.159149 348.075928
624.188110 416.198883
-1.000000 -1.000000
-1.000000 -1.000000
-1.000000 -1.000000
-1.000000 -1.000000
-1.000000 -1.000000
302.495483 176.149521
-1.000000 -1.000000
-1.000000 -1.000000
-1.000000 -1.000000
-1.000000 -1.000000
-1.000000 -1.000000
601.935242 168.199387
-1.000000 -1.000000
-1.000000 -1.000000
-1.000000 -1.000000
656.827271 419.932709
-1.000000 -1.000000
-1.000000 -1.000000
-1.000000 -1.000000
-1.000000 -1.000000
-1.000000 -1.000000
-1.000000 -1.000000
741.975037 269.657471
-1.000000 -1.000000
-1.000000 -1.000000
-1.000000 -1.000000
529.697571 169.743393
-1.000000 -1.000000
657.641479 432.731018
-1.000000 -1.000000
-1.000000 -1.000000
-1.000000 -1.000000
-1.000000 -1.000000
-1.000000 -1.000000
-1.000000 -1.000000
-1.000000 -1.000000
747.944946 412.532104
-1.000000 -1.000000
-1.000000 -1.000000
-1.000000 -1.000000
-1.000000 -1.000000
-1.000000 -1.000000
-1.000000 -1.000000
-1.000000 -1.000000
-1.000000 -1.000000
-1.000000 -1.000000
-1.000000 -1.000000
-1.000000 -1.000000
330.799225 244.134689
615.991943 467.868622
916.443542 256.528748
961.604004 278.134644
-1.000000 -1.000000
164.637802 443.888519
-1.000000 -1.000000
-1.000000 -1.000000
-1.000000 -1.000000
-1.000000 -1.000000
-1.000000 -1.000000
-1.000000 -1.000000
-1.000000 -1.000000
347.084015 493.042236
778.176758 401.085724
105.674751 517.001892
-1.000000 -1.000000
-1.000000 -1.000000
47.051849 427.794220
-1.000000 -1.000000
-1.000000 -1.000000
-1.000000 -1.000000
50.638374 434.135559
-1.000000 -1.000000
-1.000000 -1.000000
-1.000000 -1.000000
-1.000000 -1.000000
384.650696 506.980865
-1.000000 -1.000000
-1.000000 -1.000000
-1.000000 -1.000000
-1.000000 -1.000000
612.163025 473.246185
332.818207 237.532944
-1.000000 -1.000000
-1.000000 -1.000000
-1.000000 -1.000000
-1.000000 -1.000000
-1.000000 -1.000000
-1.000000 -1.000000
-1.000000 -1.000000
-1.000000 -1.000000
-1.000000 -1.000000
-1.000000 -1.000000
-1.000000 -1.000000
-1.000000 -1.000000
-1.000000 -1.000000
-1.000000 -1.000000
314.805328 193.158249
-1.000000 -1.000000
100.152283 512.074829
330.850830 264.716766
-1.000000 -1.000000
710.298950 214.146912
-1.000000 -1.000000
-1.000000 -1.000000
-1.000000 -1.000000
-1.000000 -1.000000
-1.000000 -1.000000
-1.000000 -1.000000
524.152039 111.295479
382.415741 250.487747
727.250916 151.179047
-1.000000 -1.000000
298.700439 157.331192
-1.000000 -1.000000
-1.000000 -1.000000
-1.000000 -1.000000
-1.000000 -1.000000
-1.000000 -1.000000
-1.000000 -1.000000
-1.000000 -1.000000
624.229553 469.420380
211.687653 267.513000
314.490479 173.490372
-1.000000 -1.000000
-1.000000 -1.000000
74.221092 492.840088
-1.000000 -1.000000
-1.000000 -1.000000
-1.000000 -1.000000
-1.000000 -1.000000
-1.000000 -1.000000
-1.000000 -1.000000
-1.000000 -1.000000
-1.000000 -1.000000
-1.000000 -1.000000
-1.000000 -1.000000
-1.000000 -1.000000
-1.000000 -1.000000
-1.000000 -1.000000
-1.000000 -1.000000
996.792297 255.535919
509.099152 503.847748
-1.000000 -1.000000
-1.000000 -1.000000
720.709778 181.830048
-1.000000 -1.000000
-1.000000 -1.000000
-1.000000 -1.000000
330.162903 224.120087
-1.000000 -1.000000
915.388489 254.473480
-1.000000 -1.000000
-1.000000 -1.000000
-1.000000 -1.000000
-1.000000 -1.000000
-1.000000 -1.000000
-1.000000 -1.000000
-1.000000 -1.000000
-1.000000 -1.000000
744.278442 252.101700
618.017639 456.321594
-1.000000 -1.000000
-1.000000 -1.000000
-1.000000 -1.000000
-1.000000 -1.000000
-1.000000 -1.000000
-1.000000 -1.000000
474.692505 40.951378
-1.000000 -1.000000
-1.000000 -1.000000
-1.000000 -1.000000
-1.000000 -1.000000
-1.000000 -1.000000
463.989838 362.649475
-1.000000 -1.000000
350.309601 505.990295
-1.000000 -1.000000
-1.000000 -1.000000
-1.000000 -1.000000
-1.000000 -1.000000
-1.000000 -1.000000
-1.000000 -1.000000
-1.000000 -1.000000
-1.000000 -1.000000
-1.000000 -1.000000
-1.000000 -1.000000
-1.000000 -1.000000
-1.000000 -1.000000
-1.000000 -1.000000
-1.000000 -1.000000
-1.000000 -1.000000
-1.000000 -1.000000
631.908020 458.964783
-1.000000 -1.000000
-1.000000 -1.000000
-1.000000 -1.000000
645.048828 426.943634
660.982117 428.135681
-1.000000 -1.000000
-1.000000 -1.000000
-1.000000 -1.000000
615.227844 473.994598
-1.000000 -1.000000
-1.000000 -1.000000
-1.000000 -1.000000
726.861267 195.906174
-1.000000 -1.000000
-1.000000 -1.000000
725.083435 275.509979
-1.000000 -1.000000
161.486511 205.401245
308.721527 142.450165
-1.000000 -1.000000
-1.000000 -1.000000
-1.000000 -1.000000
488.270782 504.738129
-1.000000 -1.000000
459.353149 373.535614
359.785858 517.422607
-1.000000 -1.000000
-1.000000 -1.000000
-1.000000 -1.000000
-1.000000 -1.000000
765.620728 413.499664
-1.000000 -1.000000
-1.000000 -1.000000
894.015564 254.657684
-1.000000 -1.000000
42.392567 505.084930
-1.000000 -1.000000
-1.000000 -1.000000
-1.000000 -1.000000
-1.000000 -1.000000
538.303528 518.451477
-1.000000 -1.000000
465.326019 500.752594
-1.000000 -1.000000
-1.000000 -1.000000
-1.000000 -1.000000
-1.000000 -1.000000
-1.000000 -1.000000
325.454651 183.033859
331.009155 225.472427
-1.000000 -1.000000
561.798950 519.257812
-1.000000 -1.000000
-1.000000 -1.000000
620.834778 482.854218
-1.000000 -1.000000
-1.000000 -1.000000
-1.000000 -1.000000
-1.000000 -1.000000
43.085037 423.628296
-1.000000 -1.000000
63.398014 492.330627
-1.000000 -1.000000
-1.000000 -1.000000
312.504028 157.578201
-1.000000 -1.000000
-1.000000 -1.000000
-1.000000 -1.000000
-1.000000 -1.000000
332.972473 239.998383
-1.000000 -1.000000
-1.000000 -1.000000
469.742279 385.529724
-1.000000 -1.000000
-1.000000 -1.000000
-1.000000 -1.000000
-1.000000 -1.000000
-1.000000 -1.000000
729.490784 123.128799
-1.000000 -1.000000
-1.000000 -1.000000
-1.000000 -1.000000
-1.000000 -1.000000
-1.000000 -1.000000
528.518677 153.804291
-1.000000 -1.000000
-1.000000 -1.000000
-1.000000 -1.000000
-1.000000 -1.000000
-1.000000 -1.000000
-1.000000 -1.000000
-1.000000 -1.000000
-1.000000 -1.000000
-1.000000 -1.000000
732.041504 109.350990
393.246246 490.109985
374.028290 519.922791
-1.000000 -1.000000
-1.000000 -1.000000
-1.000000 -1.000000
-1.000000 -1.000000
-1.000000 -1.000000
929.031067 236.731461
-1.000000 -1.000000
-1.000000 -1.000000
-1.000000 -1.000000
-1.000000 -1.000000
-1.000000 -1.000000
719.249939 230.652878
-1.000000 -1.000000
-1.000000 -1.000000
-1.000000 -1.000000
-1.000000 -1.000000
950.126587 280.493835
-1.000000 -1.000000
-1.000000 -1.000000
-1.000000 -1.000000
-1.000000 -1.000000
208.603333 259.799072
-1.000000 -1.000000
-1.000000 -1.000000
823.405762 368.548370
-1.000000 -1.000000
51.191414 431.890930
-1.000000 -1.000000
-1.000000 -1.000000
386.859680 521.458740
-1.000000 -1.000000
-1.000000 -1.000000
-1.000000 -1.000000
-1.000000 -1.000000
-1.000000 -1.000000
-1.000000 -1.000000
196.795929 400.485474
328.597260 171.281403
-1.000000 -1.000000
-1.000000 -1.000000
-1.000000 -1.000000
-1.000000 -1.000000
-1.000000 -1.000000
-1.000000 -1.000000
-1.000000 -1.000000
-1.000000 -1.000000
-1.000000 -1.000000
664.389038 421.350586
-1.000000 -1.000000
-1.000000 -1.000000
-1.000000 -1.000000
-1.000000 -1.000000
-1.000000 -1.000000
444.754791 491.829803
-1.000000 -1.000000
-1.000000 -1.000000
