-1.000000 -1.000000
-1.000000 -1.000000
-1.000000 -1.000000
-1.000000 -1.000000
-1.000000 -1.000000
-1.000000 -1.000000
-1.000000 -1.000000
-1.000000 -1.000000
-1.000000 -1.000000
-1.000000 -1.000000
-1.000000 -1.000000
-1.000000 -1.000000
-1.000000 -1.000000
-1.000000 -1.000000
-1.000000 -1.000000
-1.000000 -1.000000
-1.000000 -1.000000
-1.000000 -1.000000
-1.000000 -1.000000
1191.666382 201.113953
-1.000000 -1.000000
-1.000000 -1.000000
1204.054810 155.769562
-1.000000 -1.000000
-1.000000 -1.000000
-1.000000 -1.000000
-1.000000 -1.000000
-1.000000 -1.000000
-1.000000 -1.000000
-1.000000 -1.000000
-1.000000 -1.000000
-1.000000 -1.000000
737.596863 363.682129
885.418213 70.160561
-1.000000 -1.000000
422.336212 210.006546
-1.000000 -1.000000
695.875427 444.509308
-1.000000 -1.000000
-1.000000 -1.000000
-1.000000 -1.000000
-1.000000 -1.000000
532.171143 248.922668
-1.000000 -1.000000
-1.000000 -1.000000
-1.000000 -1.000000
1173.846558 185.721039
-1.000000 -1.000000
-1.000000 -1.000000
-1.000000 -1.000000
-1.000000 -1.000000
1029.999878 198.265030
-1.000000 -1.000000
910.629639 225.275223
1188.883179 185.538467
-1.000000 -1.000000
-1.000000 -1.000000
-1.000000 -1.000000
420.341187 195.472763
679.477661 444.296326
1208.058960 196.917511
-1.000000 -1.000000
-1.000000 -1.000000
-1.000000 -1.000000
-1.000000 -1.000000
-1.000000 -1.000000
-1.000000 -1.000000
-1.000000 -1.000000
852.044800 436.546112
-1.000000 -1.000000
-1.000000 -1.000000
418.553345 222.702072
679.055359 422.436768
-1.000000 -1.000000
-1.000000 -1.000000
-1.000000 -1.000000
-1.000000 -1.000000
-1.000000 -1.000000
-1.000000 -1.000000
-1.000000 -1.000000
-1.000000 -1.000000
1038.037354 42.260532
843.287903 465.660553
-1.000000 -1.000000
-1.000000 -1.000000
-1.000000 -1.000000
-1.000000 -1.000000
-1.000000 -1.000000
-1.000000 -1.000000
-1.000000 -1.000000
1073.440918 197.991714
737.285645 347.763855
-1.000000 -1.000000
-1.000000 -1.000000
-1.000000 -1.000000
-1.000000 -1.000000
-1.000000 -1.000000
-1.000000 -1.000000
-1.000000 -1.000000
724.823486 447.824158
528.775391 40.995239
-1.000000 -1.000000
-1.000000 -1.000000
-1.000000 -1.000000
-1.000000 -1.000000
529.894409 263.821167
862.827271 436.056213
-1.000000 -1.000000
-1.000000 -1.000000
-1.000000 -1.000000
-1.000000 -1.000000
-1.000000 -1.000000
712.502136 442.585022
-1.000000 -1.000000
-1.000000 -1.000000
-1.000000 -1.000000
-1.000000 -1.000000
-1.000000 -1.000000
-1.000000 -1.000000
1192.230835 498.541138
-1.000000 -1.000000
-1.000000 -1.000000
899.340637 235.874588
-1.000000 -1.000000
-1.000000 -1.000000
-1.000000 -1.000000
758.065796 450.743988
-1.000000 -1.000000
-1.000000 -1.000000
517.790344 249.074692
-1.000000 -1.000000
873.270996 419.824158
-1.000000 -1.000000
-1.000000 -1.000000
-1.000000 -1.000000
-1.000000 -1.000000
-1.000000 -1.000000
1026.333008 213.513184
712.680054 426.175751
728.108582 433.287292
734.008667 452.387054
-1.000000 -1.000000
-1.000000 -1.000000
-1.000000 -1.000000
1039.311401 449.451752
-1.000000 -1.000000
550.874573 269.534637
-1.000000 -1.000000
-1.000000 -1.000000
-1.000000 -1.000000
-1.000000 -1.000000
490.495972 188.923767
-1.000000 -1.000000
-1.000000 -1.000000
-1.000000 -1.000000
-1.000000 -1.000000
-1.000000 -1.000000
-1.000000 -1.000000
-1.000000 -1.000000
853.378662 471.938629
-1.000000 -1.000000
901.874573 219.847458
-1.000000 -1.000000
1038.509033 473.262970
-1.000000 -1.000000
-1.000000 -1.000000
-1.000000 -1.000000
-1.000000 -1.000000
888.610779 420.282654
389.682312 208.566864
690.925476 344.801453
918.540283 229.864929
688.600464 359.832092
824.476685 460.583099
-1.000000 -1.000000
-1.000000 -1.000000
846.174377 452.431335
-1.000000 -1.000000
-1.000000 -1.000000
-1.000000 -1.000000
-1.000000 -1.000000
680.788940 403.081573
-1.000000 -1.000000
553.735779 255.326553
-1.000000 -1.000000
1118.235474 224.395981
-1.000000 -1.000000
346.542847 475.295105
-1.000000 -1.000000
-1.000000 -1.000000
-1.000000 -1.000000
-1.000000 -1.000000
-1.000000 -1.000000
515.335388 264.019836
412.884583 213.417786
693.706909 461.043091
871.164856 440.255737
-1.000000 -1.000000
-1.000000 -1.000000
345.186646 490.543945
858.919128 451.012360
-1.000000 -1.000000
488.486481 205.138214
-1.000000 -1.000000
-1.000000 -1.000000
-1.000000 -1.000000
375.321838 177.342133
365.244812 473.914520
-1.000000 -1.000000
-1.000000 -1.000000
-1.000000 -1.000000
-1.000000 -1.000000
1016.713318 196.092896
-1.000000 -1.000000
-1.000000 -1.000000
-1.000000 -1.000000
1028.197266 481.898132
-1.000000 -1.000000
729.581421 413.345764
-1.000000 -1.000000
-1.000000 -1.000000
1026.878296 453.770691
-1.000000 -1.000000
331.063599 472.663025
-1.000000 -1.000000
-1.000000 -1.000000
-1.000000 -1.000000
-1.000000 -1.000000
-1.000000 -1.000000
363.827454 489.278137
-1.000000 -1.000000
-1.000000 -1.000000
745.124329 461.134033
-1.000000 -1.000000
900.707092 70.047295
-1.000000 -1.000000
-1.000000 -1.000000
-1.000000 -1.000000
-1.000000 -1.000000
-1.000000 -1.000000
-1.000000 -1.000000
1182.410767 514.713196
-1.000000 -1.000000
710.416687 458.521820
-1.000000 -1.000000
-1.000000 -1.000000
-1.000000 -1.000000
-1.000000 -1.000000
-1.000000 -1.000000
504.647705 188.620529
328.995575 488.376312
723.168884 466.222168
-1.000000 -1.000000
-1.000000 -1.000000
713.155029 406.932281
-1.000000 -1.000000
-1.000000 -1.000000
585.863831 418.108063
-1.000000 -1.000000
1115.005127 193.755096
-1.000000 -1.000000
-1.000000 -1.000000
1040.122192 213.734161
-1.000000 -1.000000
908.590088 239.711945
-1.000000 -1.000000
-1.000000 -1.000000
676.578186 460.776428
-1.000000 -1.000000
-1.000000 -1.000000
-1.000000 -1.000000
487.599335 172.767868
-1.000000 -1.000000
-1.000000 -1.000000
-1.000000 -1.000000
-1.000000 -1.000000
1207.780273 211.565735
-1.000000 -1.000000
-1.000000 -1.000000
-1.000000 -1.000000
1096.995117 233.865906
743.752808 438.797699
-1.000000 -1.000000
-1.000000 -1.000000
-1.000000 -1.000000
893.595947 114.600609
1100.941040 197.662231
699.251282 338.231079
-1.000000 -1.000000
809.196899 427.341553
-1.000000 -1.000000
-1.000000 -1.000000
-1.000000 -1.000000
1204.034302 181.564346
-1.000000 -1.000000
-1.000000 -1.000000
-1.000000 -1.000000
-1.000000 -1.000000
-1.000000 -1.000000
-1.000000 -1.000000
342.373596 505.866760
-1.000000 -1.000000
362.951782 169.897400
-1.000000 -1.000000
-1.000000 -1.000000
382.386414 169.586960
-1.000000 -1.000000
-1.000000 -1.000000
-1.000000 -1.000000
-1.000000 -1.000000
-1.000000 -1.000000
-1.000000 -1.000000
-1.000000 -1.000000
-1.000000 -1.000000
502.437469 205.051239
897.315613 86.883507
-1.000000 -1.000000
850.669128 486.761871
326.597626 503.951599
-1.000000 -1.000000
-1.000000 -1.000000
-1.000000 -1.000000
-1.000000 -1.000000
-1.000000 -1.000000
-1.000000 -1.000000
-1.000000 -1.000000
-1.000000 -1.000000
-1.000000 -1.000000
774.800293 462.827209
734.997375 147.085129
-1.000000 -1.000000
-1.000000 -1.000000
-1.000000 -1.000000
-1.000000 -1.000000
1019.732361 228.546173
359.971161 504.363434
414.531189 180.013977
-1.000000 -1.000000
-1.000000 -1.000000
-1.000000 -1.000000
-1.000000 -1.000000
742.223267 335.760681
-1.000000 -1.000000
-1.000000 -1.000000
-1.000000 -1.000000
736.283020 476.557526
-1.000000 -1.000000
-1.000000 -1.000000
-1.000000 -1.000000
362.565125 223.174271
823.590088 431.041443
-1.000000 -1.000000
1010.872742 211.040863
916.430664 213.516281
-1.000000 -1.000000
-1.000000 -1.000000
-1.000000 -1.000000
774.773193 381.236755
389.107574 201.246414
901.205811 427.009644
-1.000000 -1.000000
-1.000000 -1.000000
-1.000000 -1.000000
-1.000000 -1.000000
-1.000000 -1.000000
373.956970 175.554047
-1.000000 -1.000000
-1.000000 -1.000000
-1.000000 -1.000000
-1.000000 -1.000000
-1.000000 -1.000000
817.174194 134.405884
-1.000000 -1.000000
-1.000000 -1.000000
891.456970 234.096725
-1.000000 -1.000000
-1.000000 -1.000000
-1.000000 -1.000000
-1.000000 -1.000000
-1.000000 -1.000000
-1.000000 -1.000000
-1.000000 -1.000000
-1.000000 -1.000000
519.361877 188.259064
501.700256 173.026947
-1.000000 -1.000000
-1.000000 -1.000000
-1.000000 -1.000000
938.177490 408.105743
-1.000000 -1.000000
405.422272 387.377289
-1.000000 -1.000000
-1.000000 -1.000000
390.447083 386.166687
891.876038 159.910873
-1.000000 -1.000000
-1.000000 -1.000000
406.373962 372.487305
-1.000000 -1.000000
-1.000000 -1.000000
-1.000000 -1.000000
718.977600 146.562302
-1.000000 -1.000000
-1.000000 -1.000000
-1.000000 -1.000000
-1.000000 -1.000000
-1.000000 -1.000000
-1.000000 -1.000000
-1.000000 -1.000000
-1.000000 -1.000000
445.948608 381.897675
979.334961 40.235710
-1.000000 -1.000000
390.371338 401.011932
754.449768 475.613922
-1.000000 -1.000000
460.995483 381.947266
-1.000000 -1.000000
430.999878 382.725677
963.360229 40.619446
1112.206055 211.410904
566.306824 256.069092
437.972687 366.960663
-1.000000 -1.000000
502.927063 243.948242
407.336639 402.113129
-1.000000 -1.000000
452.983093 367.128510
-1.000000 -1.000000
-1.000000 -1.000000
661.958313 439.943451
-1.000000 -1.000000
564.116333 269.709106
-1.000000 -1.000000
-1.000000 -1.000000
-1.000000 -1.000000
358.882019 174.669479
-1.000000 -1.000000
517.160339 203.726486
446.027405 396.812469
560.729858 466.928741
886.060059 130.654434
-1.000000 -1.000000
-1.000000 -1.000000
868.704102 453.447723
-1.000000 -1.000000
-1.000000 -1.000000
-1.000000 -1.000000
-1.000000 -1.000000
-1.000000 -1.000000
-1.000000 -1.000000
840.909119 479.891144
-1.000000 -1.000000
391.262482 214.838745
-1.000000 -1.000000
431.102692 397.627991
-1.000000 -1.000000
-1.000000 -1.000000
-1.000000 -1.000000
461.021759 396.850708
-1.000000 -1.000000
-1.000000 -1.000000
-1.000000 -1.000000
798.758301 116.350845
-1.000000 -1.000000
701.588318 193.494614
-1.000000 -1.000000
-1.000000 -1.000000
-1.000000 -1.000000
-1.000000 -1.000000
-1.000000 -1.000000
-1.000000 -1.000000
692.310913 325.255493
-1.000000 -1.000000
-1.000000 -1.000000
-1.000000 -1.000000
877.421448 237.331940
-1.000000 -1.000000
354.433472 460.390228
-1.000000 -1.000000
-1.000000 -1.000000
-1.000000 -1.000000
1100.102295 212.999496
-1.000000 -1.000000
537.824097 214.481903
-1.000000 -1.000000
-1.000000 -1.000000
-1.000000 -1.000000
-1.000000 -1.000000
422.975372 367.703583
-1.000000 -1.000000
-1.000000 -1.000000
-1.000000 -1.000000
-1.000000 -1.000000
-1.000000 -1.000000
-1.000000 -1.000000
-1.000000 -1.000000
-1.000000 -1.000000
-1.000000 -1.000000
772.167725 335.663239
353.442963 162.069260
-1.000000 -1.000000
-1.000000 -1.000000
-1.000000 -1.000000
-1.000000 -1.000000
-1.000000 -1.000000
1022.553528 473.377686
798.626892 131.669495
-1.000000 -1.000000
-1.000000 -1.000000
-1.000000 -1.000000
781.062805 116.416489
521.328979 219.576431
-1.000000 -1.000000
-1.000000 -1.000000
811.961548 149.467133
-1.000000 -1.000000
-1.000000 -1.000000
-1.000000 -1.000000
660.485596 455.299927
698.219604 644.216675
1045.410522 512.710754
-1.000000 -1.000000
-1.000000 -1.000000
386.030823 192.751984
500.545471 260.308960
-1.000000 -1.000000
-1.000000 -1.000000
-1.000000 -1.000000
-1.000000 -1.000000
676.881714 339.142670
-1.000000 -1.000000
-1.000000 -1.000000
527.691040 278.754608
-1.000000 -1.000000
744.707214 162.944916
-1.000000 -1.000000
1096.152100 438.329437
-1.000000 -1.000000
-1.000000 -1.000000
-1.000000 -1.000000
-1.000000 -1.000000
1034.576416 362.766083
-1.000000 -1.000000
-1.000000 -1.000000
375.285919 387.209534
-1.000000 -1.000000
695.605164 281.104797
-1.000000 -1.000000
-1.000000 -1.000000
827.425964 445.745422
-1.000000 -1.000000
-1.000000 -1.000000
-1.000000 -1.000000
707.645203 325.517670
-1.000000 -1.000000
-1.000000 -1.000000
-1.000000 -1.000000
1027.290894 378.974762
794.784363 146.888748
-1.000000 -1.000000
-1.000000 -1.000000
-1.000000 -1.000000
-1.000000 -1.000000
895.915710 206.159256
-1.000000 -1.000000
698.284668 630.965820
-1.000000 -1.000000
-1.000000 -1.000000
361.390442 165.802475
1011.593140 378.911926
-1.000000 -1.000000
-1.000000 -1.000000
382.487244 458.577484
-1.000000 -1.000000
-1.000000 -1.000000
-1.000000 -1.000000
-1.000000 -1.000000
1019.282349 363.491455
-1.000000 -1.000000
-1.000000 -1.000000
-1.000000 -1.000000
-1.000000 -1.000000
-1.000000 -1.000000
357.294464 185.668289
925.166382 235.490204
660.092651 425.396606
-1.000000 -1.000000
-1.000000 -1.000000
720.372131 218.656509
-1.000000 -1.000000
807.405334 405.204926
-1.000000 -1.000000
698.854004 290.990448
516.514099 174.274460
-1.000000 -1.000000
513.213562 279.011383
-1.000000 -1.000000
-1.000000 -1.000000
-1.000000 -1.000000
-1.000000 -1.000000
-1.000000 -1.000000
-1.000000 -1.000000
391.515961 210.338699
1023.849609 398.395020
-1.000000 -1.000000
-1.000000 -1.000000
-1.000000 -1.000000
-1.000000 -1.000000
-1.000000 -1.000000
-1.000000 -1.000000
1190.429443 247.773285
-1.000000 -1.000000
1004.693909 397.741455
-1.000000 -1.000000
-1.000000 -1.000000
1034.951538 229.100311
841.917603 159.055496
-1.000000 -1.000000
-1.000000 -1.000000
375.210083 174.744934
-1.000000 -1.000000
706.647827 642.833557
-1.000000 -1.000000
-1.000000 -1.000000
-1.000000 -1.000000
674.230225 326.845123
581.653137 243.501404
-1.000000 -1.000000
-1.000000 -1.000000
-1.000000 -1.000000
-1.000000 -1.000000
-1.000000 -1.000000
-1.000000 -1.000000
-1.000000 -1.000000
548.316284 248.682175
-1.000000 -1.000000
1117.886353 214.006256
-1.000000 -1.000000
-1.000000 -1.000000
-1.000000 -1.000000
-1.000000 -1.000000
861.282166 407.946381
-1.000000 -1.000000
-1.000000 -1.000000
574.606323 471.502899
-1.000000 -1.000000
-1.000000 -1.000000
1003.839600 363.453705
-1.000000 -1.000000
-1.000000 -1.000000
-1.000000 -1.000000
674.553162 305.538818
817.629456 388.660187
-1.000000 -1.000000
-1.000000 -1.000000
-1.000000 -1.000000
-1.000000 -1.000000
697.883545 655.964355
482.334351 140.160950
-1.000000 -1.000000
-1.000000 -1.000000
498.262024 275.282654
-1.000000 -1.000000
-1.000000 -1.000000
782.204163 131.079910
-1.000000 -1.000000
-1.000000 -1.000000
-1.000000 -1.000000
849.513123 393.985931
-1.000000 -1.000000
-1.000000 -1.000000
-1.000000 -1.000000
-1.000000 -1.000000
-1.000000 -1.000000
-1.000000 -1.000000
919.939697 237.497391
-1.000000 -1.000000
-1.000000 -1.000000
-1.000000 -1.000000
707.997070 132.599991
-1.000000 -1.000000
851.478943 410.629669
-1.000000 -1.000000
-1.000000 -1.000000
-1.000000 -1.000000
-1.000000 -1.000000
-1.000000 -1.000000
-1.000000 -1.000000
-1.000000 -1.000000
953.897949 389.084290
-1.000000 -1.000000
-1.000000 -1.000000
-1.000000 -1.000000
-1.000000 -1.000000
-1.000000 -1.000000
-1.000000 -1.000000
-1.000000 -1.000000
706.317200 629.696533
-1.000000 -1.000000
-1.000000 -1.000000
-1.000000 -1.000000
412.691925 219.191925
833.989136 435.447418
1106.672485 226.960129
1173.117920 249.815918
-1.000000 -1.000000
375.201538 402.026733
-1.000000 -1.000000
-1.000000 -1.000000
-1.000000 -1.000000
569.480957 241.803360
-1.000000 -1.000000
-1.000000 -1.000000
-1.000000 -1.000000
545.159607 455.990784
995.956238 378.679993
319.418945 470.306122
-1.000000 -1.000000
-1.000000 -1.000000
261.603119 372.851532
-1.000000 -1.000000
-1.000000 -1.000000
-1.000000 -1.000000
264.555420 379.483307
-1.000000 -1.000000
-1.000000 -1.000000
-1.000000 -1.000000
-1.000000 -1.000000
587.109314 473.560089
-1.000000 -1.000000
-1.000000 -1.000000
-1.000000 -1.000000
-1.000000 -1.000000
829.279053 443.428802
449.405487 207.850235
-1.000000 -1.000000
-1.000000 -1.000000
-1.000000 -1.000000
-1.000000 -1.000000
-1.000000 -1.000000
-1.000000 -1.000000
-1.000000 -1.000000
-1.000000 -1.000000
-1.000000 -1.000000
-1.000000 -1.000000
-1.000000 -1.000000
-1.000000 -1.000000
-1.000000 -1.000000
-1.000000 -1.000000
488.322052 152.970245
-1.000000 -1.000000
313.496735 464.945038
449.953827 222.273407
-1.000000 -1.000000
889.410461 179.353897
-1.000000 -1.000000
-1.000000 -1.000000
539.235474 248.081741
-1.000000 -1.000000
-1.000000 -1.000000
-1.000000 -1.000000
704.472900 72.086853
584.881409 215.753281
909.016418 113.218102
647.268311 229.159454
480.137909 119.124947
-1.000000 -1.000000
-1.000000 -1.000000
-1.000000 -1.000000
-1.000000 -1.000000
-1.000000 -1.000000
688.812256 643.544373
-1.000000 -1.000000
844.227783 445.437653
392.238800 227.793823
494.361450 141.989578
-1.000000 -1.000000
-1.000000 -1.000000
290.670471 445.288513
-1.000000 -1.000000
-1.000000 -1.000000
-1.000000 -1.000000
-1.000000 -1.000000
-1.000000 -1.000000
-1.000000 -1.000000
-1.000000 -1.000000
-1.000000 -1.000000
-1.000000 -1.000000
-1.000000 -1.000000
688.311462 655.898254
-1.000000 -1.000000
-1.000000 -1.000000
-1.000000 -1.000000
1205.171021 226.228714
705.014404 475.103455
-1.000000 -1.000000
-1.000000 -1.000000
901.324097 144.848221
-1.000000 -1.000000
-1.000000 -1.000000
-1.000000 -1.000000
447.853210 192.591125
-1.000000 -1.000000
1105.479004 224.875351
-1.000000 -1.000000
-1.000000 -1.000000
537.874390 263.556519
-1.000000 -1.000000
677.635132 271.725372
-1.000000 -1.000000
-1.000000 -1.000000
-1.000000 -1.000000
922.762573 220.029144
833.867859 422.864227
-1.000000 -1.000000
-1.000000 -1.000000
-1.000000 -1.000000
-1.000000 -1.000000
-1.000000 -1.000000
543.538452 237.682083
647.723022 40.701630
-1.000000 -1.000000
-1.000000 -1.000000
706.787781 655.204651
556.600891 241.617340
-1.000000 -1.000000
661.324036 325.150055
-1.000000 -1.000000
549.277710 470.762543
-1.000000 -1.000000
-1.000000 -1.000000
-1.000000 -1.000000
-1.000000 -1.000000
-1.000000 -1.000000
-1.000000 -1.000000
662.946228 40.918701
682.534180 640.169128
-1.000000 -1.000000
369.678406 172.297485
-1.000000 -1.000000
-1.000000 -1.000000
-1.000000 -1.000000
-1.000000 -1.000000
-1.000000 -1.000000
-1.000000 -1.000000
849.907471 429.906158
-1.000000 -1.000000
-1.000000 -1.000000
-1.000000 -1.000000
838.338562 402.185455
855.090271 404.597565
-1.000000 -1.000000
-1.000000 -1.000000
682.226196 654.479309
834.552246 447.656616
-1.000000 -1.000000
-1.000000 -1.000000
-1.000000 -1.000000
906.950073 160.194885
689.154419 630.287659
-1.000000 -1.000000
902.223145 243.107010
-1.000000 -1.000000
353.161255 161.463791
490.626312 104.788223
-1.000000 -1.000000
-1.000000 -1.000000
-1.000000 -1.000000
683.564514 475.562195
-1.000000 -1.000000
658.513550 339.711700
559.698914 482.393585
-1.000000 -1.000000
-1.000000 -1.000000
-1.000000 -1.000000
-1.000000 -1.000000
971.676880 391.101776
-1.000000 -1.000000
-1.000000 -1.000000
1087.028320 225.831604
-1.000000 -1.000000
258.039948 456.675415
-1.000000 -1.000000
-1.000000 -1.000000
-1.000000 -1.000000
-1.000000 -1.000000
736.843933 489.620972
-1.000000 -1.000000
661.618286 470.556915
-1.000000 -1.000000
-1.000000 -1.000000
-1.000000 -1.000000
-1.000000 -1.000000
-1.000000 -1.000000
502.882263 153.654251
463.975372 192.184097
-1.000000 -1.000000
760.406311 489.919952
-1.000000 -1.000000
-1.000000 -1.000000
841.262390 461.664459
-1.000000 -1.000000
-1.000000 -1.000000
-1.000000 -1.000000
-1.000000 -1.000000
258.016907 368.434967
-1.000000 -1.000000
279.956207 444.524323
-1.000000 -1.000000
-1.000000 -1.000000
493.706635 120.956154
-1.000000 -1.000000
-1.000000 -1.000000
-1.000000 -1.000000
-1.000000 -1.000000
464.529968 208.137787
-1.000000 -1.000000
-1.000000 -1.000000
667.900940 347.397797
-1.000000 -1.000000
-1.000000 -1.000000
-1.000000 -1.000000
-1.000000 -1.000000
-1.000000 -1.000000
912.408142 85.380905
-1.000000 -1.000000
-1.000000 -1.000000
-1.000000 -1.000000
-1.000000 -1.000000
665.722351 282.293030
707.636108 114.483086
-1.000000 -1.000000
-1.000000 -1.000000
-1.000000 -1.000000
682.175964 626.177124
-1.000000 -1.000000
-1.000000 -1.000000
-1.000000 -1.000000
-1.000000 -1.000000
-1.000000 -1.000000
915.617493 69.803886
595.018066 455.312866
574.960266 485.885895
-1.000000 -1.000000
-1.000000 -1.000000
-1.000000 -1.000000
-1.000000 -1.000000
-1.000000 -1.000000
1119.136597 207.096832
719.231873 647.876099
-1.000000 -1.000000
-1.000000 -1.000000
-1.000000 -1.000000
-1.000000 -1.000000
897.788147 197.903168
-1.000000 -1.000000
-1.000000 -1.000000
-1.000000 -1.000000
-1.000000 -1.000000
1157.508057 252.087738
-1.000000 -1.000000
-1.000000 -1.000000
-1.000000 -1.000000
-1.000000 -1.000000
392.259277 215.819321
-1.000000 -1.000000
-1.000000 -1.000000
1043.334717 351.402161
-1.000000 -1.000000
265.325500 377.134247
-1.000000 -1.000000
-1.000000 -1.000000
589.523010 487.870270
-1.000000 -1.000000
-1.000000 -1.000000
-1.000000 -1.000000
-1.000000 -1.000000
-1.000000 -1.000000
-1.000000 -1.000000
407.322784 358.519531
508.909698 142.578308
-1.000000 -1.000000
-1.000000 -1.000000
-1.000000 -1.000000
-1.000000 -1.000000
-1.000000 -1.000000
-1.000000 -1.000000
-1.000000 -1.000000
-1.000000 -1.000000
-1.000000 -1.000000
857.742737 396.184906
-1.000000 -1.000000
-1.000000 -1.000000
-1.000000 -1.000000
696.716614 661.106995
-1.000000 -1.000000
642.392334 459.773438
-1.000000 -1.000000
-1.000000 -1.000000
