-1.000000 -1.000000
-1.000000 -1.000000
-1.000000 -1.000000
-1.000000 -1.000000
-1.000000 -1.000000
-1.000000 -1.000000
-1.000000 -1.000000
-1.000000 -1.000000
-1.000000 -1.000000
-1.000000 -1.000000
-1.000000 -1.000000
-1.000000 -1.000000
-1.000000 -1.000000
-1.000000 -1.000000
-1.000000 -1.000000
-1.000000 -1.000000
-1.000000 -1.000000
-1.000000 -1.000000
-1.000000 -1.000000
1146.428833 180.805725
-1.000000 -1.000000
-1.000000 -1.000000
1158.026367 137.620255
-1.000000 -1.000000
-1.000000 -1.000000
-1.000000 -1.000000
-1.000000 -1.000000
-1.000000 -1.000000
-1.000000 -1.000000
-1.000000 -1.000000
-1.000000 -1.000000
-1.000000 -1.000000
719.322510 353.600128
834.337585 56.523636
-1.000000 -1.000000
342.707001 205.721817
-1.000000 -1.000000
689.032288 437.864105
-1.000000 -1.000000
-1.000000 -1.000000
-1.000000 -1.000000
-1.000000 -1.000000
486.807587 243.101562
-1.000000 -1.000000
-1.000000 -1.000000
-1.000000 -1.000000
1128.240967 165.540115
-1.000000 -1.000000
-1.000000 -1.000000
-1.000000 -1.000000
-1.000000 -1.000000
978.670471 182.658737
-1.000000 -1.000000
864.070068 209.829483
1143.406006 165.085617
-1.000000 -1.000000
-1.000000 -1.000000
-1.000000 -1.000000
341.672394 191.937363
672.589539 437.644623
1162.843506 176.344315
-1.000000 -1.000000
-1.000000 -1.000000
-1.000000 -1.000000
-1.000000 -1.000000
-1.000000 -1.000000
-1.000000 -1.000000
-1.000000 -1.000000
871.278442 426.946564
-1.000000 -1.000000
-1.000000 -1.000000
342.200287 217.848999
671.408569 416.104858
-1.000000 -1.000000
-1.000000 -1.000000
-1.000000 -1.000000
-1.000000 -1.000000
-1.000000 -1.000000
-1.000000 -1.000000
-1.000000 -1.000000
-1.000000 -1.000000
981.926331 41.369740
863.786926 468.204498
-1.000000 -1.000000
-1.000000 -1.000000
-1.000000 -1.000000
-1.000000 -1.000000
-1.000000 -1.000000
-1.000000 -1.000000
-1.000000 -1.000000
1020.053772 183.357605
718.858215 337.395081
-1.000000 -1.000000
-1.000000 -1.000000
-1.000000 -1.000000
-1.000000 -1.000000
-1.000000 -1.000000
-1.000000 -1.000000
-1.000000 -1.000000
720.188660 440.380737
477.813751 40.828392
-1.000000 -1.000000
-1.000000 -1.000000
-1.000000 -1.000000
-1.000000 -1.000000
484.716858 258.067566
884.146240 426.920471
-1.000000 -1.000000
-1.000000 -1.000000
-1.000000 -1.000000
-1.000000 -1.000000
-1.000000 -1.000000
706.538818 435.946442
-1.000000 -1.000000
-1.000000 -1.000000
-1.000000 -1.000000
-1.000000 -1.000000
-1.000000 -1.000000
-1.000000 -1.000000
1204.642212 480.680511
-1.000000 -1.000000
-1.000000 -1.000000
857.056396 221.218857
-1.000000 -1.000000
-1.000000 -1.000000
-1.000000 -1.000000
756.323853 441.368835
-1.000000 -1.000000
-1.000000 -1.000000
472.231567 243.349854
-1.000000 -1.000000
892.000610 405.102264
-1.000000 -1.000000
-1.000000 -1.000000
-1.000000 -1.000000
-1.000000 -1.000000
-1.000000 -1.000000
975.433228 197.555969
705.502686 419.958740
722.011719 425.938629
731.382568 444.220856
-1.000000 -1.000000
-1.000000 -1.000000
-1.000000 -1.000000
1043.191040 424.651855
-1.000000 -1.000000
539.082275 261.807953
-1.000000 -1.000000
-1.000000 -1.000000
-1.000000 -1.000000
-1.000000 -1.000000
442.344482 181.288162
-1.000000 -1.000000
-1.000000 -1.000000
-1.000000 -1.000000
-1.000000 -1.000000
-1.000000 -1.000000
-1.000000 -1.000000
-1.000000 -1.000000
874.477173 474.450195
-1.000000 -1.000000
855.459839 204.587250
-1.000000 -1.000000
1050.515503 449.836029
-1.000000 -1.000000
-1.000000 -1.000000
-1.000000 -1.000000
-1.000000 -1.000000
901.560486 409.086243
301.638062 209.371155
682.527710 333.928070
871.726990 214.268448
680.140991 347.981964
793.021179 443.178864
-1.000000 -1.000000
-1.000000 -1.000000
866.114929 447.757355
-1.000000 -1.000000
-1.000000 -1.000000
-1.000000 -1.000000
-1.000000 -1.000000
672.279724 397.733673
-1.000000 -1.000000
541.648499 247.759918
-1.000000 -1.000000
1064.013672 206.618774
-1.000000 -1.000000
331.307343 481.091278
-1.000000 -1.000000
-1.000000 -1.000000
-1.000000 -1.000000
-1.000000 -1.000000
-1.000000 -1.000000
470.012512 258.411804
329.745667 210.174316
687.063293 455.391266
893.574524 431.740784
-1.000000 -1.000000
-1.000000 -1.000000
330.677429 496.770020
880.481995 445.070831
-1.000000 -1.000000
440.745453 197.238403
-1.000000 -1.000000
887.348633 41.588707
-1.000000 -1.000000
299.480347 183.463150
348.312225 478.850708
-1.000000 -1.000000
-1.000000 -1.000000
-1.000000 -1.000000
-1.000000 -1.000000
964.670288 180.438522
-1.000000 -1.000000
-1.000000 -1.000000
-1.000000 -1.000000
1061.748901 473.757080
-1.000000 -1.000000
722.033081 407.125000
-1.000000 -1.000000
-1.000000 -1.000000
1033.010986 428.925140
-1.000000 -1.000000
315.740936 478.219421
-1.000000 -1.000000
-1.000000 -1.000000
-1.000000 -1.000000
-1.000000 -1.000000
-1.000000 -1.000000
347.596375 494.961090
-1.000000 -1.000000
-1.000000 -1.000000
744.254089 452.473816
-1.000000 -1.000000
849.565186 56.394684
-1.000000 -1.000000
-1.000000 -1.000000
-1.000000 -1.000000
-1.000000 -1.000000
-1.000000 -1.000000
343.141815 228.257004
1196.809326 496.907410
-1.000000 -1.000000
704.919373 452.407959
-1.000000 -1.000000
-1.000000 -1.000000
-1.000000 -1.000000
-1.000000 -1.000000
-1.000000 -1.000000
456.585968 180.851471
314.229156 494.913239
721.727112 458.279022
-1.000000 -1.000000
-1.000000 -1.000000
704.212708 400.221344
-1.000000 -1.000000
-1.000000 -1.000000
578.118530 409.872467
-1.000000 -1.000000
1058.851196 177.055023
-1.000000 -1.000000
-1.000000 -1.000000
990.106384 197.757874
-1.000000 -1.000000
865.148438 224.554382
-1.000000 -1.000000
-1.000000 -1.000000
669.974670 455.136749
-1.000000 -1.000000
-1.000000 -1.000000
-1.000000 -1.000000
439.161560 165.071030
-1.000000 -1.000000
-1.000000 -1.000000
-1.000000 -1.000000
-1.000000 -1.000000
1163.145752 191.494400
-1.000000 -1.000000
-1.000000 -1.000000
-1.000000 -1.000000
1055.837402 218.676712
741.863098 429.816833
-1.000000 -1.000000
-1.000000 -1.000000
-1.000000 -1.000000
843.979797 101.403679
1044.385254 179.761749
690.328308 327.380219
-1.000000 -1.000000
787.105042 419.713409
-1.000000 -1.000000
-1.000000 -1.000000
-1.000000 -1.000000
1158.561401 160.895905
-1.000000 -1.000000
-1.000000 -1.000000
-1.000000 -1.000000
-1.000000 -1.000000
-1.000000 -1.000000
-1.000000 -1.000000
327.518341 512.843079
-1.000000 -1.000000
297.150818 168.231262
-1.000000 -1.000000
-1.000000 -1.000000
314.844513 176.624466
-1.000000 -1.000000
-1.000000 -1.000000
-1.000000 -1.000000
-1.000000 -1.000000
-1.000000 -1.000000
-1.000000 -1.000000
-1.000000 -1.000000
-1.000000 -1.000000
454.946533 196.816666
846.768860 72.905510
-1.000000 -1.000000
870.764954 488.341980
311.661682 510.969360
-1.000000 -1.000000
-1.000000 -1.000000
-1.000000 -1.000000
-1.000000 -1.000000
-1.000000 -1.000000
-1.000000 -1.000000
-1.000000 -1.000000
-1.000000 -1.000000
-1.000000 -1.000000
768.694580 452.055847
690.552917 135.257431
-1.000000 -1.000000
-1.000000 -1.000000
-1.000000 -1.000000
952.568970 41.096157
969.544739 212.425201
345.147156 510.379944
341.024780 181.460953
-1.000000 -1.000000
-1.000000 -1.000000
-1.000000 -1.000000
-1.000000 -1.000000
724.419495 323.384735
-1.000000 -1.000000
-1.000000 -1.000000
-1.000000 -1.000000
736.366150 468.032928
-1.000000 -1.000000
-1.000000 -1.000000
-1.000000 -1.000000
270.171265 227.077133
806.379944 419.262634
-1.000000 -1.000000
958.556396 194.496399
869.401794 197.937424
-1.000000 -1.000000
-1.000000 -1.000000
-1.000000 -1.000000
758.600281 371.541656
302.541992 200.414459
911.099792 416.187469
-1.000000 -1.000000
-1.000000 -1.000000
-1.000000 -1.000000
-1.000000 -1.000000
-1.000000 -1.000000
300.323334 180.892578
-1.000000 -1.000000
-1.000000 -1.000000
-1.000000 -1.000000
-1.000000 -1.000000
-1.000000 -1.000000
771.105347 121.681747
-1.000000 -1.000000
-1.000000 -1.000000
849.209473 219.792892
-1.000000 -1.000000
-1.000000 -1.000000
-1.000000 -1.000000
-1.000000 -1.000000
-1.000000 -1.000000
-1.000000 -1.000000
-1.000000 -1.000000
-1.000000 -1.000000
471.350800 180.616974
453.397675 165.353424
-1.000000 -1.000000
-1.000000 -1.000000
-1.000000 -1.000000
933.982910 393.592743
-1.000000 -1.000000
387.433319 386.349365
-1.000000 -1.000000
-1.000000 -1.000000
372.407532 385.314972
843.450806 146.846466
-1.000000 -1.000000
-1.000000 -1.000000
388.413971 371.405273
-1.000000 -1.000000
-1.000000 -1.000000
-1.000000 -1.000000
674.742615 135.142883
-1.000000 -1.000000
-1.000000 -1.000000
-1.000000 -1.000000
-1.000000 -1.000000
-1.000000 -1.000000
-1.000000 -1.000000
-1.000000 -1.000000
-1.000000 -1.000000
432.634338 380.029694
926.576538 40.341194
-1.000000 -1.000000
372.445282 400.374939
753.985229 465.796539
-1.000000 -1.000000
447.583801 380.009277
-1.000000 -1.000000
417.648956 380.989594
910.642700 40.612453
1056.089478 193.321289
554.360535 247.704285
424.597656 365.049561
-1.000000 -1.000000
457.269806 238.104965
389.484253 401.470917
-1.000000 -1.000000
439.582825 365.128510
-1.000000 -1.000000
-1.000000 -1.000000
654.711243 433.660187
-1.000000 -1.000000
552.486267 260.971619
-1.000000 -1.000000
-1.000000 -1.000000
-1.000000 -1.000000
286.825928 170.941528
-1.000000 -1.000000
469.659943 195.768509
432.642883 395.058960
553.304993 466.512329
836.979004 117.407784
-1.000000 -1.000000
-1.000000 -1.000000
891.556946 447.244934
-1.000000 -1.000000
-1.000000 -1.000000
-1.000000 -1.000000
-1.000000 -1.000000
-1.000000 -1.000000
-1.000000 -1.000000
861.226135 482.769257
-1.000000 -1.000000
303.609558 215.837524
-1.000000 -1.000000
417.648438 396.033325
-1.000000 -1.000000
-1.000000 -1.000000
-1.000000 -1.000000
447.552979 395.038635
-1.000000 -1.000000
-1.000000 -1.000000
-1.000000 -1.000000
753.070679 103.713638
-1.000000 -1.000000
663.248718 173.379181
-1.000000 -1.000000
-1.000000 -1.000000
-1.000000 -1.000000
-1.000000 -1.000000
-1.000000 -1.000000
-1.000000 -1.000000
682.585388 313.416992
-1.000000 -1.000000
-1.000000 -1.000000
-1.000000 -1.000000
839.807739 225.235336
-1.000000 -1.000000
336.834534 464.926422
-1.000000 -1.000000
-1.000000 -1.000000
-1.000000 -1.000000
1044.157104 195.178452
-1.000000 -1.000000
495.947235 226.519058
-1.000000 -1.000000
-1.000000 -1.000000
-1.000000 -1.000000
-1.000000 -1.000000
409.199738 365.955963
-1.000000 -1.000000
-1.000000 -1.000000
-1.000000 -1.000000
-1.000000 -1.000000
-1.000000 -1.000000
-1.000000 -1.000000
-1.000000 -1.000000
-1.000000 -1.000000
-1.000000 -1.000000
755.229614 322.552826
293.467255 153.671585
-1.000000 -1.000000
-1.000000 -1.000000
-1.000000 -1.000000
-1.000000 -1.000000
-1.000000 -1.000000
1035.153320 449.996643
753.539856 119.213165
-1.000000 -1.000000
-1.000000 -1.000000
-1.000000 -1.000000
735.716492 103.317787
474.809967 213.265152
-1.000000 -1.000000
-1.000000 -1.000000
767.015930 136.972504
-1.000000 -1.000000
-1.000000 -1.000000
-1.000000 -1.000000
653.626099 449.706543
697.168030 639.335022
1087.761719 505.863312
-1.000000 -1.000000
-1.000000 -1.000000
301.000549 194.163895
455.207092 254.858475
-1.000000 -1.000000
-1.000000 -1.000000
-1.000000 -1.000000
-1.000000 -1.000000
668.722290 328.624390
-1.000000 -1.000000
-1.000000 -1.000000
482.657745 273.084930
-1.000000 -1.000000
700.053345 151.036697
-1.000000 -1.000000
1061.144165 412.333435
-1.000000 -1.000000
-1.000000 -1.000000
-1.000000 -1.000000
-1.000000 -1.000000
1031.122925 346.026672
-1.000000 -1.000000
-1.000000 -1.000000
357.402588 386.483154
-1.000000 -1.000000
678.974121 260.222076
-1.000000 -1.000000
-1.000000 -1.000000
813.356201 434.070374
-1.000000 -1.000000
-1.000000 -1.000000
-1.000000 -1.000000
697.351135 311.625549
-1.000000 -1.000000
-1.000000 -1.000000
-1.000000 -1.000000
1025.584961 362.568359
750.097168 134.373428
-1.000000 -1.000000
-1.000000 -1.000000
-1.000000 -1.000000
-1.000000 -1.000000
849.054382 191.184601
-1.000000 -1.000000
697.012695 625.513672
-1.000000 -1.000000
-1.000000 -1.000000
298.316162 164.301895
1010.324280 363.050507
-1.000000 -1.000000
-1.000000 -1.000000
357.357117 463.168732
-1.000000 -1.000000
-1.000000 -1.000000
-1.000000 -1.000000
-1.000000 -1.000000
1016.262329 347.365723
-1.000000 -1.000000
-1.000000 -1.000000
-1.000000 -1.000000
-1.000000 -1.000000
-1.000000 -1.000000
273.025421 183.488907
877.915833 219.763184
653.069458 418.842865
-1.000000 -1.000000
-1.000000 -1.000000
686.697083 199.180969
-1.000000 -1.000000
786.991821 396.955841
-1.000000 -1.000000
685.627563 284.226868
468.272888 166.506927
-1.000000 -1.000000
468.088379 273.456665
-1.000000 -1.000000
-1.000000 -1.000000
-1.000000 -1.000000
-1.000000 -1.000000
-1.000000 -1.000000
-1.000000 -1.000000
304.113556 210.914581
1022.406433 378.274170
-1.000000 -1.000000
-1.000000 -1.000000
-1.000000 -1.000000
-1.000000 -1.000000
-1.000000 -1.000000
-1.000000 -1.000000
1146.398193 228.942352
-1.000000 -1.000000
1001.944519 381.265594
-1.000000 -1.000000
-1.000000 -1.000000
987.161926 212.760025
797.563538 145.826141
-1.000000 -1.000000
-1.000000 -1.000000
302.412231 180.393509
-1.000000 -1.000000
707.399719 638.161072
-1.000000 -1.000000
-1.000000 -1.000000
-1.000000 -1.000000
665.258911 315.614655
569.693481 232.089508
-1.000000 -1.000000
-1.000000 -1.000000
-1.000000 -1.000000
-1.000000 -1.000000
-1.000000 -1.000000
-1.000000 -1.000000
-1.000000 -1.000000
535.708984 241.699860
-1.000000 -1.000000
1062.165161 195.935760
-1.000000 -1.000000
-1.000000 -1.000000
-1.000000 -1.000000
-1.000000 -1.000000
853.016785 398.142639
-1.000000 -1.000000
-1.000000 -1.000000
567.970947 471.569489
-1.000000 -1.000000
-1.000000 -1.000000
1001.835815 347.607758
-1.000000 -1.000000
-1.000000 -1.000000
-1.000000 -1.000000
664.377014 294.998352
799.619263 377.856659
-1.000000 -1.000000
-1.000000 -1.000000
-1.000000 -1.000000
-1.000000 -1.000000
696.876465 652.023376
432.076080 131.884796
-1.000000 -1.000000
-1.000000 -1.000000
453.188324 270.018219
-1.000000 -1.000000
-1.000000 -1.000000
737.331360 118.586952
-1.000000 -1.000000
-1.000000 -1.000000
-1.000000 -1.000000
827.635559 382.595276
-1.000000 -1.000000
-1.000000 -1.000000
-1.000000 -1.000000
-1.000000 -1.000000
-1.000000 -1.000000
-1.000000 -1.000000
873.101746 221.861694
-1.000000 -1.000000
-1.000000 -1.000000
-1.000000 -1.000000
663.560669 120.829750
-1.000000 -1.000000
843.045288 398.699921
-1.000000 -1.000000
-1.000000 -1.000000
-1.000000 -1.000000
-1.000000 -1.000000
-1.000000 -1.000000
-1.000000 -1.000000
-1.000000 -1.000000
949.996765 374.341644
-1.000000 -1.000000
-1.000000 -1.000000
-1.000000 -1.000000
-1.000000 -1.000000
-1.000000 -1.000000
-1.000000 -1.000000
-1.000000 -1.000000
706.847473 624.383728
-1.000000 -1.000000
-1.000000 -1.000000
-1.000000 -1.000000
331.393341 215.682495
847.986389 413.045929
1054.341064 209.755020
1126.874268 230.900284
-1.000000 -1.000000
357.427643 401.543243
-1.000000 -1.000000
-1.000000 -1.000000
-1.000000 -1.000000
557.346497 231.424911
-1.000000 -1.000000
-1.000000 -1.000000
-1.000000 -1.000000
533.492310 453.481842
995.192627 363.062683
303.460663 475.458710
-1.000000 -1.000000
-1.000000 -1.000000
196.641739 375.312897
-1.000000 -1.000000
-1.000000 -1.000000
-1.000000 -1.000000
204.230026 377.506348
-1.000000 -1.000000
-1.000000 -1.000000
-1.000000 -1.000000
-1.000000 -1.000000
582.358765 472.255646
-1.000000 -1.000000
-1.000000 -1.000000
-1.000000 -1.000000
-1.000000 -1.000000
830.134705 431.440399
397.761414 200.775681
-1.000000 -1.000000
-1.000000 -1.000000
-1.000000 -1.000000
-1.000000 -1.000000
-1.000000 -1.000000
283.760651 156.456512
-1.000000 -1.000000
-1.000000 -1.000000
-1.000000 -1.000000
869.803711 227.412399
-1.000000 -1.000000
-1.000000 -1.000000
-1.000000 -1.000000
-1.000000 -1.000000
439.436646 145.926849
-1.000000 -1.000000
293.716003 470.315887
397.617798 215.186600
-1.000000 -1.000000
841.593506 165.699814
-1.000000 -1.000000
-1.000000 -1.000000
502.643127 242.780914
-1.000000 -1.000000
-1.000000 -1.000000
-1.000000 -1.000000
658.136414 58.425518
572.639832 203.656601
859.223755 100.087135
635.722229 214.955917
429.381134 109.881706
-1.000000 -1.000000
-1.000000 -1.000000
-1.000000 -1.000000
-1.000000 -1.000000
-1.000000 -1.000000
687.483948 638.681641
256.408966 222.004578
863.157288 439.393250
305.213226 229.010498
444.712555 133.330170
-1.000000 -1.000000
-1.000000 -1.000000
266.954315 451.507416
-1.000000 -1.000000
-1.000000 -1.000000
-1.000000 -1.000000
-1.000000 -1.000000
-1.000000 -1.000000
-1.000000 -1.000000
-1.000000 -1.000000
-1.000000 -1.000000
-1.000000 -1.000000
-1.000000 -1.000000
687.062500 651.966736
-1.000000 -1.000000
-1.000000 -1.000000
-1.000000 -1.000000
1161.932861 206.480835
697.629333 470.415955
-1.000000 -1.000000
-1.000000 -1.000000
852.484680 131.535767
-1.000000 -1.000000
-1.000000 -1.000000
-1.000000 -1.000000
396.335876 185.707581
-1.000000 -1.000000
1052.111572 207.515686
-1.000000 -1.000000
-1.000000 -1.000000
500.029724 257.839844
-1.000000 -1.000000
663.722839 251.932587
-1.000000 -1.000000
1199.850708 96.255989
-1.000000 -1.000000
875.680786 204.349884
826.590576 406.342865
-1.000000 -1.000000
-1.000000 -1.000000
-1.000000 -1.000000
-1.000000 -1.000000
-1.000000 -1.000000
528.990540 232.269943
601.803833 41.207405
-1.000000 -1.000000
-1.000000 -1.000000
707.485840 651.135254
544.169434 233.013901
-1.000000 -1.000000
652.128601 314.183014
-1.000000 -1.000000
540.440979 470.441376
-1.000000 -1.000000
-1.000000 -1.000000
-1.000000 -1.000000
-1.000000 -1.000000
-1.000000 -1.000000
-1.000000 -1.000000
617.245300 41.301418
678.380127 635.360901
-1.000000 -1.000000
300.575867 174.467499
-1.000000 -1.000000
-1.000000 -1.000000
-1.000000 -1.000000
-1.000000 -1.000000
-1.000000 -1.000000
-1.000000 -1.000000
867.206177 414.052917
-1.000000 -1.000000
-1.000000 -1.000000
-1.000000 -1.000000
815.650696 392.438507
838.426819 394.944550
-1.000000 -1.000000
-1.000000 -1.000000
678.286438 650.227112
852.867310 443.561310
-1.000000 -1.000000
-1.000000 -1.000000
-1.000000 -1.000000
858.521912 146.978409
687.552063 624.786743
-1.000000 -1.000000
866.200012 228.839523
-1.000000 -1.000000
294.946136 150.956100
440.101593 96.153603
-1.000000 -1.000000
-1.000000 -1.000000
-1.000000 -1.000000
675.702271 471.696991
-1.000000 -1.000000
650.601318 329.742950
553.075562 482.065887
-1.000000 -1.000000
-1.000000 -1.000000
-1.000000 -1.000000
-1.000000 -1.000000
967.344727 376.103088
-1.000000 -1.000000
-1.000000 -1.000000
1038.712646 209.772858
-1.000000 -1.000000
234.017395 463.927643
-1.000000 -1.000000
-1.000000 -1.000000
-1.000000 -1.000000
-1.000000 -1.000000
736.095581 483.467621
-1.000000 -1.000000
654.895325 466.631866
-1.000000 -1.000000
269.827026 168.892303
-1.000000 -1.000000
-1.000000 -1.000000
-1.000000 -1.000000
454.079865 146.334808
412.510620 184.838669
-1.000000 -1.000000
760.276917 481.772186
-1.000000 -1.000000
-1.000000 -1.000000
861.569885 462.699280
-1.000000 -1.000000
-1.000000 -1.000000
-1.000000 -1.000000
-1.000000 -1.000000
203.857712 364.560059
-1.000000 -1.000000
255.418777 451.068390
-1.000000 -1.000000
-1.000000 -1.000000
443.467590 111.564941
-1.000000 -1.000000
-1.000000 -1.000000
-1.000000 -1.000000
-1.000000 -1.000000
413.349426 200.715088
-1.000000 -1.000000
-1.000000 -1.000000
660.140076 337.783142
-1.000000 -1.000000
-1.000000 -1.000000
-1.000000 -1.000000
-1.000000 -1.000000
-1.000000 -1.000000
861.785889 71.355171
-1.000000 -1.000000
-1.000000 -1.000000
-1.000000 -1.000000
-1.000000 -1.000000
654.891541 268.774048
662.773926 100.839699
-1.000000 -1.000000
1193.123169 213.926727
-1.000000 -1.000000
676.887024 620.237183
-1.000000 -1.000000
-1.000000 -1.000000
-1.000000 -1.000000
-1.000000 -1.000000
-1.000000 -1.000000
864.524902 56.234680
589.162659 450.747528
570.053345 486.005066
-1.000000 -1.000000
-1.000000 -1.000000
-1.000000 -1.000000
-1.000000 -1.000000
-1.000000 -1.000000
1063.145020 188.878799
721.704163 641.677979
-1.000000 -1.000000
-1.000000 -1.000000
-1.000000 -1.000000
-1.000000 -1.000000
850.669067 182.995743
-1.000000 -1.000000
-1.000000 -1.000000
-1.000000 -1.000000
-1.000000 -1.000000
1111.415771 233.584686
-1.000000 -1.000000
-1.000000 -1.000000
-1.000000 -1.000000
-1.000000 -1.000000
305.119232 216.577759
-1.000000 -1.000000
-1.000000 -1.000000
1035.568848 333.933899
-1.000000 -1.000000
217.394913 369.081512
-1.000000 -1.000000
-1.000000 -1.000000
585.532898 487.141388
-1.000000 -1.000000
-1.000000 -1.000000
-1.000000 -1.000000
-1.000000 -1.000000
-1.000000 -1.000000
-1.000000 -1.000000
390.437866 356.456512
459.295410 133.113663
-1.000000 -1.000000
-1.000000 -1.000000
-1.000000 -1.000000
-1.000000 -1.000000
-1.000000 -1.000000
-1.000000 -1.000000
-1.000000 -1.000000
-1.000000 -1.000000
206.404037 325.313019
837.833252 384.684692
-1.000000 -1.000000
-1.000000 -1.000000
-1.000000 -1.000000
696.041931 661.054260
-1.000000 -1.000000
635.903503 455.113831
-1.000000 -1.000000
-1.000000 -1.000000
