-1.000000 -1.000000
-1.000000 -1.000000
-1.000000 -1.000000
-1.000000 -1.000000
-1.000000 -1.000000
-1.000000 -1.000000
-1.000000 -1.000000
-1.000000 -1.000000
-1.000000 -1.000000
-1.000000 -1.000000
-1.000000 -1.000000
-1.000000 -1.000000
-1.000000 -1.000000
-1.000000 -1.000000
-1.000000 -1.000000
-1.000000 -1.000000
-1.000000 -1.000000
-1.000000 -1.000000
-1.000000 -1.000000
1132.599487 206.997726
-1.000000 -1.000000
-1.000000 -1.000000
1144.233887 162.367050
-1.000000 -1.000000
-1.000000 -1.000000
-1.000000 -1.000000
-1.000000 -1.000000
-1.000000 -1.000000
-1.000000 -1.000000
-1.000000 -1.000000
-1.000000 -1.000000
-1.000000 -1.000000
685.724915 369.973633
834.533752 80.260956
-1.000000 -1.000000
394.761292 215.052414
-1.000000 -1.000000
642.095642 450.531830
-1.000000 -1.000000
-1.000000 -1.000000
-1.000000 -1.000000
-1.000000 -1.000000
483.627075 256.614136
-1.000000 -1.000000
-1.000000 -1.000000
-1.000000 -1.000000
1114.570923 191.966614
-1.000000 -1.000000
-1.000000 -1.000000
-1.000000 -1.000000
-1.000000 -1.000000
978.872742 203.427643
-1.000000 -1.000000
862.077454 232.507736
1129.575562 191.622238
-1.000000 -1.000000
-1.000000 -1.000000
-1.000000 -1.000000
392.489502 200.031952
625.990906 450.268005
1148.646851 202.803711
-1.000000 -1.000000
-1.000000 -1.000000
-1.000000 -1.000000
-1.000000 -1.000000
-1.000000 -1.000000
-1.000000 -1.000000
-1.000000 -1.000000
786.460022 439.350647
-1.000000 -1.000000
-1.000000 -1.000000
387.516479 229.312943
625.486084 428.453186
-1.000000 -1.000000
-1.000000 -1.000000
-1.000000 -1.000000
-1.000000 -1.000000
-1.000000 -1.000000
-1.000000 -1.000000
-1.000000 -1.000000
-1.000000 -1.000000
984.515503 43.909931
777.226135 465.905884
-1.000000 -1.000000
-1.000000 -1.000000
-1.000000 -1.000000
-1.000000 -1.000000
-1.000000 -1.000000
-1.000000 -1.000000
-1.000000 -1.000000
1021.382812 203.497681
685.437073 354.348083
-1.000000 -1.000000
-1.000000 -1.000000
-1.000000 -1.000000
-1.000000 -1.000000
-1.000000 -1.000000
-1.000000 -1.000000
-1.000000 -1.000000
670.139282 453.220459
479.312958 40.949711
-1.000000 -1.000000
-1.000000 -1.000000
-1.000000 -1.000000
-1.000000 -1.000000
481.544220 272.300323
797.267456 437.632355
-1.000000 -1.000000
-1.000000 -1.000000
-1.000000 -1.000000
-1.000000 -1.000000
-1.000000 -1.000000
658.085388 448.368896
-1.000000 -1.000000
-1.000000 -1.000000
-1.000000 -1.000000
-1.000000 -1.000000
-1.000000 -1.000000
-1.000000 -1.000000
1119.555908 495.128418
-1.000000 -1.000000
-1.000000 -1.000000
851.045410 243.224747
-1.000000 -1.000000
-1.000000 -1.000000
-1.000000 -1.000000
703.425415 456.100861
-1.000000 -1.000000
-1.000000 -1.000000
471.811188 257.685822
-1.000000 -1.000000
814.584534 422.711670
-1.000000 -1.000000
-1.000000 -1.000000
-1.000000 -1.000000
-1.000000 -1.000000
-1.000000 -1.000000
975.093323 219.609955
658.548706 431.849976
673.761597 438.647247
679.275391 457.689392
-1.000000 -1.000000
-1.000000 -1.000000
-1.000000 -1.000000
978.352173 452.958221
-1.000000 -1.000000
495.116150 277.143707
-1.000000 -1.000000
-1.000000 -1.000000
-1.000000 -1.000000
-1.000000 -1.000000
443.984589 199.657974
-1.000000 -1.000000
-1.000000 -1.000000
-1.000000 -1.000000
-1.000000 -1.000000
-1.000000 -1.000000
-1.000000 -1.000000
-1.000000 -1.000000
787.588257 471.634094
-1.000000 -1.000000
853.299561 227.151306
-1.000000 -1.000000
974.353394 474.745392
-1.000000 -1.000000
-1.000000 -1.000000
-1.000000 -1.000000
-1.000000 -1.000000
834.299683 422.384918
344.260529 220.405991
636.124634 352.729095
869.857971 237.039703
633.456787 367.539948
757.830750 461.402985
-1.000000 -1.000000
-1.000000 -1.000000
779.963623 452.932343
-1.000000 -1.000000
-1.000000 -1.000000
-1.000000 -1.000000
-1.000000 -1.000000
627.097351 409.381714
-1.000000 -1.000000
497.725555 262.810608
-1.000000 -1.000000
1065.776367 230.056290
-1.000000 -1.000000
291.704376 486.048126
-1.000000 -1.000000
-1.000000 -1.000000
-1.000000 -1.000000
-1.000000 -1.000000
-1.000000 -1.000000
469.486023 272.661987
386.729889 218.576920
640.054077 466.272186
804.624878 440.597687
-1.000000 -1.000000
-1.000000 -1.000000
290.174469 501.234589
792.638977 451.520447
-1.000000 -1.000000
442.170105 215.908035
-1.000000 -1.000000
-1.000000 -1.000000
-1.000000 -1.000000
326.428833 209.545792
310.806946 484.263885
-1.000000 -1.000000
-1.000000 -1.000000
-1.000000 -1.000000
-1.000000 -1.000000
966.261292 200.747879
-1.000000 -1.000000
-1.000000 -1.000000
-1.000000 -1.000000
962.317261 482.485840
-1.000000 -1.000000
675.458984 418.487823
-1.000000 -1.000000
-1.000000 -1.000000
963.968872 456.050476
-1.000000 -1.000000
276.115936 483.538330
-1.000000 -1.000000
-1.000000 -1.000000
-1.000000 -1.000000
-1.000000 -1.000000
-1.000000 -1.000000
309.280701 499.652618
-1.000000 -1.000000
-1.000000 -1.000000
690.391541 466.468140
-1.000000 -1.000000
849.822266 80.049690
-1.000000 -1.000000
-1.000000 -1.000000
-1.000000 -1.000000
-1.000000 -1.000000
-1.000000 -1.000000
-1.000000 -1.000000
1109.523438 511.177856
-1.000000 -1.000000
656.111633 463.843750
-1.000000 -1.000000
-1.000000 -1.000000
-1.000000 -1.000000
-1.000000 -1.000000
-1.000000 -1.000000
458.255280 199.229630
273.932312 499.131317
668.237244 471.505157
-1.000000 -1.000000
-1.000000 -1.000000
659.626526 413.120789
-1.000000 -1.000000
-1.000000 -1.000000
531.729431 427.801727
-1.000000 -1.000000
1062.859009 198.208450
-1.000000 -1.000000
-1.000000 -1.000000
988.244995 219.914352
-1.000000 -1.000000
860.147461 246.987869
-1.000000 -1.000000
-1.000000 -1.000000
623.378418 466.101654
-1.000000 -1.000000
-1.000000 -1.000000
-1.000000 -1.000000
440.876099 183.559204
-1.000000 -1.000000
-1.000000 -1.000000
-1.000000 -1.000000
-1.000000 -1.000000
1148.291016 217.204407
-1.000000 -1.000000
-1.000000 -1.000000
-1.000000 -1.000000
1042.956177 239.179718
689.349548 444.162781
-1.000000 -1.000000
-1.000000 -1.000000
-1.000000 -1.000000
843.455322 123.871704
1049.144531 203.426361
645.210327 346.952637
-1.000000 -1.000000
750.714478 434.272369
-1.000000 -1.000000
-1.000000 -1.000000
-1.000000 -1.000000
1144.604248 187.520538
-1.000000 -1.000000
-1.000000 -1.000000
-1.000000 -1.000000
-1.000000 -1.000000
-1.000000 -1.000000
-1.000000 -1.000000
287.500885 516.219910
-1.000000 -1.000000
-1.000000 -1.000000
-1.000000 -1.000000
-1.000000 -1.000000
-1.000000 -1.000000
-1.000000 -1.000000
-1.000000 -1.000000
-1.000000 -1.000000
-1.000000 -1.000000
-1.000000 -1.000000
-1.000000 -1.000000
-1.000000 -1.000000
-1.000000 -1.000000
456.263336 215.575195
846.793579 96.680496
-1.000000 -1.000000
785.400818 486.430298
271.622559 514.561707
-1.000000 -1.000000
-1.000000 -1.000000
-1.000000 -1.000000
-1.000000 -1.000000
-1.000000 -1.000000
-1.000000 -1.000000
-1.000000 -1.000000
-1.000000 -1.000000
-1.000000 -1.000000
726.776428 469.718475
686.514709 156.383820
-1.000000 -1.000000
-1.000000 -1.000000
-1.000000 -1.000000
-1.000000 -1.000000
967.501343 235.017059
305.476746 514.102966
392.521912 188.618835
-1.000000 -1.000000
-1.000000 -1.000000
-1.000000 -1.000000
-1.000000 -1.000000
689.606323 343.619324
-1.000000 -1.000000
-1.000000 -1.000000
-1.000000 -1.000000
680.276367 481.780823
-1.000000 -1.000000
-1.000000 -1.000000
-1.000000 -1.000000
-1.000000 -1.000000
761.882080 438.922607
-1.000000 -1.000000
960.634338 217.359253
867.654053 220.698425
-1.000000 -1.000000
-1.000000 -1.000000
-1.000000 -1.000000
721.782471 386.852966
341.519531 212.147217
841.792969 429.029297
-1.000000 -1.000000
-1.000000 -1.000000
-1.000000 -1.000000
-1.000000 -1.000000
-1.000000 -1.000000
-1.000000 -1.000000
-1.000000 -1.000000
-1.000000 -1.000000
-1.000000 -1.000000
-1.000000 -1.000000
-1.000000 -1.000000
767.216431 143.893967
-1.000000 -1.000000
-1.000000 -1.000000
843.172791 241.546234
-1.000000 -1.000000
-1.000000 -1.000000
-1.000000 -1.000000
-1.000000 -1.000000
-1.000000 -1.000000
-1.000000 -1.000000
-1.000000 -1.000000
-1.000000 -1.000000
472.953308 198.570572
455.096680 183.807907
-1.000000 -1.000000
-1.000000 -1.000000
-1.000000 -1.000000
877.121399 411.703674
-1.000000 -1.000000
351.329987 397.419189
-1.000000 -1.000000
-1.000000 -1.000000
336.398773 396.325684
842.434021 168.800629
-1.000000 -1.000000
-1.000000 -1.000000
352.278992 382.536102
-1.000000 -1.000000
-1.000000 -1.000000
-1.000000 -1.000000
670.298401 155.892654
-1.000000 -1.000000
-1.000000 -1.000000
-1.000000 -1.000000
-1.000000 -1.000000
-1.000000 -1.000000
-1.000000 -1.000000
-1.000000 -1.000000
-1.000000 -1.000000
390.973450 391.776398
926.556763 41.442501
-1.000000 -1.000000
336.297272 411.087555
698.833130 481.094849
-1.000000 -1.000000
406.028137 391.755890
-1.000000 -1.000000
376.080475 392.698273
910.626160 41.491196
1060.323853 217.250534
509.759430 264.319916
383.031769 376.920319
-1.000000 -1.000000
456.867340 252.564590
353.194611 412.007141
-1.000000 -1.000000
398.031403 377.013123
-1.000000 -1.000000
-1.000000 -1.000000
608.959412 445.853607
-1.000000 -1.000000
507.850372 278.102753
-1.000000 -1.000000
-1.000000 -1.000000
-1.000000 -1.000000
308.192719 190.408051
-1.000000 -1.000000
470.960571 213.722565
391.073578 406.644623
507.341614 473.632568
836.141846 139.863724
-1.000000 -1.000000
-1.000000 -1.000000
802.114746 454.186066
-1.000000 -1.000000
-1.000000 -1.000000
-1.000000 -1.000000
-1.000000 -1.000000
-1.000000 -1.000000
-1.000000 -1.000000
775.343994 479.661896
-1.000000 -1.000000
-1.000000 -1.000000
-1.000000 -1.000000
376.200989 407.549042
-1.000000 -1.000000
-1.000000 -1.000000
-1.000000 -1.000000
406.073303 406.619263
-1.000000 -1.000000
-1.000000 -1.000000
-1.000000 -1.000000
748.467529 126.265602
-1.000000 -1.000000
651.136353 206.314560
-1.000000 -1.000000
-1.000000 -1.000000
-1.000000 -1.000000
-1.000000 -1.000000
-1.000000 -1.000000
-1.000000 -1.000000
639.042786 336.740143
-1.000000 -1.000000
-1.000000 -1.000000
-1.000000 -1.000000
826.984436 243.753998
-1.000000 -1.000000
300.024597 471.063446
-1.000000 -1.000000
-1.000000 -1.000000
-1.000000 -1.000000
1048.280151 218.803528
-1.000000 -1.000000
488.996307 212.056488
-1.000000 -1.000000
-1.000000 -1.000000
-1.000000 -1.000000
-1.000000 -1.000000
368.285828 377.755524
-1.000000 -1.000000
-1.000000 -1.000000
-1.000000 -1.000000
-1.000000 -1.000000
-1.000000 -1.000000
-1.000000 -1.000000
-1.000000 -1.000000
-1.000000 -1.000000
-1.000000 -1.000000
718.947510 344.492706
-1.000000 -1.000000
-1.000000 -1.000000
-1.000000 -1.000000
-1.000000 -1.000000
-1.000000 -1.000000
-1.000000 -1.000000
957.913696 474.930298
748.286133 141.316635
-1.000000 -1.000000
-1.000000 -1.000000
-1.000000 -1.000000
730.592407 126.704536
475.109283 228.426224
-1.000000 -1.000000
-1.000000 -1.000000
762.411865 158.585403
-1.000000 -1.000000
-1.000000 -1.000000
-1.000000 -1.000000
607.546204 460.992004
646.983398 649.197815
970.481262 505.983734
-1.000000 -1.000000
-1.000000 -1.000000
336.959229 208.617401
454.606476 269.053314
-1.000000 -1.000000
-1.000000 -1.000000
-1.000000 -1.000000
-1.000000 -1.000000
622.626709 348.688599
-1.000000 -1.000000
-1.000000 -1.000000
478.278931 287.283569
-1.000000 -1.000000
696.916565 172.164963
-1.000000 -1.000000
1045.029053 442.699768
-1.000000 -1.000000
-1.000000 -1.000000
-1.000000 -1.000000
-1.000000 -1.000000
969.829102 365.542084
-1.000000 -1.000000
-1.000000 -1.000000
321.132111 397.471069
-1.000000 -1.000000
639.197998 290.120392
-1.000000 -1.000000
-1.000000 -1.000000
762.680542 450.302979
-1.000000 -1.000000
-1.000000 -1.000000
-1.000000 -1.000000
654.609985 337.437378
-1.000000 -1.000000
-1.000000 -1.000000
-1.000000 -1.000000
962.309753 381.786957
744.975098 156.390518
-1.000000 -1.000000
-1.000000 -1.000000
-1.000000 -1.000000
-1.000000 -1.000000
847.147339 213.610870
-1.000000 -1.000000
647.127075 636.075745
-1.000000 -1.000000
-1.000000 -1.000000
-1.000000 -1.000000
946.456543 381.812012
-1.000000 -1.000000
-1.000000 -1.000000
330.362213 468.209412
-1.000000 -1.000000
-1.000000 -1.000000
-1.000000 -1.000000
-1.000000 -1.000000
954.465698 366.295074
-1.000000 -1.000000
-1.000000 -1.000000
-1.000000 -1.000000
-1.000000 -1.000000
-1.000000 -1.000000
-1.000000 -1.000000
876.077148 242.596191
606.859070 431.476257
-1.000000 -1.000000
-1.000000 -1.000000
672.148376 227.395660
-1.000000 -1.000000
752.754333 410.704865
-1.000000 -1.000000
644.278870 303.386963
469.949371 184.904129
-1.000000 -1.000000
467.394897 287.676117
-1.000000 -1.000000
-1.000000 -1.000000
-1.000000 -1.000000
-1.000000 -1.000000
-1.000000 -1.000000
-1.000000 -1.000000
346.593597 221.233032
959.496460 401.280212
-1.000000 -1.000000
-1.000000 -1.000000
-1.000000 -1.000000
-1.000000 -1.000000
-1.000000 -1.000000
-1.000000 -1.000000
1128.868896 252.158646
-1.000000 -1.000000
940.168884 400.053406
-1.000000 -1.000000
-1.000000 -1.000000
981.587830 235.742294
792.292786 167.951355
-1.000000 -1.000000
-1.000000 -1.000000
-1.000000 -1.000000
-1.000000 -1.000000
654.841064 647.475525
-1.000000 -1.000000
-1.000000 -1.000000
-1.000000 -1.000000
620.538513 337.317017
524.801514 253.148743
-1.000000 -1.000000
-1.000000 -1.000000
-1.000000 -1.000000
-1.000000 -1.000000
-1.000000 -1.000000
-1.000000 -1.000000
-1.000000 -1.000000
493.236328 255.621658
-1.000000 -1.000000
1065.772949 219.758957
-1.000000 -1.000000
-1.000000 -1.000000
-1.000000 -1.000000
-1.000000 -1.000000
808.888672 410.008026
-1.000000 -1.000000
-1.000000 -1.000000
520.980530 477.615967
-1.000000 -1.000000
-1.000000 -1.000000
939.212585 366.425964
-1.000000 -1.000000
-1.000000 -1.000000
-1.000000 -1.000000
620.289856 316.260956
764.556580 393.754944
-1.000000 -1.000000
-1.000000 -1.000000
-1.000000 -1.000000
-1.000000 -1.000000
646.651184 660.720703
435.338654 150.596512
-1.000000 -1.000000
-1.000000 -1.000000
452.433258 284.075714
-1.000000 -1.000000
-1.000000 -1.000000
731.557983 140.751022
-1.000000 -1.000000
-1.000000 -1.000000
-1.000000 -1.000000
796.778137 398.443756
-1.000000 -1.000000
-1.000000 -1.000000
-1.000000 -1.000000
-1.000000 -1.000000
-1.000000 -1.000000
-1.000000 -1.000000
871.198608 244.667267
-1.000000 -1.000000
-1.000000 -1.000000
-1.000000 -1.000000
658.896118 142.352371
-1.000000 -1.000000
798.335205 412.713593
-1.000000 -1.000000
-1.000000 -1.000000
-1.000000 -1.000000
-1.000000 -1.000000
-1.000000 -1.000000
-1.000000 -1.000000
-1.000000 -1.000000
893.354553 392.686615
-1.000000 -1.000000
-1.000000 -1.000000
-1.000000 -1.000000
-1.000000 -1.000000
-1.000000 -1.000000
-1.000000 -1.000000
-1.000000 -1.000000
654.535950 634.471069
-1.000000 -1.000000
-1.000000 -1.000000
-1.000000 -1.000000
384.978271 224.825897
769.229858 442.250641
1054.553833 232.711304
1113.841553 254.756683
-1.000000 -1.000000
321.035858 412.248901
-1.000000 -1.000000
-1.000000 -1.000000
-1.000000 -1.000000
512.685303 251.070175
-1.000000 -1.000000
-1.000000 -1.000000
-1.000000 -1.000000
492.714813 464.117310
931.015625 381.757233
264.670197 481.449097
-1.000000 -1.000000
-1.000000 -1.000000
209.209946 387.415283
-1.000000 -1.000000
-1.000000 -1.000000
-1.000000 -1.000000
212.704239 393.753174
-1.000000 -1.000000
-1.000000 -1.000000
-1.000000 -1.000000
-1.000000 -1.000000
532.594971 479.931702
-1.000000 -1.000000
-1.000000 -1.000000
-1.000000 -1.000000
-1.000000 -1.000000
764.236511 448.640564
414.891418 216.603180
-1.000000 -1.000000
-1.000000 -1.000000
-1.000000 -1.000000
-1.000000 -1.000000
-1.000000 -1.000000
-1.000000 -1.000000
-1.000000 -1.000000
-1.000000 -1.000000
-1.000000 -1.000000
-1.000000 -1.000000
-1.000000 -1.000000
-1.000000 -1.000000
-1.000000 -1.000000
-1.000000 -1.000000
441.388763 163.303650
-1.000000 -1.000000
259.135559 476.348175
414.295807 232.519653
-1.000000 -1.000000
840.358154 187.742630
-1.000000 -1.000000
-1.000000 -1.000000
487.605042 254.644760
-1.000000 -1.000000
-1.000000 -1.000000
-1.000000 -1.000000
654.516479 83.134300
527.858459 225.652771
858.915466 122.376633
590.283386 239.157379
432.645538 131.215561
-1.000000 -1.000000
-1.000000 -1.000000
-1.000000 -1.000000
-1.000000 -1.000000
-1.000000 -1.000000
637.722168 648.548340
-1.000000 -1.000000
778.129150 446.505127
350.451019 238.898743
447.343384 152.263992
-1.000000 -1.000000
-1.000000 -1.000000
235.315689 456.810516
-1.000000 -1.000000
-1.000000 -1.000000
-1.000000 -1.000000
-1.000000 -1.000000
-1.000000 -1.000000
-1.000000 -1.000000
-1.000000 -1.000000
-1.000000 -1.000000
-1.000000 -1.000000
-1.000000 -1.000000
637.120728 660.663208
-1.000000 -1.000000
-1.000000 -1.000000
-1.000000 -1.000000
1144.892456 231.684708
652.267395 479.695190
-1.000000 -1.000000
-1.000000 -1.000000
851.678833 154.091583
-1.000000 -1.000000
-1.000000 -1.000000
-1.000000 -1.000000
413.743134 200.875183
-1.000000 -1.000000
1053.439087 230.638245
-1.000000 -1.000000
-1.000000 -1.000000
486.390564 270.982513
-1.000000 -1.000000
620.250854 280.500214
-1.000000 -1.000000
-1.000000 -1.000000
-1.000000 -1.000000
873.837952 227.145905
770.755859 430.467255
-1.000000 -1.000000
-1.000000 -1.000000
-1.000000 -1.000000
-1.000000 -1.000000
-1.000000 -1.000000
490.626648 240.825439
597.333923 40.555386
-1.000000 -1.000000
-1.000000 -1.000000
655.126526 659.873230
500.561432 249.681396
-1.000000 -1.000000
607.027222 334.736816
-1.000000 -1.000000
496.351990 477.756439
-1.000000 -1.000000
-1.000000 -1.000000
-1.000000 -1.000000
-1.000000 -1.000000
-1.000000 -1.000000
-1.000000 -1.000000
612.324951 40.493935
631.838257 645.188416
-1.000000 -1.000000
-1.000000 -1.000000
-1.000000 -1.000000
-1.000000 -1.000000
-1.000000 -1.000000
-1.000000 -1.000000
-1.000000 -1.000000
-1.000000 -1.000000
784.932861 435.140045
-1.000000 -1.000000
-1.000000 -1.000000
-1.000000 -1.000000
785.883057 405.965576
801.513428 407.525543
-1.000000 -1.000000
-1.000000 -1.000000
631.445068 659.314026
768.494324 449.916046
-1.000000 -1.000000
-1.000000 -1.000000
-1.000000 -1.000000
857.488281 168.783447
638.222656 635.438232
-1.000000 -1.000000
853.897583 250.419220
-1.000000 -1.000000
303.386322 178.392746
442.905518 116.719467
-1.000000 -1.000000
-1.000000 -1.000000
-1.000000 -1.000000
631.771484 480.147125
-1.000000 -1.000000
603.572021 348.212433
506.359680 489.132111
-1.000000 -1.000000
-1.000000 -1.000000
-1.000000 -1.000000
-1.000000 -1.000000
910.859497 394.298187
-1.000000 -1.000000
-1.000000 -1.000000
1032.495728 230.948730
-1.000000 -1.000000
203.122803 468.504486
-1.000000 -1.000000
-1.000000 -1.000000
-1.000000 -1.000000
-1.000000 -1.000000
681.154236 494.218353
-1.000000 -1.000000
609.240234 475.724579
-1.000000 -1.000000
-1.000000 -1.000000
-1.000000 -1.000000
-1.000000 -1.000000
-1.000000 -1.000000
455.999176 163.789139
422.674133 202.717819
-1.000000 -1.000000
704.560181 494.790070
-1.000000 -1.000000
-1.000000 -1.000000
775.047791 462.240173
-1.000000 -1.000000
-1.000000 -1.000000
-1.000000 -1.000000
-1.000000 -1.000000
205.296402 383.272827
-1.000000 -1.000000
224.749054 456.427368
-1.000000 -1.000000
-1.000000 -1.000000
446.282074 132.417679
-1.000000 -1.000000
-1.000000 -1.000000
-1.000000 -1.000000
-1.000000 -1.000000
424.964874 218.507614
-1.000000 -1.000000
-1.000000 -1.000000
612.602295 355.096161
-1.000000 -1.000000
-1.000000 -1.000000
-1.000000 -1.000000
-1.000000 -1.000000
-1.000000 -1.000000
861.828857 94.453789
-1.000000 -1.000000
-1.000000 -1.000000
-1.000000 -1.000000
-1.000000 -1.000000
609.059875 292.129822
658.223389 125.549133
-1.000000 -1.000000
-1.000000 -1.000000
-1.000000 -1.000000
631.667419 631.575928
-1.000000 -1.000000
-1.000000 -1.000000
-1.000000 -1.000000
-1.000000 -1.000000
-1.000000 -1.000000
864.724548 79.496597
540.823242 462.751923
521.046448 492.148346
-1.000000 -1.000000
-1.000000 -1.000000
-1.000000 -1.000000
-1.000000 -1.000000
-1.000000 -1.000000
1067.014282 212.889862
666.591431 651.776062
-1.000000 -1.000000
-1.000000 -1.000000
-1.000000 -1.000000
-1.000000 -1.000000
849.001892 205.487167
-1.000000 -1.000000
-1.000000 -1.000000
-1.000000 -1.000000
-1.000000 -1.000000
1101.608032 257.404144
-1.000000 -1.000000
-1.000000 -1.000000
-1.000000 -1.000000
-1.000000 -1.000000
347.675354 229.038239
-1.000000 -1.000000
-1.000000 -1.000000
978.950500 353.036224
-1.000000 -1.000000
213.299133 391.482452
-1.000000 -1.000000
-1.000000 -1.000000
534.968689 494.064240
-1.000000 -1.000000
-1.000000 -1.000000
-1.000000 -1.000000
-1.000000 -1.000000
-1.000000 -1.000000
-1.000000 -1.000000
353.028809 368.970490
461.902344 152.403152
-1.000000 -1.000000
-1.000000 -1.000000
-1.000000 -1.000000
-1.000000 -1.000000
-1.000000 -1.000000
-1.000000 -1.000000
-1.000000 -1.000000
-1.000000 -1.000000
-1.000000 -1.000000
804.333191 400.206604
-1.000000 -1.000000
-1.000000 -1.000000
-1.000000 -1.000000
645.412354 664.991211
-1.000000 -1.000000
589.503845 465.849854
-1.000000 -1.000000
-1.000000 -1.000000
