-1.000000 -1.000000
-1.000000 -1.000000
-1.000000 -1.000000
-1.000000 -1.000000
-1.000000 -1.000000
-1.000000 -1.000000
-1.000000 -1.000000
-1.000000 -1.000000
-1.000000 -1.000000
-1.000000 -1.000000
-1.000000 -1.000000
-1.000000 -1.000000
-1.000000 -1.000000
-1.000000 -1.000000
-1.000000 -1.000000
-1.000000 -1.000000
-1.000000 -1.000000
-1.000000 -1.000000
-1.000000 -1.000000
1187.932251 184.006973
-1.000000 -1.000000
-1.000000 -1.000000
1199.910522 139.115234
-1.000000 -1.000000
-1.000000 -1.000000
-1.000000 -1.000000
-1.000000 -1.000000
-1.000000 -1.000000
-1.000000 -1.000000
-1.000000 -1.000000
-1.000000 -1.000000
-1.000000 -1.000000
745.923218 353.190887
874.492126 55.111938
-1.000000 -1.000000
385.822662 201.482574
-1.000000 -1.000000
710.847961 436.339264
-1.000000 -1.000000
-1.000000 -1.000000
-1.000000 -1.000000
-1.000000 -1.000000
523.722351 239.719147
-1.000000 -1.000000
-1.000000 -1.000000
-1.000000 -1.000000
1169.861694 168.511505
-1.000000 -1.000000
-1.000000 -1.000000
-1.000000 -1.000000
-1.000000 -1.000000
1020.551575 184.308777
-1.000000 -1.000000
902.419189 210.772018
1184.981812 168.235962
-1.000000 -1.000000
-1.000000 -1.000000
-1.000000 -1.000000
383.352936 187.133316
694.331909 436.122070
1204.495239 179.632904
-1.000000 -1.000000
-1.000000 -1.000000
-1.000000 -1.000000
-1.000000 -1.000000
-1.000000 -1.000000
-1.000000 -1.000000
-1.000000 -1.000000
885.340942 428.800446
-1.000000 -1.000000
-1.000000 -1.000000
385.464355 213.581345
693.457825 414.381775
-1.000000 -1.000000
-1.000000 -1.000000
-1.000000 -1.000000
-1.000000 -1.000000
-1.000000 -1.000000
-1.000000 -1.000000
-1.000000 -1.000000
-1.000000 -1.000000
1025.163818 41.678070
877.355408 465.659851
-1.000000 -1.000000
-1.000000 -1.000000
-1.000000 -1.000000
-1.000000 -1.000000
-1.000000 -1.000000
-1.000000 -1.000000
-1.000000 -1.000000
1063.164307 184.539948
745.526367 336.982544
-1.000000 -1.000000
-1.000000 -1.000000
-1.000000 -1.000000
-1.000000 -1.000000
-1.000000 -1.000000
-1.000000 -1.000000
-1.000000 -1.000000
741.377441 439.384033
517.143738 40.838364
-1.000000 -1.000000
-1.000000 -1.000000
-1.000000 -1.000000
-1.000000 -1.000000
521.558533 254.673523
897.427612 428.732941
-1.000000 -1.000000
-1.000000 -1.000000
-1.000000 -1.000000
-1.000000 -1.000000
-1.000000 -1.000000
728.191162 434.500854
-1.000000 -1.000000
-1.000000 -1.000000
-1.000000 -1.000000
-1.000000 -1.000000
-1.000000 -1.000000
-1.000000 -1.000000
1224.455078 488.110168
-1.000000 -1.000000
-1.000000 -1.000000
892.712708 221.723587
-1.000000 -1.000000
-1.000000 -1.000000
-1.000000 -1.000000
776.203125 441.402863
-1.000000 -1.000000
-1.000000 -1.000000
509.183655 239.994461
-1.000000 -1.000000
907.129639 407.400452
-1.000000 -1.000000
-1.000000 -1.000000
-1.000000 -1.000000
-1.000000 -1.000000
-1.000000 -1.000000
1017.193909 199.212784
727.591797 418.342377
743.757507 424.901611
751.611267 443.634308
-1.000000 -1.000000
-1.000000 -1.000000
-1.000000 -1.000000
1062.514404 431.205841
-1.000000 -1.000000
562.906677 259.725311
-1.000000 -1.000000
-1.000000 -1.000000
-1.000000 -1.000000
-1.000000 -1.000000
480.317291 178.066223
-1.000000 -1.000000
-1.000000 -1.000000
-1.000000 -1.000000
-1.000000 -1.000000
-1.000000 -1.000000
-1.000000 -1.000000
-1.000000 -1.000000
887.760925 472.443329
-1.000000 -1.000000
893.776733 205.413223
-1.000000 -1.000000
1067.518799 458.329987
-1.000000 -1.000000
-1.000000 -1.000000
-1.000000 -1.000000
-1.000000 -1.000000
917.763062 410.465332
351.336151 205.408188
704.712036 333.639526
910.370850 215.328186
702.299561 348.062500
825.267944 446.924164
-1.000000 -1.000000
-1.000000 -1.000000
880.032959 447.499023
-1.000000 -1.000000
-1.000000 -1.000000
-1.000000 -1.000000
-1.000000 -1.000000
694.680786 395.456512
-1.000000 -1.000000
565.636108 245.641739
-1.000000 -1.000000
1107.799561 208.634613
-1.000000 -1.000000
357.313446 471.898041
-1.000000 -1.000000
-1.000000 -1.000000
-1.000000 -1.000000
-1.000000 -1.000000
-1.000000 -1.000000
506.864014 255.015640
373.683197 205.314041
708.891296 453.579620
906.923645 433.366119
-1.000000 -1.000000
-1.000000 -1.000000
356.378906 487.406342
893.789978 445.109039
-1.000000 -1.000000
478.522980 194.097473
-1.000000 -1.000000
928.357056 41.551392
-1.000000 -1.000000
347.493652 176.347717
375.353302 470.296722
-1.000000 -1.000000
-1.000000 -1.000000
-1.000000 -1.000000
-1.000000 -1.000000
1006.754333 182.137146
-1.000000 -1.000000
-1.000000 -1.000000
-1.000000 -1.000000
1066.343262 473.588104
-1.000000 -1.000000
744.182068 405.672211
-1.000000 -1.000000
-1.000000 -1.000000
1051.208862 436.652069
-1.000000 -1.000000
341.812927 469.061615
-1.000000 -1.000000
-1.000000 -1.000000
-1.000000 -1.000000
-1.000000 -1.000000
-1.000000 -1.000000
374.357941 485.930817
-1.000000 -1.000000
-1.000000 -1.000000
763.632935 452.068848
-1.000000 -1.000000
889.786438 54.974304
-1.000000 -1.000000
-1.000000 -1.000000
-1.000000 -1.000000
-1.000000 -1.000000
-1.000000 -1.000000
-1.000000 -1.000000
1215.840454 504.316711
-1.000000 -1.000000
726.426086 450.825073
-1.000000 -1.000000
-1.000000 -1.000000
-1.000000 -1.000000
-1.000000 -1.000000
-1.000000 -1.000000
494.489563 177.684280
340.055847 485.333679
741.583740 457.590912
-1.000000 -1.000000
-1.000000 -1.000000
726.794678 398.620300
-1.000000 -1.000000
-1.000000 -1.000000
600.172607 408.288422
-1.000000 -1.000000
1103.351440 178.644165
-1.000000 -1.000000
-1.000000 -1.000000
1031.645996 199.393005
-1.000000 -1.000000
900.610107 225.202469
-1.000000 -1.000000
-1.000000 -1.000000
691.610779 453.262939
-1.000000 -1.000000
-1.000000 -1.000000
-1.000000 -1.000000
477.191864 161.879303
-1.000000 -1.000000
-1.000000 -1.000000
-1.000000 -1.000000
-1.000000 -1.000000
1204.767822 194.716400
-1.000000 -1.000000
-1.000000 -1.000000
-1.000000 -1.000000
1095.860962 220.130127
761.621399 429.647217
-1.000000 -1.000000
-1.000000 -1.000000
-1.000000 -1.000000
883.785400 100.183304
1089.068115 181.845642
712.753906 327.234680
-1.000000 -1.000000
820.629944 416.971375
-1.000000 -1.000000
-1.000000 -1.000000
-1.000000 -1.000000
1200.175781 164.175964
-1.000000 -1.000000
-1.000000 -1.000000
-1.000000 -1.000000
-1.000000 -1.000000
-1.000000 -1.000000
-1.000000 -1.000000
353.327545 503.197723
-1.000000 -1.000000
341.918304 162.453018
-1.000000 -1.000000
-1.000000 -1.000000
357.921082 170.068939
-1.000000 -1.000000
-1.000000 -1.000000
-1.000000 -1.000000
-1.000000 -1.000000
-1.000000 -1.000000
-1.000000 -1.000000
-1.000000 -1.000000
-1.000000 -1.000000
492.623688 193.841599
886.848572 71.812355
-1.000000 -1.000000
884.268921 486.544128
337.576324 501.190063
-1.000000 -1.000000
-1.000000 -1.000000
-1.000000 -1.000000
-1.000000 -1.000000
-1.000000 -1.000000
-1.000000 -1.000000
-1.000000 -1.000000
-1.000000 -1.000000
-1.000000 -1.000000
788.928589 452.266449
727.356201 133.833725
-1.000000 -1.000000
-1.000000 -1.000000
-1.000000 -1.000000
995.911987 41.594265
1011.105408 214.106293
371.010681 501.370148
382.000824 175.393112
-1.000000 -1.000000
-1.000000 -1.000000
-1.000000 -1.000000
-1.000000 -1.000000
750.956116 323.460449
-1.000000 -1.000000
-1.000000 -1.000000
-1.000000 -1.000000
755.737671 467.534241
-1.000000 -1.000000
-1.000000 -1.000000
-1.000000 -1.000000
324.025024 223.711761
834.742798 419.684784
-1.000000 -1.000000
1000.684570 196.262131
908.187378 198.977203
-1.000000 -1.000000
-1.000000 -1.000000
-1.000000 -1.000000
784.687561 371.239258
351.847870 195.808121
928.068176 417.805145
-1.000000 -1.000000
-1.000000 -1.000000
-1.000000 -1.000000
-1.000000 -1.000000
-1.000000 -1.000000
347.432800 173.988831
-1.000000 -1.000000
-1.000000 -1.000000
-1.000000 -1.000000
-1.000000 -1.000000
-1.000000 -1.000000
809.163086 120.478798
-1.000000 -1.000000
-1.000000 -1.000000
885.493286 220.234421
-1.000000 -1.000000
-1.000000 -1.000000
-1.000000 -1.000000
-1.000000 -1.000000
-1.000000 -1.000000
-1.000000 -1.000000
-1.000000 -1.000000
-1.000000 -1.000000
509.206482 177.329269
491.394775 162.122391
-1.000000 -1.000000
-1.000000 -1.000000
-1.000000 -1.000000
957.131226 396.283173
-1.000000 -1.000000
414.088623 380.818939
-1.000000 -1.000000
-1.000000 -1.000000
399.086761 379.691071
882.833130 146.014374
-1.000000 -1.000000
-1.000000 -1.000000
415.055054 365.906128
-1.000000 -1.000000
-1.000000 -1.000000
-1.000000 -1.000000
711.483643 133.589844
-1.000000 -1.000000
-1.000000 -1.000000
-1.000000 -1.000000
-1.000000 -1.000000
-1.000000 -1.000000
-1.000000 -1.000000
-1.000000 -1.000000
-1.000000 -1.000000
457.151398 374.987000
967.575073 40.173241
-1.000000 -1.000000
399.072601 394.646637
773.392090 465.839722
-1.000000 -1.000000
472.149780 374.996460
-1.000000 -1.000000
442.174133 375.842957
951.592407 40.499092
1100.707275 195.521851
578.328003 245.780151
449.139343 360.008057
-1.000000 -1.000000
494.259186 234.689606
416.083374 395.756836
-1.000000 -1.000000
464.139221 360.168030
-1.000000 -1.000000
-1.000000 -1.000000
676.500427 431.904480
-1.000000 -1.000000
576.291382 259.113251
-1.000000 -1.000000
-1.000000 -1.000000
-1.000000 -1.000000
336.333344 164.983902
-1.000000 -1.000000
507.302155 192.607910
457.204132 389.952148
575.169617 461.709595
876.587280 116.411819
-1.000000 -1.000000
-1.000000 -1.000000
904.772339 447.566864
-1.000000 -1.000000
-1.000000 -1.000000
-1.000000 -1.000000
-1.000000 -1.000000
-1.000000 -1.000000
-1.000000 -1.000000
874.866943 480.347107
-1.000000 -1.000000
352.731628 211.702606
-1.000000 -1.000000
442.244354 390.809418
-1.000000 -1.000000
-1.000000 -1.000000
-1.000000 -1.000000
472.155090 389.955658
-1.000000 -1.000000
-1.000000 -1.000000
-1.000000 -1.000000
790.916382 102.368637
-1.000000 -1.000000
698.368103 175.365814
-1.000000 -1.000000
-1.000000 -1.000000
-1.000000 -1.000000
-1.000000 -1.000000
-1.000000 -1.000000
-1.000000 -1.000000
705.487915 313.553345
-1.000000 -1.000000
-1.000000 -1.000000
-1.000000 -1.000000
874.564209 225.255432
-1.000000 -1.000000
364.114532 456.608032
-1.000000 -1.000000
-1.000000 -1.000000
-1.000000 -1.000000
1088.872192 197.469223
-1.000000 -1.000000
532.810120 222.866165
-1.000000 -1.000000
-1.000000 -1.000000
-1.000000 -1.000000
-1.000000 -1.000000
433.896149 360.821655
-1.000000 -1.000000
-1.000000 -1.000000
-1.000000 -1.000000
-1.000000 -1.000000
-1.000000 -1.000000
-1.000000 -1.000000
-1.000000 -1.000000
-1.000000 -1.000000
-1.000000 -1.000000
781.595032 322.780823
336.254547 149.666275
-1.000000 -1.000000
-1.000000 -1.000000
-1.000000 -1.000000
-1.000000 -1.000000
-1.000000 -1.000000
1051.303223 457.933472
791.222595 117.980476
-1.000000 -1.000000
-1.000000 -1.000000
-1.000000 -1.000000
773.373474 101.990578
512.017883 209.392365
-1.000000 -1.000000
-1.000000 -1.000000
804.553223 135.790909
-1.000000 -1.000000
-1.000000 -1.000000
-1.000000 -1.000000
675.278748 447.659546
715.963806 637.740417
1094.542358 509.870819
-1.000000 -1.000000
-1.000000 -1.000000
350.499939 187.437653
492.084076 251.359802
-1.000000 -1.000000
-1.000000 -1.000000
-1.000000 -1.000000
-1.000000 -1.000000
690.861694 328.320129
-1.000000 -1.000000
-1.000000 -1.000000
519.417114 269.686401
-1.000000 -1.000000
737.040771 149.629089
-1.000000 -1.000000
1095.702759 419.719910
-1.000000 -1.000000
-1.000000 -1.000000
-1.000000 -1.000000
-1.000000 -1.000000
1055.282349 349.777374
-1.000000 -1.000000
-1.000000 -1.000000
384.004517 380.820374
-1.000000 -1.000000
704.449158 262.421753
-1.000000 -1.000000
-1.000000 -1.000000
843.370728 436.075012
-1.000000 -1.000000
-1.000000 -1.000000
-1.000000 -1.000000
720.498230 312.430267
-1.000000 -1.000000
-1.000000 -1.000000
-1.000000 -1.000000
1048.826172 366.377258
787.521851 133.234192
-1.000000 -1.000000
-1.000000 -1.000000
-1.000000 -1.000000
-1.000000 -1.000000
887.720215 191.837723
-1.000000 -1.000000
715.890808 624.116943
-1.000000 -1.000000
-1.000000 -1.000000
341.958893 158.751129
1033.482544 366.606323
-1.000000 -1.000000
-1.000000 -1.000000
387.439697 455.236359
-1.000000 -1.000000
-1.000000 -1.000000
-1.000000 -1.000000
-1.000000 -1.000000
1040.304688 351.051239
-1.000000 -1.000000
-1.000000 -1.000000
-1.000000 -1.000000
-1.000000 -1.000000
-1.000000 -1.000000
326.169708 178.077133
917.008362 220.908585
674.785156 417.114594
-1.000000 -1.000000
-1.000000 -1.000000
717.072083 203.052551
-1.000000 -1.000000
816.150269 395.975342
-1.000000 -1.000000
709.700073 282.183075
506.230469 163.320129
-1.000000 -1.000000
504.824615 270.025421
-1.000000 -1.000000
-1.000000 -1.000000
-1.000000 -1.000000
-1.000000 -1.000000
-1.000000 -1.000000
-1.000000 -1.000000
352.979401 207.031189
1045.609741 383.686646
-1.000000 -1.000000
-1.000000 -1.000000
-1.000000 -1.000000
-1.000000 -1.000000
-1.000000 -1.000000
-1.000000 -1.000000
1188.190552 232.061829
-1.000000 -1.000000
1026.170288 385.442963
-1.000000 -1.000000
-1.000000 -1.000000
1028.363037 214.441803
834.934204 144.901337
-1.000000 -1.000000
-1.000000 -1.000000
348.906860 173.602478
-1.000000 -1.000000
725.531494 636.546570
-1.000000 -1.000000
-1.000000 -1.000000
-1.000000 -1.000000
687.812439 315.388885
593.721191 231.250687
-1.000000 -1.000000
-1.000000 -1.000000
-1.000000 -1.000000
-1.000000 -1.000000
-1.000000 -1.000000
-1.000000 -1.000000
-1.000000 -1.000000
559.795776 239.460770
-1.000000 -1.000000
1106.649170 198.080154
-1.000000 -1.000000
-1.000000 -1.000000
-1.000000 -1.000000
-1.000000 -1.000000
876.070862 399.682007
-1.000000 -1.000000
-1.000000 -1.000000
589.433655 466.807312
-1.000000 -1.000000
-1.000000 -1.000000
1025.429199 351.148895
-1.000000 -1.000000
-1.000000 -1.000000
-1.000000 -1.000000
687.631653 294.028687
827.515137 378.268982
-1.000000 -1.000000
-1.000000 -1.000000
-1.000000 -1.000000
-1.000000 -1.000000
715.667908 649.998596
470.659271 128.983826
-1.000000 -1.000000
-1.000000 -1.000000
489.913849 266.435974
-1.000000 -1.000000
-1.000000 -1.000000
775.092224 117.307739
-1.000000 -1.000000
-1.000000 -1.000000
-1.000000 -1.000000
856.334656 383.435577
-1.000000 -1.000000
-1.000000 -1.000000
-1.000000 -1.000000
-1.000000 -1.000000
-1.000000 -1.000000
-1.000000 -1.000000
911.753174 222.940018
-1.000000 -1.000000
-1.000000 -1.000000
-1.000000 -1.000000
700.425110 119.319809
-1.000000 -1.000000
867.898254 400.544098
-1.000000 -1.000000
-1.000000 -1.000000
-1.000000 -1.000000
-1.000000 -1.000000
-1.000000 -1.000000
-1.000000 -1.000000
-1.000000 -1.000000
973.101257 377.108704
-1.000000 -1.000000
-1.000000 -1.000000
-1.000000 -1.000000
-1.000000 -1.000000
-1.000000 -1.000000
-1.000000 -1.000000
-1.000000 -1.000000
725.082703 623.006531
-1.000000 -1.000000
-1.000000 -1.000000
-1.000000 -1.000000
375.032349 210.931000
864.845398 418.487946
1097.999634 211.775406
1168.553467 233.697311
-1.000000 -1.000000
383.973572 395.743591
-1.000000 -1.000000
-1.000000 -1.000000
-1.000000 -1.000000
581.440186 230.213104
-1.000000 -1.000000
-1.000000 -1.000000
-1.000000 -1.000000
557.258301 449.205261
1018.150818 366.445618
329.838715 466.445770
-1.000000 -1.000000
-1.000000 -1.000000
243.650192 364.149475
-1.000000 -1.000000
-1.000000 -1.000000
-1.000000 -1.000000
246.996307 368.007874
-1.000000 -1.000000
-1.000000 -1.000000
-1.000000 -1.000000
-1.000000 -1.000000
603.168457 468.096405
-1.000000 -1.000000
-1.000000 -1.000000
-1.000000 -1.000000
-1.000000 -1.000000
857.631592 433.750488
437.222717 197.243942
-1.000000 -1.000000
-1.000000 -1.000000
-1.000000 -1.000000
-1.000000 -1.000000
-1.000000 -1.000000
332.195740 151.609329
-1.000000 -1.000000
-1.000000 -1.000000
-1.000000 -1.000000
-1.000000 -1.000000
-1.000000 -1.000000
-1.000000 -1.000000
-1.000000 -1.000000
-1.000000 -1.000000
477.611572 142.482956
-1.000000 -1.000000
321.831482 461.116852
437.042267 211.561844
-1.000000 -1.000000
880.737183 165.270798
-1.000000 -1.000000
-1.000000 -1.000000
539.217041 239.455399
-1.000000 -1.000000
-1.000000 -1.000000
-1.000000 -1.000000
695.711243 56.921127
596.829651 203.103027
899.093201 98.948288
659.586975 215.355927
468.153442 107.154778
-1.000000 -1.000000
-1.000000 -1.000000
-1.000000 -1.000000
-1.000000 -1.000000
-1.000000 -1.000000
706.382751 637.078735
-1.000000 -1.000000
877.502441 440.114441
354.333069 223.986069
483.146606 130.492630
-1.000000 -1.000000
-1.000000 -1.000000
296.822266 441.982697
-1.000000 -1.000000
-1.000000 -1.000000
-1.000000 -1.000000
-1.000000 -1.000000
-1.000000 -1.000000
-1.000000 -1.000000
-1.000000 -1.000000
-1.000000 -1.000000
-1.000000 -1.000000
-1.000000 -1.000000
705.959961 649.939819
-1.000000 -1.000000
-1.000000 -1.000000
-1.000000 -1.000000
1203.434326 209.654205
719.592834 468.443939
-1.000000 -1.000000
-1.000000 -1.000000
892.034241 130.716949
-1.000000 -1.000000
-1.000000 -1.000000
-1.000000 -1.000000
435.859222 182.261612
-1.000000 -1.000000
1096.233521 209.623459
-1.000000 -1.000000
-1.000000 -1.000000
536.746277 254.466614
-1.000000 -1.000000
689.558044 258.448517
-1.000000 -1.000000
-1.000000 -1.000000
-1.000000 -1.000000
914.612183 205.467926
852.954773 408.263397
-1.000000 -1.000000
-1.000000 -1.000000
-1.000000 -1.000000
-1.000000 -1.000000
-1.000000 -1.000000
553.302673 229.957184
639.053711 41.003735
-1.000000 -1.000000
-1.000000 -1.000000
725.577576 649.155029
568.323853 231.219406
-1.000000 -1.000000
675.009827 313.848816
-1.000000 -1.000000
562.904480 465.557068
-1.000000 -1.000000
-1.000000 -1.000000
-1.000000 -1.000000
-1.000000 -1.000000
-1.000000 -1.000000
-1.000000 -1.000000
654.528076 41.179089
698.681641 633.672668
-1.000000 -1.000000
345.987457 168.166214
-1.000000 -1.000000
-1.000000 -1.000000
-1.000000 -1.000000
-1.000000 -1.000000
-1.000000 -1.000000
-1.000000 -1.000000
882.101379 417.018494
-1.000000 -1.000000
-1.000000 -1.000000
-1.000000 -1.000000
844.561279 392.595093
865.893738 395.957672
-1.000000 -1.000000
-1.000000 -1.000000
698.477356 648.329712
867.612793 443.259735
-1.000000 -1.000000
-1.000000 -1.000000
-1.000000 -1.000000
897.919678 146.380768
706.538208 623.410034
-1.000000 -1.000000
897.296997 229.078491
-1.000000 -1.000000
336.562317 147.595322
478.820892 93.243065
-1.000000 -1.000000
-1.000000 -1.000000
-1.000000 -1.000000
697.691162 469.279022
-1.000000 -1.000000
672.920776 329.005829
574.433472 477.322052
-1.000000 -1.000000
-1.000000 -1.000000
-1.000000 -1.000000
-1.000000 -1.000000
990.771423 379.076172
-1.000000 -1.000000
-1.000000 -1.000000
1082.298584 211.804504
-1.000000 -1.000000
264.040802 453.787140
-1.000000 -1.000000
-1.000000 -1.000000
-1.000000 -1.000000
-1.000000 -1.000000
755.749878 482.239563
-1.000000 -1.000000
676.434265 463.979431
-1.000000 -1.000000
323.177704 163.509277
-1.000000 -1.000000
-1.000000 -1.000000
-1.000000 -1.000000
492.231781 142.976776
452.093536 181.512161
-1.000000 -1.000000
779.661987 481.357788
-1.000000 -1.000000
-1.000000 -1.000000
875.289978 460.188812
-1.000000 -1.000000
-1.000000 -1.000000
-1.000000 -1.000000
-1.000000 -1.000000
245.281296 356.241302
-1.000000 -1.000000
285.674896 441.519196
-1.000000 -1.000000
-1.000000 -1.000000
482.126404 108.904518
-1.000000 -1.000000
-1.000000 -1.000000
-1.000000 -1.000000
-1.000000 -1.000000
452.786835 197.396713
-1.000000 -1.000000
-1.000000 -1.000000
682.194153 337.002167
-1.000000 -1.000000
-1.000000 -1.000000
-1.000000 -1.000000
-1.000000 -1.000000
-1.000000 -1.000000
901.880859 70.301971
-1.000000 -1.000000
-1.000000 -1.000000
-1.000000 -1.000000
-1.000000 -1.000000
678.388855 270.860962
699.922852 99.566582
-1.000000 -1.000000
1233.947632 216.890198
-1.000000 -1.000000
697.621948 618.864990
-1.000000 -1.000000
-1.000000 -1.000000
-1.000000 -1.000000
-1.000000 -1.000000
-1.000000 -1.000000
904.727295 54.889431
610.450378 447.801025
590.735046 481.176147
-1.000000 -1.000000
-1.000000 -1.000000
-1.000000 -1.000000
-1.000000 -1.000000
-1.000000 -1.000000
1107.692261 191.060089
739.446960 641.287659
-1.000000 -1.000000
-1.000000 -1.000000
-1.000000 -1.000000
-1.000000 -1.000000
889.444641 183.591583
-1.000000 -1.000000
-1.000000 -1.000000
-1.000000 -1.000000
-1.000000 -1.000000
1152.989868 236.097916
-1.000000 -1.000000
-1.000000 -1.000000
-1.000000 -1.000000
-1.000000 -1.000000
353.770355 212.402008
-1.000000 -1.000000
-1.000000 -1.000000
1061.722046 338.408417
-1.000000 -1.000000
253.238754 362.461517
-1.000000 -1.000000
-1.000000 -1.000000
606.036255 482.798157
-1.000000 -1.000000
-1.000000 -1.000000
-1.000000 -1.000000
-1.000000 -1.000000
-1.000000 -1.000000
-1.000000 -1.000000
416.576019 351.412537
497.711517 130.586594
-1.000000 -1.000000
-1.000000 -1.000000
-1.000000 -1.000000
-1.000000 -1.000000
-1.000000 -1.000000
-1.000000 -1.000000
-1.000000 -1.000000
-1.000000 -1.000000
242.317062 323.193420
866.410339 385.670349
-1.000000 -1.000000
-1.000000 -1.000000
-1.000000 -1.000000
714.625854 657.538574
-1.000000 -1.000000
657.303467 452.525726
-1.000000 -1.000000
-1.000000 -1.000000
