-1.000000 -1.000000
-1.000000 -1.000000
-1.000000 -1.000000
-1.000000 -1.000000
-1.000000 -1.000000
-1.000000 -1.000000
-1.000000 -1.000000
-1.000000 -1.000000
-1.000000 -1.000000
-1.000000 -1.000000
-1.000000 -1.000000
-1.000000 -1.000000
-1.000000 -1.000000
-1.000000 -1.000000
-1.000000 -1.000000
-1.000000 -1.000000
-1.000000 -1.000000
-1.000000 -1.000000
-1.000000 -1.000000
1176.583862 202.873215
-1.000000 -1.000000
-1.000000 -1.000000
1188.667603 157.730606
-1.000000 -1.000000
-1.000000 -1.000000
-1.000000 -1.000000
-1.000000 -1.000000
-1.000000 -1.000000
-1.000000 -1.000000
-1.000000 -1.000000
-1.000000 -1.000000
-1.000000 -1.000000
725.382751 365.224670
872.816406 74.135887
-1.000000 -1.000000
417.223846 212.920425
-1.000000 -1.000000
683.281860 445.590302
-1.000000 -1.000000
-1.000000 -1.000000
-1.000000 -1.000000
-1.000000 -1.000000
521.987427 251.966629
-1.000000 -1.000000
-1.000000 -1.000000
-1.000000 -1.000000
1158.633057 187.622665
-1.000000 -1.000000
-1.000000 -1.000000
-1.000000 -1.000000
-1.000000 -1.000000
1017.217896 199.641632
-1.000000 -1.000000
898.811951 227.672012
1173.655273 187.386063
-1.000000 -1.000000
-1.000000 -1.000000
-1.000000 -1.000000
415.225311 198.057266
666.989319 445.361145
1192.833618 198.658768
-1.000000 -1.000000
-1.000000 -1.000000
-1.000000 -1.000000
-1.000000 -1.000000
-1.000000 -1.000000
-1.000000 -1.000000
-1.000000 -1.000000
835.400696 436.489532
-1.000000 -1.000000
-1.000000 -1.000000
412.069977 226.257660
666.568054 423.528748
-1.000000 -1.000000
-1.000000 -1.000000
-1.000000 -1.000000
-1.000000 -1.000000
-1.000000 -1.000000
-1.000000 -1.000000
-1.000000 -1.000000
-1.000000 -1.000000
1024.383911 43.829948
826.421692 464.726624
-1.000000 -1.000000
-1.000000 -1.000000
-1.000000 -1.000000
-1.000000 -1.000000
-1.000000 -1.000000
-1.000000 -1.000000
-1.000000 -1.000000
1060.360596 199.519440
725.136902 349.405640
-1.000000 -1.000000
-1.000000 -1.000000
-1.000000 -1.000000
-1.000000 -1.000000
-1.000000 -1.000000
-1.000000 -1.000000
-1.000000 -1.000000
711.903381 448.675995
517.610413 40.995846
-1.000000 -1.000000
-1.000000 -1.000000
-1.000000 -1.000000
-1.000000 -1.000000
519.741821 267.010590
846.105225 435.757294
-1.000000 -1.000000
-1.000000 -1.000000
-1.000000 -1.000000
-1.000000 -1.000000
-1.000000 -1.000000
699.683105 443.541107
-1.000000 -1.000000
-1.000000 -1.000000
-1.000000 -1.000000
-1.000000 -1.000000
-1.000000 -1.000000
-1.000000 -1.000000
1173.470093 496.550751
-1.000000 -1.000000
-1.000000 -1.000000
887.639587 238.289520
-1.000000 -1.000000
-1.000000 -1.000000
-1.000000 -1.000000
745.089905 451.580933
-1.000000 -1.000000
-1.000000 -1.000000
507.997223 252.134491
-1.000000 -1.000000
858.036987 420.242645
-1.000000 -1.000000
-1.000000 -1.000000
-1.000000 -1.000000
-1.000000 -1.000000
-1.000000 -1.000000
1013.436707 215.110306
699.961243 427.104248
715.284790 434.122650
721.051025 453.205261
-1.000000 -1.000000
-1.000000 -1.000000
-1.000000 -1.000000
1023.918579 449.698914
-1.000000 -1.000000
537.783569 272.495392
-1.000000 -1.000000
-1.000000 -1.000000
-1.000000 -1.000000
-1.000000 -1.000000
480.482391 192.855560
-1.000000 -1.000000
-1.000000 -1.000000
-1.000000 -1.000000
-1.000000 -1.000000
-1.000000 -1.000000
-1.000000 -1.000000
-1.000000 -1.000000
836.565674 470.799622
-1.000000 -1.000000
890.048889 222.246124
-1.000000 -1.000000
1021.948242 472.758759
-1.000000 -1.000000
-1.000000 -1.000000
-1.000000 -1.000000
-1.000000 -1.000000
874.487366 420.354187
379.215851 211.271164
677.694092 346.837555
906.706116 232.249664
675.484009 361.809113
807.366272 459.787903
-1.000000 -1.000000
-1.000000 -1.000000
829.300659 451.847198
-1.000000 -1.000000
-1.000000 -1.000000
-1.000000 -1.000000
-1.000000 -1.000000
668.228333 404.386597
-1.000000 -1.000000
540.595825 258.183075
-1.000000 -1.000000
1104.988647 225.872742
-1.000000 -1.000000
335.174011 477.752716
-1.000000 -1.000000
-1.000000 -1.000000
-1.000000 -1.000000
-1.000000 -1.000000
-1.000000 -1.000000
505.630798 267.124786
408.350189 216.464401
681.150757 461.864166
854.169678 439.748047
-1.000000 -1.000000
-1.000000 -1.000000
333.795166 492.913391
842.010498 450.528137
-1.000000 -1.000000
478.587494 208.995239
-1.000000 -1.000000
-1.000000 -1.000000
-1.000000 -1.000000
364.054718 180.559357
354.055511 476.289948
-1.000000 -1.000000
-1.000000 -1.000000
-1.000000 -1.000000
-1.000000 -1.000000
1004.123718 197.500443
-1.000000 -1.000000
-1.000000 -1.000000
-1.000000 -1.000000
1011.002808 480.998932
-1.000000 -1.000000
716.835815 414.130707
-1.000000 -1.000000
-1.000000 -1.000000
1010.876465 453.618713
-1.000000 -1.000000
319.682526 475.159943
-1.000000 -1.000000
-1.000000 -1.000000
-1.000000 -1.000000
-1.000000 -1.000000
-1.000000 -1.000000
352.573212 491.603607
-1.000000 -1.000000
-1.000000 -1.000000
732.164001 461.962677
-1.000000 -1.000000
888.111023 73.950203
-1.000000 -1.000000
-1.000000 -1.000000
-1.000000 -1.000000
-1.000000 -1.000000
-1.000000 -1.000000
-1.000000 -1.000000
1163.588257 512.658813
-1.000000 -1.000000
697.655029 459.349823
-1.000000 -1.000000
-1.000000 -1.000000
-1.000000 -1.000000
-1.000000 -1.000000
-1.000000 -1.000000
494.619843 192.531418
317.616669 490.738525
710.171021 467.075165
-1.000000 -1.000000
-1.000000 -1.000000
700.624023 408.204437
-1.000000 -1.000000
-1.000000 -1.000000
573.586548 420.736725
-1.000000 -1.000000
1101.884033 195.094513
-1.000000 -1.000000
-1.000000 -1.000000
1027.066528 215.284073
-1.000000 -1.000000
896.861572 242.115128
-1.000000 -1.000000
-1.000000 -1.000000
664.124207 461.635437
-1.000000 -1.000000
-1.000000 -1.000000
-1.000000 -1.000000
477.505219 176.836426
-1.000000 -1.000000
-1.000000 -1.000000
-1.000000 -1.000000
-1.000000 -1.000000
1192.603149 213.220367
-1.000000 -1.000000
-1.000000 -1.000000
-1.000000 -1.000000
1083.018555 235.233307
730.885193 439.628906
-1.000000 -1.000000
-1.000000 -1.000000
-1.000000 -1.000000
881.239502 118.144928
1087.892822 199.194183
686.134033 340.290833
-1.000000 -1.000000
795.373596 428.583801
-1.000000 -1.000000
-1.000000 -1.000000
-1.000000 -1.000000
1188.807861 183.320938
-1.000000 -1.000000
-1.000000 -1.000000
-1.000000 -1.000000
-1.000000 -1.000000
-1.000000 -1.000000
-1.000000 -1.000000
330.999512 508.144012
-1.000000 -1.000000
-1.000000 -1.000000
-1.000000 -1.000000
-1.000000 -1.000000
371.569489 171.844055
-1.000000 -1.000000
-1.000000 -1.000000
-1.000000 -1.000000
-1.000000 -1.000000
-1.000000 -1.000000
-1.000000 -1.000000
-1.000000 -1.000000
-1.000000 -1.000000
492.510742 208.878143
884.827087 90.660553
-1.000000 -1.000000
834.012024 485.597748
315.193573 506.276215
-1.000000 -1.000000
-1.000000 -1.000000
-1.000000 -1.000000
-1.000000 -1.000000
-1.000000 -1.000000
-1.000000 -1.000000
-1.000000 -1.000000
-1.000000 -1.000000
-1.000000 -1.000000
763.665649 464.137756
723.643677 150.584778
-1.000000 -1.000000
-1.000000 -1.000000
-1.000000 -1.000000
-1.000000 -1.000000
1006.538635 230.301315
348.690887 506.514526
410.996979 183.394928
-1.000000 -1.000000
-1.000000 -1.000000
-1.000000 -1.000000
-1.000000 -1.000000
729.822754 337.667297
-1.000000 -1.000000
-1.000000 -1.000000
-1.000000 -1.000000
723.007019 477.375488
-1.000000 -1.000000
-1.000000 -1.000000
-1.000000 -1.000000
349.565247 231.638596
809.094177 432.524414
-1.000000 -1.000000
998.288696 212.945694
904.541199 215.900436
-1.000000 -1.000000
-1.000000 -1.000000
-1.000000 -1.000000
762.175720 382.440277
378.045258 202.712891
886.011108 427.163452
-1.000000 -1.000000
-1.000000 -1.000000
-1.000000 -1.000000
-1.000000 -1.000000
-1.000000 -1.000000
362.843842 178.999161
-1.000000 -1.000000
-1.000000 -1.000000
-1.000000 -1.000000
-1.000000 -1.000000
-1.000000 -1.000000
805.198181 138.025360
-1.000000 -1.000000
-1.000000 -1.000000
879.761963 236.547714
-1.000000 -1.000000
-1.000000 -1.000000
-1.000000 -1.000000
-1.000000 -1.000000
-1.000000 -1.000000
-1.000000 -1.000000
-1.000000 -1.000000
-1.000000 -1.000000
509.318542 192.055405
491.609283 177.083054
-1.000000 -1.000000
-1.000000 -1.000000
-1.000000 -1.000000
923.008423 408.741760
-1.000000 -1.000000
393.838989 390.131012
-1.000000 -1.000000
-1.000000 -1.000000
378.869232 388.953003
879.813416 163.121597
-1.000000 -1.000000
-1.000000 -1.000000
394.797211 375.241638
-1.000000 -1.000000
-1.000000 -1.000000
-1.000000 -1.000000
707.589478 150.113251
-1.000000 -1.000000
-1.000000 -1.000000
-1.000000 -1.000000
-1.000000 -1.000000
-1.000000 -1.000000
-1.000000 -1.000000
-1.000000 -1.000000
-1.000000 -1.000000
434.110077 384.643311
966.246704 40.446167
-1.000000 -1.000000
378.795288 403.770599
741.269958 476.514374
-1.000000 -1.000000
449.157837 384.731079
-1.000000 -1.000000
419.171112 385.480469
950.268188 40.805283
1099.161987 212.951691
553.063232 259.125488
426.134186 369.720886
-1.000000 -1.000000
493.105957 247.036896
395.742645 404.836060
-1.000000 -1.000000
441.153717 369.896088
-1.000000 -1.000000
-1.000000 -1.000000
649.631165 441.021820
-1.000000 -1.000000
550.930298 272.906128
-1.000000 -1.000000
-1.000000 -1.000000
-1.000000 -1.000000
348.439636 188.272232
-1.000000 -1.000000
507.206970 207.386063
434.209564 399.541351
548.837646 468.183411
873.805054 133.923599
-1.000000 -1.000000
-1.000000 -1.000000
851.645386 453.099884
-1.000000 -1.000000
-1.000000 -1.000000
-1.000000 -1.000000
-1.000000 -1.000000
-1.000000 -1.000000
-1.000000 -1.000000
824.159729 478.734283
-1.000000 -1.000000
-1.000000 -1.000000
-1.000000 -1.000000
419.293152 400.364441
-1.000000 -1.000000
-1.000000 -1.000000
-1.000000 -1.000000
449.199371 399.626953
-1.000000 -1.000000
-1.000000 -1.000000
-1.000000 -1.000000
786.770935 120.163086
-1.000000 -1.000000
689.847595 197.711868
-1.000000 -1.000000
-1.000000 -1.000000
-1.000000 -1.000000
-1.000000 -1.000000
-1.000000 -1.000000
-1.000000 -1.000000
679.289307 328.114502
-1.000000 -1.000000
-1.000000 -1.000000
-1.000000 -1.000000
864.511047 239.175125
-1.000000 -1.000000
343.309662 462.928070
-1.000000 -1.000000
-1.000000 -1.000000
-1.000000 -1.000000
1087.109741 214.547379
-1.000000 -1.000000
526.826843 213.470673
-1.000000 -1.000000
-1.000000 -1.000000
-1.000000 -1.000000
-1.000000 -1.000000
411.264099 370.479095
-1.000000 -1.000000
-1.000000 -1.000000
-1.000000 -1.000000
-1.000000 -1.000000
-1.000000 -1.000000
-1.000000 -1.000000
-1.000000 -1.000000
-1.000000 -1.000000
-1.000000 -1.000000
759.559814 337.693390
-1.000000 -1.000000
-1.000000 -1.000000
-1.000000 -1.000000
-1.000000 -1.000000
-1.000000 -1.000000
-1.000000 -1.000000
1005.816956 472.869293
786.708374 135.314072
-1.000000 -1.000000
-1.000000 -1.000000
-1.000000 -1.000000
769.131836 120.288689
511.449005 223.088852
-1.000000 -1.000000
-1.000000 -1.000000
800.078430 152.996002
-1.000000 -1.000000
-1.000000 -1.000000
-1.000000 -1.000000
648.120850 456.303925
686.770264 643.821899
1025.629272 509.718597
-1.000000 -1.000000
-1.000000 -1.000000
374.178955 193.361267
490.810333 263.459442
-1.000000 -1.000000
-1.000000 -1.000000
-1.000000 -1.000000
-1.000000 -1.000000
663.790894 341.527283
-1.000000 -1.000000
-1.000000 -1.000000
517.362610 281.918152
-1.000000 -1.000000
733.508362 166.433929
-1.000000 -1.000000
1084.358276 439.127533
-1.000000 -1.000000
-1.000000 -1.000000
-1.000000 -1.000000
-1.000000 -1.000000
1018.115662 363.169159
-1.000000 -1.000000
-1.000000 -1.000000
363.677185 390.028107
-1.000000 -1.000000
682.547791 284.554077
-1.000000 -1.000000
-1.000000 -1.000000
811.133667 446.107452
-1.000000 -1.000000
-1.000000 -1.000000
-1.000000 -1.000000
694.688416 328.325806
-1.000000 -1.000000
-1.000000 -1.000000
-1.000000 -1.000000
1010.730896 379.309052
782.958618 150.466187
-1.000000 -1.000000
-1.000000 -1.000000
-1.000000 -1.000000
-1.000000 -1.000000
884.027710 208.608627
-1.000000 -1.000000
686.896057 630.637512
-1.000000 -1.000000
-1.000000 -1.000000
-1.000000 -1.000000
995.011658 379.253357
-1.000000 -1.000000
-1.000000 -1.000000
371.948853 460.669708
-1.000000 -1.000000
-1.000000 -1.000000
-1.000000 -1.000000
-1.000000 -1.000000
1002.808289 363.832703
-1.000000 -1.000000
-1.000000 -1.000000
-1.000000 -1.000000
-1.000000 -1.000000
-1.000000 -1.000000
-1.000000 -1.000000
913.225220 237.855484
647.706970 426.537018
-1.000000 -1.000000
-1.000000 -1.000000
709.335876 221.673340
-1.000000 -1.000000
794.138245 406.238647
-1.000000 -1.000000
685.829041 293.798462
506.427795 178.334579
-1.000000 -1.000000
503.579437 282.150330
-1.000000 -1.000000
-1.000000 -1.000000
-1.000000 -1.000000
-1.000000 -1.000000
-1.000000 -1.000000
-1.000000 -1.000000
381.261810 212.655289
1007.620911 398.622437
-1.000000 -1.000000
-1.000000 -1.000000
-1.000000 -1.000000
-1.000000 -1.000000
-1.000000 -1.000000
-1.000000 -1.000000
1174.652710 248.868683
-1.000000 -1.000000
988.368591 397.831299
-1.000000 -1.000000
-1.000000 -1.000000
1021.328735 230.822250
830.075073 162.339706
-1.000000 -1.000000
-1.000000 -1.000000
364.132904 177.985657
-1.000000 -1.000000
694.945557 642.355408
-1.000000 -1.000000
-1.000000 -1.000000
-1.000000 -1.000000
661.174438 329.597260
568.292236 247.125916
-1.000000 -1.000000
-1.000000 -1.000000
-1.000000 -1.000000
-1.000000 -1.000000
-1.000000 -1.000000
-1.000000 -1.000000
-1.000000 -1.000000
535.332947 251.420578
-1.000000 -1.000000
1104.800903 215.515854
-1.000000 -1.000000
-1.000000 -1.000000
-1.000000 -1.000000
-1.000000 -1.000000
848.342834 407.963135
-1.000000 -1.000000
-1.000000 -1.000000
562.630920 472.655884
-1.000000 -1.000000
-1.000000 -1.000000
987.370178 363.852448
-1.000000 -1.000000
-1.000000 -1.000000
-1.000000 -1.000000
661.357361 308.406799
804.367004 389.713257
-1.000000 -1.000000
-1.000000 -1.000000
-1.000000 -1.000000
-1.000000 -1.000000
686.428955 655.470154
472.143890 144.299774
-1.000000 -1.000000
-1.000000 -1.000000
488.632996 278.483521
-1.000000 -1.000000
-1.000000 -1.000000
770.250000 134.730927
-1.000000 -1.000000
-1.000000 -1.000000
-1.000000 -1.000000
836.584900 394.872925
-1.000000 -1.000000
-1.000000 -1.000000
-1.000000 -1.000000
-1.000000 -1.000000
-1.000000 -1.000000
-1.000000 -1.000000
908.126587 239.879654
-1.000000 -1.000000
-1.000000 -1.000000
-1.000000 -1.000000
696.500732 136.328445
-1.000000 -1.000000
838.360962 410.697815
-1.000000 -1.000000
-1.000000 -1.000000
-1.000000 -1.000000
-1.000000 -1.000000
-1.000000 -1.000000
-1.000000 -1.000000
-1.000000 -1.000000
938.857422 389.688934
-1.000000 -1.000000
-1.000000 -1.000000
-1.000000 -1.000000
-1.000000 -1.000000
-1.000000 -1.000000
-1.000000 -1.000000
-1.000000 -1.000000
694.651672 629.289551
-1.000000 -1.000000
-1.000000 -1.000000
-1.000000 -1.000000
407.504120 222.381836
817.698181 436.825104
1093.528564 228.481033
1158.742676 251.157776
-1.000000 -1.000000
363.610748 404.825470
-1.000000 -1.000000
-1.000000 -1.000000
-1.000000 -1.000000
556.158081 245.284760
-1.000000 -1.000000
-1.000000 -1.000000
-1.000000 -1.000000
533.594666 457.678009
979.435181 379.095337
307.998718 472.905090
-1.000000 -1.000000
-1.000000 -1.000000
253.358932 376.512207
-1.000000 -1.000000
-1.000000 -1.000000
-1.000000 -1.000000
256.785217 382.886749
-1.000000 -1.000000
-1.000000 -1.000000
-1.000000 -1.000000
-1.000000 -1.000000
574.848694 474.700806
-1.000000 -1.000000
-1.000000 -1.000000
-1.000000 -1.000000
-1.000000 -1.000000
812.887268 444.027008
440.989166 211.839386
-1.000000 -1.000000
-1.000000 -1.000000
-1.000000 -1.000000
-1.000000 -1.000000
-1.000000 -1.000000
-1.000000 -1.000000
-1.000000 -1.000000
-1.000000 -1.000000
-1.000000 -1.000000
-1.000000 -1.000000
-1.000000 -1.000000
-1.000000 -1.000000
-1.000000 -1.000000
-1.000000 -1.000000
478.153748 156.942841
-1.000000 -1.000000
302.099823 467.648438
441.800079 226.514847
-1.000000 -1.000000
877.459473 182.332748
-1.000000 -1.000000
-1.000000 -1.000000
527.647217 250.686310
-1.000000 -1.000000
-1.000000 -1.000000
-1.000000 -1.000000
692.607361 76.508781
571.489502 219.469421
896.648438 116.657387
634.015076 232.773102
469.773315 123.776222
-1.000000 -1.000000
-1.000000 -1.000000
-1.000000 -1.000000
-1.000000 -1.000000
-1.000000 -1.000000
677.433594 643.149902
-1.000000 -1.000000
827.399780 444.909760
381.885529 230.609268
484.164886 146.049606
-1.000000 -1.000000
-1.000000 -1.000000
279.599365 448.139954
-1.000000 -1.000000
-1.000000 -1.000000
-1.000000 -1.000000
-1.000000 -1.000000
-1.000000 -1.000000
-1.000000 -1.000000
-1.000000 -1.000000
-1.000000 -1.000000
-1.000000 -1.000000
-1.000000 -1.000000
676.890137 655.402771
-1.000000 -1.000000
-1.000000 -1.000000
-1.000000 -1.000000
1189.768677 227.829697
692.634155 475.710724
-1.000000 -1.000000
-1.000000 -1.000000
889.174805 148.237808
-1.000000 -1.000000
-1.000000 -1.000000
-1.000000 -1.000000
439.147797 196.150681
-1.000000 -1.000000
1092.385986 226.405258
-1.000000 -1.000000
-1.000000 -1.000000
526.462097 266.397614
-1.000000 -1.000000
664.256226 274.618988
-1.000000 -1.000000
-1.000000 -1.000000
-1.000000 -1.000000
910.821655 222.395294
818.356873 424.471741
-1.000000 -1.000000
-1.000000 -1.000000
-1.000000 -1.000000
-1.000000 -1.000000
-1.000000 -1.000000
531.181641 239.771866
635.962524 40.590572
-1.000000 -1.000000
-1.000000 -1.000000
695.126709 654.703064
543.438171 244.735504
-1.000000 -1.000000
648.212158 327.846680
-1.000000 -1.000000
537.513916 472.105133
-1.000000 -1.000000
-1.000000 -1.000000
-1.000000 -1.000000
-1.000000 -1.000000
-1.000000 -1.000000
-1.000000 -1.000000
651.013428 40.708424
671.293823 639.790955
-1.000000 -1.000000
358.753479 177.067230
-1.000000 -1.000000
-1.000000 -1.000000
-1.000000 -1.000000
-1.000000 -1.000000
-1.000000 -1.000000
-1.000000 -1.000000
833.528809 430.758728
-1.000000 -1.000000
-1.000000 -1.000000
-1.000000 -1.000000
825.824890 402.844238
841.920471 404.894318
-1.000000 -1.000000
-1.000000 -1.000000
670.928040 654.019714
817.704834 447.223846
-1.000000 -1.000000
-1.000000 -1.000000
-1.000000 -1.000000
894.879639 163.387589
677.856873 629.965088
-1.000000 -1.000000
890.498779 245.493530
-1.000000 -1.000000
343.658478 178.247070
480.148743 109.486023
-1.000000 -1.000000
-1.000000 -1.000000
-1.000000 -1.000000
671.328918 476.200653
-1.000000 -1.000000
645.348022 342.215820
547.759949 483.668915
-1.000000 -1.000000
-1.000000 -1.000000
-1.000000 -1.000000
-1.000000 -1.000000
956.660217 391.567993
-1.000000 -1.000000
-1.000000 -1.000000
1073.059570 227.224945
-1.000000 -1.000000
247.067581 459.587952
-1.000000 -1.000000
-1.000000 -1.000000
-1.000000 -1.000000
-1.000000 -1.000000
723.666504 490.237518
-1.000000 -1.000000
649.243286 471.352203
-1.000000 -1.000000
-1.000000 -1.000000
-1.000000 -1.000000
-1.000000 -1.000000
-1.000000 -1.000000
492.715149 157.571915
454.404419 196.170685
-1.000000 -1.000000
747.098633 490.691956
-1.000000 -1.000000
-1.000000 -1.000000
824.358093 460.897614
-1.000000 -1.000000
-1.000000 -1.000000
-1.000000 -1.000000
-1.000000 -1.000000
249.457718 372.351013
-1.000000 -1.000000
269.020813 447.605347
-1.000000 -1.000000
-1.000000 -1.000000
483.350067 125.461060
-1.000000 -1.000000
-1.000000 -1.000000
-1.000000 -1.000000
-1.000000 -1.000000
455.203918 212.104919
-1.000000 -1.000000
-1.000000 -1.000000
654.708435 349.894745
-1.000000 -1.000000
-1.000000 -1.000000
-1.000000 -1.000000
-1.000000 -1.000000
-1.000000 -1.000000
899.903137 88.850281
-1.000000 -1.000000
-1.000000 -1.000000
-1.000000 -1.000000
-1.000000 -1.000000
652.496338 285.548828
696.000793 118.762619
-1.000000 -1.000000
-1.000000 -1.000000
-1.000000 -1.000000
671.043396 625.951538
-1.000000 -1.000000
-1.000000 -1.000000
-1.000000 -1.000000
-1.000000 -1.000000
-1.000000 -1.000000
903.011841 73.643913
582.875366 456.745453
562.802490 487.029724
-1.000000 -1.000000
-1.000000 -1.000000
-1.000000 -1.000000
-1.000000 -1.000000
-1.000000 -1.000000
1105.970459 208.601608
707.250916 647.243347
-1.000000 -1.000000
-1.000000 -1.000000
-1.000000 -1.000000
-1.000000 -1.000000
885.903992 200.447220
-1.000000 -1.000000
-1.000000 -1.000000
-1.000000 -1.000000
-1.000000 -1.000000
1143.353638 253.451279
-1.000000 -1.000000
-1.000000 -1.000000
-1.000000 -1.000000
-1.000000 -1.000000
381.518829 218.746658
-1.000000 -1.000000
-1.000000 -1.000000
1026.958496 351.710907
-1.000000 -1.000000
257.388397 380.617279
-1.000000 -1.000000
-1.000000 -1.000000
577.169739 488.882111
-1.000000 -1.000000
-1.000000 -1.000000
-1.000000 -1.000000
-1.000000 -1.000000
-1.000000 -1.000000
-1.000000 -1.000000
395.739655 361.326630
498.710754 146.565857
-1.000000 -1.000000
-1.000000 -1.000000
-1.000000 -1.000000
-1.000000 -1.000000
-1.000000 -1.000000
-1.000000 -1.000000
-1.000000 -1.000000
-1.000000 -1.000000
-1.000000 -1.000000
844.564575 396.899811
-1.000000 -1.000000
-1.000000 -1.000000
-1.000000 -1.000000
685.228882 660.271973
-1.000000 -1.000000
630.000610 460.825439
-1.000000 -1.000000
-1.000000 -1.000000
