-1.000000 -1.000000
-1.000000 -1.000000
-1.000000 -1.000000
-1.000000 -1.000000
-1.000000 -1.000000
-1.000000 -1.000000
-1.000000 -1.000000
-1.000000 -1.000000
-1.000000 -1.000000
-1.000000 -1.000000
-1.000000 -1.000000
-1.000000 -1.000000
-1.000000 -1.000000
-1.000000 -1.000000
-1.000000 -1.000000
1120.672729 124.700859
-1.000000 -1.000000
-1.000000 -1.000000
-1.000000 -1.000000
1074.962036 173.571136
-1.000000 -1.000000
-1.000000 -1.000000
1086.161133 134.144363
-1.000000 -1.000000
-1.000000 -1.000000
-1.000000 -1.000000
1147.867432 40.729195
1056.078003 175.947205
1128.919678 109.901604
-1.000000 -1.000000
-1.000000 -1.000000
-1.000000 -1.000000
716.684998 331.609528
770.402100 55.021053
-1.000000 -1.000000
307.546600 200.437164
1116.189087 139.541367
703.423096 407.756866
-1.000000 -1.000000
-1.000000 -1.000000
-1.000000 -1.000000
-1.000000 -1.000000
435.988983 224.454498
-1.000000 -1.000000
-1.000000 -1.000000
1155.612427 306.498627
1056.862305 158.912704
253.326416 317.177368
-1.000000 -1.000000
-1.000000 -1.000000
-1.000000 -1.000000
902.287048 163.075073
-1.000000 -1.000000
816.243347 219.013931
1072.049072 158.223740
-1.000000 -1.000000
1140.248291 306.536652
-1.000000 -1.000000
305.524323 185.455643
687.653687 407.647583
1091.008911 168.990997
291.978394 204.346802
-1.000000 -1.000000
1071.174194 132.005661
-1.000000 -1.000000
230.229156 265.779175
1086.221558 119.150154
-1.000000 -1.000000
889.383362 394.272522
-1.000000 -1.000000
-1.000000 -1.000000
307.379669 215.427750
686.397339 387.334625
-1.000000 -1.000000
767.341492 72.135353
1137.829590 134.771210
-1.000000 -1.000000
-1.000000 -1.000000
-1.000000 -1.000000
296.319122 40.310368
290.022614 189.386932
906.195068 40.850330
886.532898 428.065033
-1.000000 -1.000000
-1.000000 -1.000000
1186.570679 139.587402
1132.643799 94.522957
-1.000000 -1.000000
-1.000000 -1.000000
-1.000000 -1.000000
940.027466 164.915314
718.586365 316.211365
1154.712646 271.095734
-1.000000 -1.000000
1170.949707 306.436798
-1.000000 -1.000000
-1.000000 -1.000000
-1.000000 -1.000000
280.230743 341.228607
735.451355 408.009094
433.137756 41.028557
1069.532959 189.144409
-1.000000 -1.000000
258.425568 346.818268
-1.000000 -1.000000
434.001923 239.479858
904.463745 392.169983
-1.000000 -1.000000
-1.000000 -1.000000
-1.000000 -1.000000
-1.000000 -1.000000
943.656921 40.826214
719.899536 405.430664
-1.000000 -1.000000
764.242798 99.445335
-1.000000 -1.000000
-1.000000 -1.000000
-1.000000 -1.000000
-1.000000 -1.000000
1188.814697 428.229767
-1.000000 -1.000000
-1.000000 -1.000000
812.477478 234.350128
-1.000000 -1.000000
717.741577 347.447632
-1.000000 -1.000000
766.288757 406.931213
-1.000000 -1.000000
1048.116089 191.245773
421.015778 224.430511
-1.000000 -1.000000
901.636475 375.378448
-1.000000 -1.000000
-1.000000 -1.000000
213.856384 262.688416
-1.000000 -1.000000
-1.000000 -1.000000
898.883240 177.896118
718.273254 390.471069
735.029480 393.935547
749.578430 409.938873
1071.169922 117.007057
-1.000000 -1.000000
1155.535767 321.721985
1119.258179 405.641022
917.378601 162.085892
572.538879 235.798843
-1.000000 -1.000000
-1.000000 -1.000000
256.051666 365.748688
-1.000000 -1.000000
392.929138 177.324097
1154.371582 336.772980
1140.156006 321.707275
244.429276 279.487762
-1.000000 -1.000000
1145.310181 117.114922
-1.000000 -1.000000
-1.000000 -1.000000
901.551514 433.055389
1176.563232 155.226395
800.412292 218.731247
-1.000000 -1.000000
1128.454346 427.144165
1197.568970 123.714462
-1.000000 -1.000000
-1.000000 -1.000000
-1.000000 -1.000000
916.673767 375.077850
197.993973 215.370544
701.254883 314.796967
830.072449 216.594345
699.154419 329.945160
782.101440 406.535187
-1.000000 -1.000000
-1.000000 -1.000000
885.969299 409.288116
-1.000000 -1.000000
239.519241 361.547333
-1.000000 -1.000000
-1.000000 -1.000000
686.693237 371.782379
1041.232056 159.607391
574.758911 220.613632
-1.000000 -1.000000
1028.648926 191.792404
1153.641479 291.239532
374.591553 449.382599
-1.000000 -1.000000
-1.000000 -1.000000
-1.000000 -1.000000
-1.000000 -1.000000
1147.622559 101.354515
419.023865 239.513580
291.922607 219.199432
702.195007 423.456573
918.691406 392.870270
-1.000000 -1.000000
1131.996338 40.746376
374.289581 464.663391
903.540649 406.497772
246.418472 262.370026
390.885895 192.612579
1202.676147 202.103943
820.911560 40.954914
-1.000000 -1.000000
196.714401 186.184860
389.745667 446.994446
-1.000000 -1.000000
-1.000000 -1.000000
1170.265625 141.754990
-1.000000 -1.000000
886.993164 160.922195
-1.000000 -1.000000
-1.000000 -1.000000
-1.000000 -1.000000
1128.233032 442.141907
-1.000000 -1.000000
734.306824 377.461212
-1.000000 -1.000000
-1.000000 -1.000000
1102.546753 401.835266
640.019653 145.693771
359.790161 447.134064
-1.000000 -1.000000
-1.000000 -1.000000
-1.000000 -1.000000
762.958252 145.073273
-1.000000 -1.000000
389.399445 462.742249
1139.835571 272.131531
-1.000000 -1.000000
762.804321 420.425812
-1.000000 -1.000000
785.478455 55.035423
921.076355 40.973728
-1.000000 -1.000000
1117.571167 94.130875
937.913696 179.893372
-1.000000 -1.000000
308.906006 230.321854
1182.947144 443.772949
-1.000000 -1.000000
719.855774 420.284485
591.434448 41.114502
276.917480 204.753052
1168.972046 291.399170
-1.000000 -1.000000
812.981689 250.101654
407.819305 177.119858
359.083740 462.667847
743.582031 424.019104
-1.000000 -1.000000
-1.000000 -1.000000
717.817444 374.270599
1139.053467 336.692291
1114.075073 109.400597
608.208435 379.831207
1138.359009 291.342926
973.709473 157.911621
-1.000000 -1.000000
-1.000000 -1.000000
914.268616 178.085739
-1.000000 -1.000000
827.101929 233.939056
197.105606 230.161072
-1.000000 -1.000000
686.056641 423.505280
-1.000000 -1.000000
-1.000000 -1.000000
891.166199 40.889973
389.968323 161.879242
1125.201172 306.650879
1170.873901 321.531311
183.569855 186.886490
-1.000000 -1.000000
1091.029541 184.063416
-1.000000 -1.000000
917.981445 356.221100
1169.890991 272.256805
1029.662354 205.656494
753.148010 395.640350
-1.000000 -1.000000
-1.000000 -1.000000
1204.958984 190.423248
779.457520 99.504738
958.725769 160.032806
707.038635 301.787292
1188.483887 207.094147
771.117615 391.345154
-1.000000 -1.000000
-1.000000 -1.000000
-1.000000 -1.000000
1087.097412 153.990097
1092.582886 104.096642
-1.000000 -1.000000
887.469360 377.907562
-1.000000 -1.000000
-1.000000 -1.000000
757.018005 114.794060
372.929504 479.859039
624.971252 145.610596
196.621674 171.279587
-1.000000 -1.000000
902.691040 358.561707
275.004883 189.859619
-1.000000 -1.000000
-1.000000 -1.000000
-1.000000 -1.000000
1182.671509 117.659218
710.172791 55.193653
754.702148 318.463440
-1.000000 -1.000000
714.464111 102.811943
405.795227 192.405243
782.472168 71.146355
-1.000000 -1.000000
901.913635 448.826447
357.717407 477.853058
155.839172 243.181030
641.115417 159.205597
639.969604 55.681862
-1.000000 -1.000000
-1.000000 -1.000000
827.165222 250.238358
-1.000000 -1.000000
-1.000000 -1.000000
-1.000000 -1.000000
777.877808 420.171783
639.411560 130.674454
-1.000000 -1.000000
-1.000000 -1.000000
-1.000000 -1.000000
876.020813 40.897987
892.734680 192.753998
389.187042 478.017639
303.496613 170.225128
729.679810 93.439377
-1.000000 -1.000000
-1.000000 -1.000000
-1.000000 -1.000000
723.376892 301.257294
762.002930 129.833527
-1.000000 -1.000000
-1.000000 -1.000000
760.460815 435.259888
184.653900 207.653473
-1.000000 -1.000000
390.972809 207.751770
159.987915 228.454987
787.126465 390.736481
147.957153 358.704956
880.520508 174.844803
816.369141 204.403381
-1.000000 -1.000000
-1.000000 -1.000000
-1.000000 -1.000000
750.643005 348.865326
211.446991 211.113998
930.073059 376.175964
-1.000000 -1.000000
-1.000000 -1.000000
785.325684 217.701462
-1.000000 -1.000000
-1.000000 -1.000000
210.520233 184.690292
-1.000000 -1.000000
1186.042480 410.279419
744.981689 93.399223
-1.000000 -1.000000
-1.000000 -1.000000
713.341858 117.906509
1191.732422 154.424377
-1.000000 -1.000000
796.760681 233.948090
740.804199 111.742569
1155.066162 169.239578
642.101868 75.111053
-1.000000 -1.000000
-1.000000 -1.000000
-1.000000 -1.000000
714.341003 82.396667
128.762939 266.963104
422.721039 177.150391
404.900757 161.823441
1169.567383 336.732880
-1.000000 -1.000000
-1.000000 -1.000000
932.051941 356.828583
-1.000000 -1.000000
427.792969 356.479004
656.605164 56.454811
-1.000000 -1.000000
412.770752 355.504181
778.276001 144.067093
169.770981 208.308090
130.024704 253.924667
428.806183 341.474213
-1.000000 -1.000000
-1.000000 -1.000000
-1.000000 -1.000000
624.216248 130.679367
413.782440 340.490112
1161.178467 122.231689
797.571960 249.688995
1181.752441 211.343887
-1.000000 -1.000000
1189.256836 195.315216
1111.238647 160.662292
-1.000000 -1.000000
472.001007 350.134644
859.406616 40.763794
-1.000000 -1.000000
412.816010 370.550812
776.540588 435.042206
-1.000000 -1.000000
486.998932 350.071472
1193.588379 656.140686
456.966675 351.116333
843.901123 40.888538
973.752014 172.980118
587.583252 220.154282
464.003998 335.109161
288.353485 173.813797
405.937653 220.056107
429.867371 371.592407
-1.000000 -1.000000
479.008057 335.132172
142.047058 248.941666
1138.524414 171.282562
671.559692 403.225983
-1.000000 -1.000000
586.375183 235.300323
233.190948 254.227509
1200.093140 138.368103
-1.000000 -1.000000
183.243362 172.015625
-1.000000 -1.000000
420.759399 192.180695
471.961151 365.196289
579.694336 433.158417
772.309998 114.769814
-1.000000 -1.000000
-1.000000 -1.000000
917.988281 407.288208
661.893250 95.045570
709.494568 243.356094
171.877701 340.583588
225.924103 211.906601
-1.000000 -1.000000
-1.000000 -1.000000
887.239746 443.507996
-1.000000 -1.000000
210.834229 225.981903
-1.000000 -1.000000
456.922516 366.189728
173.924713 264.854950
800.384277 203.724426
-1.000000 -1.000000
486.965912 365.112976
133.882584 353.555725
644.179749 90.212593
624.574951 54.745239
697.825745 99.943626
1116.803955 40.803314
625.057190 158.593750
-1.000000 -1.000000
183.411865 223.274780
729.597778 78.212715
810.095154 265.936401
1202.834106 108.861748
-1.000000 -1.000000
701.626282 287.248932
-1.000000 -1.000000
1056.172241 131.043961
-1.000000 -1.000000
779.917908 233.323898
1197.680176 455.582642
375.299408 433.846649
-1.000000 -1.000000
-1.000000 -1.000000
725.203979 63.131618
958.766235 175.052444
-1.000000 -1.000000
445.165833 209.330063
722.274048 218.972244
-1.000000 -1.000000
-1.000000 -1.000000
-1.000000 -1.000000
448.490051 336.140717
-1.000000 -1.000000
562.811462 230.227219
861.418335 183.274628
1205.783813 171.028290
154.527817 207.240829
-1.000000 -1.000000
756.795105 205.976349
695.405640 158.143661
725.133728 48.106110
745.558594 301.077057
194.150726 156.292023
-1.000000 -1.000000
276.883667 219.247696
1151.916504 151.698395
398.765289 340.553436
-1.000000 -1.000000
1112.932129 424.235382
697.843384 115.103615
1103.448364 88.527496
1125.145874 321.696106
-1.000000 -1.000000
681.592224 99.047127
425.812012 208.699814
883.871704 358.184082
1125.081543 268.858124
710.052002 133.220108
-1.000000 -1.000000
866.128662 169.465988
1112.841187 175.702576
670.506958 418.625763
705.801270 603.246338
1130.241333 457.934357
1198.921265 394.973755
1075.939087 102.053314
197.727951 201.253876
403.981598 235.409317
1163.023926 106.499519
759.777832 220.847763
754.596558 175.331299
626.614929 76.199188
690.515503 302.910736
714.710571 154.166809
739.977295 176.209549
432.086029 254.497162
-1.000000 -1.000000
650.765991 146.140106
740.557190 126.827919
1100.507690 385.879761
1183.618286 394.599915
760.838440 160.358795
-1.000000 -1.000000
-1.000000 -1.000000
1019.711121 316.014923
-1.000000 -1.000000
117.161842 292.952881
397.737518 356.580170
708.003967 205.593292
693.535400 240.341156
1133.371582 152.060471
-1.000000 -1.000000
801.773987 398.231171
725.169495 137.016434
-1.000000 -1.000000
-1.000000 -1.000000
715.870239 286.501434
-1.000000 -1.000000
-1.000000 -1.000000
-1.000000 -1.000000
1016.353088 331.425812
694.361755 130.341537
-1.000000 -1.000000
-1.000000 -1.000000
-1.000000 -1.000000
-1.000000 -1.000000
785.260925 202.530472
-1.000000 -1.000000
705.735046 588.377747
157.058228 367.286041
-1.000000 -1.000000
210.719376 169.851196
1001.371826 331.340088
1178.418091 252.806900
-1.000000 -1.000000
391.939240 431.838074
628.447632 103.405846
-1.000000 -1.000000
-1.000000 -1.000000
698.891968 343.941071
1004.053040 316.010498
1056.087158 116.068336
764.925415 236.758408
-1.000000 -1.000000
141.103348 237.581207
-1.000000 -1.000000
169.025955 183.322601
857.790588 198.436920
670.411621 388.194183
-1.000000 -1.000000
-1.000000 -1.000000
656.811768 174.523911
-1.000000 -1.000000
755.903870 377.966675
-1.000000 -1.000000
701.219116 264.663177
419.846161 161.932388
326.050659 210.855789
417.135193 254.547287
-1.000000 -1.000000
744.956299 78.204697
-1.000000 -1.000000
-1.000000 -1.000000
1147.148682 255.800583
-1.000000 -1.000000
224.028687 227.160080
1012.717163 348.981873
1008.304260 206.033783
701.077759 226.735947
739.733032 161.403091
-1.000000 -1.000000
778.128357 249.699539
-1.000000 -1.000000
1070.993286 221.055481
-1.000000 -1.000000
997.741455 348.320862
-1.000000 -1.000000
-1.000000 -1.000000
911.215332 193.063156
740.264465 141.965378
-1.000000 -1.000000
326.350342 195.985931
241.038177 208.922806
-1.000000 -1.000000
719.961060 601.521240
-1.000000 -1.000000
-1.000000 -1.000000
-1.000000 -1.000000
686.236023 287.887115
602.632935 203.971390
664.238831 144.144913
-1.000000 -1.000000
-1.000000 -1.000000
1161.607788 255.781509
-1.000000 -1.000000
-1.000000 -1.000000
-1.000000 -1.000000
567.805908 214.510330
-1.000000 -1.000000
1009.857666 176.705994
-1.000000 -1.000000
-1.000000 -1.000000
1112.536133 438.711670
-1.000000 -1.000000
851.692627 370.518219
694.588745 55.341152
-1.000000 -1.000000
595.383118 436.219360
754.747437 190.343170
197.279037 380.669067
989.459473 316.068634
1180.195679 197.479202
171.036804 372.780182
-1.000000 -1.000000
683.795593 270.495514
770.010193 355.124329
-1.000000 -1.000000
-1.000000 -1.000000
271.819061 315.224091
-1.000000 -1.000000
704.983459 617.825806
382.076904 130.298935
-1.000000 -1.000000
-1.000000 -1.000000
402.031769 250.437622
-1.000000 -1.000000
-1.000000 -1.000000
682.753418 114.285568
1185.983154 306.177155
-1.000000 -1.000000
-1.000000 -1.000000
798.671326 359.536133
-1.000000 -1.000000
-1.000000 -1.000000
389.028778 223.225189
122.495026 349.648895
770.089905 181.497971
80.125381 408.392822
841.087463 220.866104
1027.362305 351.945862
-1.000000 -1.000000
-1.000000 -1.000000
613.317566 115.589905
796.116455 266.565338
837.906433 370.781677
196.107773 244.463150
379.454987 177.503311
1162.506470 231.485031
740.815125 63.125179
609.035522 152.581696
-1.000000 -1.000000
360.989624 431.672455
938.870300 341.500763
-1.000000 -1.000000
-1.000000 -1.000000
-1.000000 -1.000000
643.524231 115.610092
723.753174 168.283493
1082.516968 396.946381
856.588013 404.583984
719.757141 586.715332
-1.000000 -1.000000
324.308350 181.249359
-1.000000 -1.000000
293.264282 232.608170
844.793884 385.798096
1008.220703 191.516861
1052.695679 221.205658
-1.000000 -1.000000
397.768707 371.616913
740.856140 47.970036
1124.072021 336.651123
-1.000000 -1.000000
589.748230 203.282211
936.712830 194.918777
-1.000000 -1.000000
-1.000000 -1.000000
556.414856 421.611694
986.487610 331.281921
345.444366 444.868103
1123.314331 291.330811
378.221802 90.607666
84.092628 380.151306
-1.000000 -1.000000
110.179688 317.590607
-1.000000 -1.000000
100.948013 391.855377
377.408569 193.848175
-1.000000 -1.000000
1113.483643 190.760513
1060.876831 101.073906
610.526062 436.774597
-1.000000 -1.000000
-1.000000 -1.000000
-1.000000 -1.000000
-1.000000 -1.000000
818.605591 396.427612
342.384613 195.907257
-1.000000 -1.000000
-1.000000 -1.000000
-1.000000 -1.000000
-1.000000 -1.000000
698.967712 84.651138
180.227905 156.926086
1164.221558 88.384186
-1.000000 -1.000000
-1.000000 -1.000000
862.722534 206.157059
-1.000000 -1.000000
654.514099 130.677673
-1.000000 -1.000000
171.495621 239.157394
391.751404 146.347641
-1.000000 -1.000000
330.683899 440.492249
342.343781 210.779968
-1.000000 -1.000000
776.198792 162.310013
-1.000000 -1.000000
-1.000000 -1.000000
451.301086 224.372833
-1.000000 -1.000000
1105.346802 124.006111
-1.000000 -1.000000
609.441467 52.675400
598.428284 175.326843
794.458008 98.473038
650.886475 189.109726
381.266541 105.746170
-1.000000 -1.000000
-1.000000 -1.000000
-1.000000 -1.000000
689.552368 203.267365
-1.000000 -1.000000
693.509949 602.880798
144.738037 222.410538
874.456604 405.228577
209.103638 240.598511
396.726410 131.235458
-1.000000 -1.000000
769.349243 340.293976
300.797180 421.963074
248.810684 249.504456
219.036774 392.726593
-1.000000 -1.000000
-1.000000 -1.000000
-1.000000 -1.000000
172.814789 357.512634
273.493225 174.941177
-1.000000 -1.000000
1205.947144 156.664413
775.711853 266.373962
692.591492 617.751160
-1.000000 -1.000000
-1.000000 -1.000000
-1.000000 -1.000000
1088.798218 199.053314
706.725647 438.070740
989.107727 153.725418
-1.000000 -1.000000
787.351318 128.736664
-1.000000 -1.000000
-1.000000 -1.000000
-1.000000 -1.000000
340.500641 180.797470
1132.739136 253.668579
973.599609 187.962936
-1.000000 -1.000000
-1.000000 -1.000000
449.224457 239.416367
-1.000000 -1.000000
683.075806 227.450653
1148.284180 240.613861
1149.110229 83.855873
-1.000000 -1.000000
830.646118 200.921371
809.541565 378.626953
1081.381714 381.505249
-1.000000 -1.000000
180.527939 261.721741
667.592773 114.380066
-1.000000 -1.000000
558.476257 205.173508
554.738831 41.089802
-1.000000 -1.000000
-1.000000 -1.000000
719.843872 616.223328
576.553467 205.371948
-1.000000 -1.000000
672.376099 286.117279
611.511475 78.136047
564.635132 437.749146
-1.000000 -1.000000
1101.591187 40.975483
-1.000000 -1.000000
-1.000000 -1.000000
-1.000000 -1.000000
1180.154297 169.872330
569.793762 41.025116
676.231445 600.781189
1179.691284 77.939392
225.140671 185.190933
-1.000000 -1.000000
-1.000000 -1.000000
-1.000000 -1.000000
-1.000000 -1.000000
387.033051 238.586807
-1.000000 -1.000000
879.337708 384.150421
-1.000000 -1.000000
-1.000000 -1.000000
-1.000000 -1.000000
784.606323 371.233948
824.770142 368.300079
1179.709473 102.712341
-1.000000 -1.000000
676.138184 615.837158
844.847046 405.354401
134.695389 408.106995
257.510529 241.793594
-1.000000 -1.000000
793.311890 144.245575
693.608643 587.900513
238.377319 224.376480
841.553894 236.459381
-1.000000 -1.000000
208.280273 155.044754
393.366150 90.556122
-1.000000 -1.000000
981.705933 347.860046
1117.766479 253.751877
688.519653 438.997650
-1.000000 -1.000000
673.178955 302.173523
579.877319 447.818512
-1.000000 -1.000000
-1.000000 -1.000000
-1.000000 -1.000000
-1.000000 -1.000000
953.769287 342.833344
1184.021973 291.527496
-1.000000 -1.000000
953.596741 190.034683
208.354187 252.680603
261.126892 436.190887
-1.000000 -1.000000
-1.000000 -1.000000
609.040466 139.658920
-1.000000 -1.000000
760.119263 449.592621
-1.000000 -1.000000
670.949280 434.222778
-1.000000 -1.000000
165.773529 168.383728
-1.000000 -1.000000
1103.757202 205.971832
-1.000000 -1.000000
406.733429 146.263580
356.037384 180.597839
-1.000000 -1.000000
782.539673 450.528656
375.588959 209.054596
-1.000000 -1.000000
878.601929 423.000397
-1.000000 -1.000000
-1.000000 -1.000000
-1.000000 -1.000000
-1.000000 -1.000000
112.995964 364.821808
-1.000000 -1.000000
286.728485 422.197144
742.642883 232.707840
98.889786 358.826324
396.431976 105.537445
798.321106 282.508942
-1.000000 -1.000000
-1.000000 -1.000000
-1.000000 -1.000000
357.781036 195.838699
-1.000000 -1.000000
-1.000000 -1.000000
683.269836 314.416779
-1.000000 -1.000000
-1.000000 -1.000000
-1.000000 -1.000000
1187.425537 181.473007
-1.000000 -1.000000
797.470581 70.097267
-1.000000 -1.000000
357.728119 210.893875
1127.512573 184.919601
1148.243774 225.431473
675.589172 241.195663
613.479858 93.210548
-1.000000 -1.000000
1118.949219 205.914322
-1.000000 -1.000000
674.497253 585.533936
-1.000000 -1.000000
-1.000000 -1.000000
-1.000000 -1.000000
-1.000000 -1.000000
-1.000000 -1.000000
800.493286 55.120731
620.028870 416.747559
596.119629 450.916199
1184.673462 268.564667
221.139816 254.792984
556.302185 220.806137
-1.000000 -1.000000
-1.000000 -1.000000
989.180664 168.895813
734.600586 598.476624
-1.000000 -1.000000
1040.698486 143.652908
-1.000000 -1.000000
-1.000000 -1.000000
785.239075 183.577087
-1.000000 -1.000000
1164.455933 71.481186
-1.000000 -1.000000
-1.000000 -1.000000
1039.596680 222.867081
-1.000000 -1.000000
-1.000000 -1.000000
-1.000000 -1.000000
1185.940796 321.172119
236.642761 242.971909
-1.000000 -1.000000
-1.000000 -1.000000
1018.432251 302.092377
-1.000000 -1.000000
138.893143 380.525269
1184.367188 336.979645
-1.000000 -1.000000
612.114746 451.867126
782.155945 283.257568
-1.000000 -1.000000
601.245056 219.954880
-1.000000 -1.000000
-1.000000 -1.000000
742.231628 247.254074
431.126587 326.216278
411.650055 130.935562
-1.000000 -1.000000
-1.000000 -1.000000
-1.000000 -1.000000
-1.000000 -1.000000
347.569214 429.521362
-1.000000 -1.000000
-1.000000 -1.000000
-1.000000 -1.000000
104.358620 329.889984
812.350220 360.617554
-1.000000 -1.000000
-1.000000 -1.000000
-1.000000 -1.000000
703.791626 632.259888
-1.000000 -1.000000
654.989990 419.975006
-1.000000 -1.000000
-1.000000 -1.000000
