-1.000000 -1.000000
-1.000000 -1.000000
-1.000000 -1.000000
-1.000000 -1.000000
-1.000000 -1.000000
-1.000000 -1.000000
-1.000000 -1.000000
-1.000000 -1.000000
-1.000000 -1.000000
-1.000000 -1.000000
-1.000000 -1.000000
-1.000000 -1.000000
-1.000000 -1.000000
-1.000000 -1.000000
-1.000000 -1.000000
-1.000000 -1.000000
-1.000000 -1.000000
-1.000000 -1.000000
-1.000000 -1.000000
1146.166992 204.257339
-1.000000 -1.000000
-1.000000 -1.000000
1158.002930 159.515045
-1.000000 -1.000000
-1.000000 -1.000000
-1.000000 -1.000000
-1.000000 -1.000000
-1.000000 -1.000000
-1.000000 -1.000000
-1.000000 -1.000000
-1.000000 -1.000000
-1.000000 -1.000000
698.541870 366.989380
846.755310 77.308800
-1.000000 -1.000000
402.393982 213.255737
-1.000000 -1.000000
655.497925 447.274414
-1.000000 -1.000000
-1.000000 -1.000000
-1.000000 -1.000000
-1.000000 -1.000000
496.993713 254.064102
-1.000000 -1.000000
-1.000000 -1.000000
-1.000000 -1.000000
1128.216675 189.145462
-1.000000 -1.000000
-1.000000 -1.000000
-1.000000 -1.000000
-1.000000 -1.000000
990.982971 200.841187
-1.000000 -1.000000
-1.000000 -1.000000
1143.217529 188.845993
-1.000000 -1.000000
-1.000000 -1.000000
-1.000000 -1.000000
399.992126 198.069641
639.294495 447.038025
1162.252197 200.070450
-1.000000 -1.000000
-1.000000 -1.000000
-1.000000 -1.000000
-1.000000 -1.000000
-1.000000 -1.000000
-1.000000 -1.000000
-1.000000 -1.000000
-1.000000 -1.000000
-1.000000 -1.000000
-1.000000 -1.000000
395.502747 227.266754
638.841980 425.212006
-1.000000 -1.000000
-1.000000 -1.000000
-1.000000 -1.000000
-1.000000 -1.000000
-1.000000 -1.000000
-1.000000 -1.000000
-1.000000 -1.000000
-1.000000 -1.000000
997.183960 42.212109
792.558044 463.516693
-1.000000 -1.000000
-1.000000 -1.000000
-1.000000 -1.000000
-1.000000 -1.000000
-1.000000 -1.000000
-1.000000 -1.000000
-1.000000 -1.000000
1033.602051 200.958664
698.287292 351.295105
-1.000000 -1.000000
-1.000000 -1.000000
-1.000000 -1.000000
-1.000000 -1.000000
-1.000000 -1.000000
-1.000000 -1.000000
-1.000000 -1.000000
683.613892 450.023163
492.596069 40.957367
-1.000000 -1.000000
-1.000000 -1.000000
-1.000000 -1.000000
-1.000000 -1.000000
494.771942 269.500763
812.540710 435.215118
-1.000000 -1.000000
-1.000000 -1.000000
-1.000000 -1.000000
-1.000000 -1.000000
-1.000000 -1.000000
671.540955 445.085693
-1.000000 -1.000000
-1.000000 -1.000000
-1.000000 -1.000000
-1.000000 -1.000000
-1.000000 -1.000000
-1.000000 -1.000000
1135.776978 493.565155
-1.000000 -1.000000
-1.000000 -1.000000
-1.000000 -1.000000
-1.000000 -1.000000
-1.000000 -1.000000
-1.000000 -1.000000
716.837402 452.902710
-1.000000 -1.000000
-1.000000 -1.000000
484.358124 254.686874
-1.000000 -1.000000
827.991333 420.275848
-1.000000 -1.000000
-1.000000 -1.000000
-1.000000 -1.000000
-1.000000 -1.000000
-1.000000 -1.000000
987.247620 216.703033
671.994751 428.574829
687.194519 435.452240
692.706238 454.493408
-1.000000 -1.000000
-1.000000 -1.000000
-1.000000 -1.000000
-1.000000 -1.000000
-1.000000 -1.000000
509.454773 274.549255
-1.000000 -1.000000
-1.000000 -1.000000
-1.000000 -1.000000
-1.000000 -1.000000
456.661560 196.396469
-1.000000 -1.000000
-1.000000 -1.000000
-1.000000 -1.000000
-1.000000 -1.000000
-1.000000 -1.000000
-1.000000 -1.000000
-1.000000 -1.000000
802.859558 469.291107
-1.000000 -1.000000
-1.000000 -1.000000
-1.000000 -1.000000
988.954163 472.315552
-1.000000 -1.000000
-1.000000 -1.000000
-1.000000 -1.000000
-1.000000 -1.000000
846.971436 419.970398
-1.000000 -1.000000
649.656128 349.338867
-1.000000 -1.000000
647.255493 364.300262
772.654114 458.785217
-1.000000 -1.000000
-1.000000 -1.000000
-1.000000 -1.000000
-1.000000 -1.000000
-1.000000 -1.000000
-1.000000 -1.000000
-1.000000 -1.000000
640.510254 406.151276
-1.000000 -1.000000
512.216492 260.212189
-1.000000 -1.000000
1077.964478 227.335007
-1.000000 -1.000000
306.828369 481.708954
-1.000000 -1.000000
-1.000000 -1.000000
-1.000000 -1.000000
-1.000000 -1.000000
-1.000000 -1.000000
482.008026 269.664368
-1.000000 -1.000000
653.395386 463.144836
820.128418 438.565002
-1.000000 -1.000000
-1.000000 -1.000000
305.384918 496.820282
808.048645 449.404419
-1.000000 -1.000000
454.819855 212.570175
-1.000000 -1.000000
-1.000000 -1.000000
-1.000000 -1.000000
-1.000000 -1.000000
325.864136 480.030701
-1.000000 -1.000000
-1.000000 -1.000000
-1.000000 -1.000000
-1.000000 -1.000000
978.212952 198.271194
-1.000000 -1.000000
-1.000000 -1.000000
-1.000000 -1.000000
977.223999 480.194427
-1.000000 -1.000000
688.951782 415.326172
-1.000000 -1.000000
-1.000000 -1.000000
-1.000000 -1.000000
-1.000000 -1.000000
291.285797 479.154663
-1.000000 -1.000000
-1.000000 -1.000000
-1.000000 -1.000000
-1.000000 -1.000000
-1.000000 -1.000000
324.336334 495.367920
-1.000000 -1.000000
-1.000000 -1.000000
703.763611 463.252625
-1.000000 -1.000000
862.017151 77.092728
-1.000000 -1.000000
-1.000000 -1.000000
-1.000000 -1.000000
-1.000000 -1.000000
-1.000000 -1.000000
-1.000000 -1.000000
1125.765015 509.594147
-1.000000 -1.000000
669.535767 460.629486
-1.000000 -1.000000
-1.000000 -1.000000
-1.000000 -1.000000
-1.000000 -1.000000
-1.000000 -1.000000
470.875793 196.082352
289.180054 494.665283
681.659729 468.336487
-1.000000 -1.000000
-1.000000 -1.000000
673.020996 409.915619
-1.000000 -1.000000
-1.000000 -1.000000
545.686401 423.707153
-1.000000 -1.000000
1075.035767 196.171753
-1.000000 -1.000000
-1.000000 -1.000000
1000.547668 216.959854
-1.000000 -1.000000
-1.000000 -1.000000
-1.000000 -1.000000
-1.000000 -1.000000
636.547119 462.966278
-1.000000 -1.000000
-1.000000 -1.000000
-1.000000 -1.000000
453.580475 180.429840
-1.000000 -1.000000
-1.000000 -1.000000
-1.000000 -1.000000
-1.000000 -1.000000
1161.802612 214.485367
-1.000000 -1.000000
-1.000000 -1.000000
-1.000000 -1.000000
1055.353638 236.560455
702.645996 440.953827
-1.000000 -1.000000
-1.000000 -1.000000
-1.000000 -1.000000
855.566589 120.917297
1061.174438 200.715363
658.561951 343.357178
-1.000000 -1.000000
764.734192 430.818024
-1.000000 -1.000000
-1.000000 -1.000000
-1.000000 -1.000000
1158.283569 184.809082
-1.000000 -1.000000
-1.000000 -1.000000
-1.000000 -1.000000
-1.000000 -1.000000
-1.000000 -1.000000
-1.000000 -1.000000
302.681213 511.869232
-1.000000 -1.000000
-1.000000 -1.000000
-1.000000 -1.000000
-1.000000 -1.000000
-1.000000 -1.000000
-1.000000 -1.000000
-1.000000 -1.000000
-1.000000 -1.000000
-1.000000 -1.000000
-1.000000 -1.000000
-1.000000 -1.000000
-1.000000 -1.000000
-1.000000 -1.000000
468.842499 212.371140
858.961304 93.725357
-1.000000 -1.000000
800.509094 484.109283
286.828552 510.119843
-1.000000 -1.000000
-1.000000 -1.000000
-1.000000 -1.000000
-1.000000 -1.000000
-1.000000 -1.000000
-1.000000 -1.000000
-1.000000 -1.000000
-1.000000 -1.000000
-1.000000 -1.000000
738.851318 466.244720
698.905884 153.486969
-1.000000 -1.000000
-1.000000 -1.000000
-1.000000 -1.000000
-1.000000 -1.000000
979.846375 232.015762
320.547699 509.926697
399.417877 186.200058
-1.000000 -1.000000
-1.000000 -1.000000
-1.000000 -1.000000
-1.000000 -1.000000
702.612427 340.251221
-1.000000 -1.000000
-1.000000 -1.000000
-1.000000 -1.000000
693.977173 478.601105
-1.000000 -1.000000
-1.000000 -1.000000
-1.000000 -1.000000
-1.000000 -1.000000
776.849182 435.164490
-1.000000 -1.000000
972.540894 214.407135
-1.000000 -1.000000
-1.000000 -1.000000
-1.000000 -1.000000
-1.000000 -1.000000
734.937012 383.985870
-1.000000 -1.000000
855.528625 426.717102
-1.000000 -1.000000
-1.000000 -1.000000
-1.000000 -1.000000
-1.000000 -1.000000
-1.000000 -1.000000
-1.000000 -1.000000
-1.000000 -1.000000
-1.000000 -1.000000
-1.000000 -1.000000
-1.000000 -1.000000
-1.000000 -1.000000
779.558105 140.876801
-1.000000 -1.000000
-1.000000 -1.000000
-1.000000 -1.000000
-1.000000 -1.000000
-1.000000 -1.000000
-1.000000 -1.000000
-1.000000 -1.000000
-1.000000 -1.000000
-1.000000 -1.000000
-1.000000 -1.000000
-1.000000 -1.000000
485.604462 195.675323
467.772125 180.706253
-1.000000 -1.000000
-1.000000 -1.000000
-1.000000 -1.000000
891.517334 409.049042
-1.000000 -1.000000
366.029175 393.583740
-1.000000 -1.000000
-1.000000 -1.000000
351.091705 392.409973
854.395996 165.749298
-1.000000 -1.000000
-1.000000 -1.000000
366.978607 378.701294
-1.000000 -1.000000
-1.000000 -1.000000
-1.000000 -1.000000
682.742432 153.011246
-1.000000 -1.000000
-1.000000 -1.000000
-1.000000 -1.000000
-1.000000 -1.000000
-1.000000 -1.000000
-1.000000 -1.000000
-1.000000 -1.000000
-1.000000 -1.000000
405.660583 388.088287
939.239685 40.878654
-1.000000 -1.000000
350.979523 407.164642
712.460083 477.863251
-1.000000 -1.000000
420.709198 388.070801
-1.000000 -1.000000
390.758209 388.942749
923.349304 41.100845
1072.379639 214.508514
524.400635 261.568420
397.700012 373.196899
-1.000000 -1.000000
469.446869 249.704849
367.896545 408.188080
-1.000000 -1.000000
412.700623 373.330231
-1.000000 -1.000000
-1.000000 -1.000000
622.149048 442.707886
-1.000000 -1.000000
522.332520 275.367188
-1.000000 -1.000000
-1.000000 -1.000000
-1.000000 -1.000000
322.390106 188.700348
-1.000000 -1.000000
483.560883 210.825180
405.766937 402.965607
521.236023 470.156097
848.232300 136.695175
-1.000000 -1.000000
-1.000000 -1.000000
817.537964 452.069122
-1.000000 -1.000000
-1.000000 -1.000000
-1.000000 -1.000000
-1.000000 -1.000000
-1.000000 -1.000000
-1.000000 -1.000000
790.528931 477.352142
-1.000000 -1.000000
-1.000000 -1.000000
-1.000000 -1.000000
390.880585 403.798920
-1.000000 -1.000000
-1.000000 -1.000000
-1.000000 -1.000000
420.760620 402.933472
-1.000000 -1.000000
-1.000000 -1.000000
-1.000000 -1.000000
761.016785 123.295120
-1.000000 -1.000000
664.052185 202.430588
-1.000000 -1.000000
-1.000000 -1.000000
-1.000000 -1.000000
-1.000000 -1.000000
-1.000000 -1.000000
-1.000000 -1.000000
652.181885 332.512726
-1.000000 -1.000000
-1.000000 -1.000000
-1.000000 -1.000000
-1.000000 -1.000000
-1.000000 -1.000000
315.099396 466.860565
-1.000000 -1.000000
-1.000000 -1.000000
-1.000000 -1.000000
1060.350708 216.103058
-1.000000 -1.000000
501.983856 210.927994
-1.000000 -1.000000
-1.000000 -1.000000
-1.000000 -1.000000
-1.000000 -1.000000
382.971375 373.970520
-1.000000 -1.000000
-1.000000 -1.000000
-1.000000 -1.000000
-1.000000 -1.000000
-1.000000 -1.000000
-1.000000 -1.000000
-1.000000 -1.000000
-1.000000 -1.000000
-1.000000 -1.000000
732.105225 340.843262
-1.000000 -1.000000
-1.000000 -1.000000
-1.000000 -1.000000
-1.000000 -1.000000
-1.000000 -1.000000
-1.000000 -1.000000
972.626526 472.493439
760.818970 138.365875
-1.000000 -1.000000
-1.000000 -1.000000
-1.000000 -1.000000
743.315979 123.666954
487.824219 226.113129
-1.000000 -1.000000
-1.000000 -1.000000
774.675354 155.678207
-1.000000 -1.000000
-1.000000 -1.000000
-1.000000 -1.000000
620.692078 457.888153
659.825806 645.188843
986.935303 504.975677
-1.000000 -1.000000
-1.000000 -1.000000
-1.000000 -1.000000
467.186951 266.155914
-1.000000 -1.000000
-1.000000 -1.000000
-1.000000 -1.000000
-1.000000 -1.000000
636.046509 344.925720
-1.000000 -1.000000
-1.000000 -1.000000
491.555328 284.369354
-1.000000 -1.000000
709.024414 169.258453
-1.000000 -1.000000
-1.000000 -1.000000
-1.000000 -1.000000
-1.000000 -1.000000
-1.000000 -1.000000
-1.000000 -1.000000
984.885315 363.173859
-1.000000 -1.000000
-1.000000 -1.000000
335.834930 393.532898
-1.000000 -1.000000
653.571045 287.336090
-1.000000 -1.000000
-1.000000 -1.000000
777.780945 447.040710
-1.000000 -1.000000
-1.000000 -1.000000
-1.000000 -1.000000
667.671814 333.126129
-1.000000 -1.000000
-1.000000 -1.000000
-1.000000 -1.000000
977.396790 379.413879
757.384705 153.466675
-1.000000 -1.000000
-1.000000 -1.000000
-1.000000 -1.000000
-1.000000 -1.000000
858.925659 210.816238
-1.000000 -1.000000
659.970398 632.040833
-1.000000 -1.000000
-1.000000 -1.000000
-1.000000 -1.000000
961.643005 379.373901
-1.000000 -1.000000
-1.000000 -1.000000
344.633820 464.168152
-1.000000 -1.000000
-1.000000 -1.000000
-1.000000 -1.000000
-1.000000 -1.000000
969.503784 363.907257
-1.000000 -1.000000
-1.000000 -1.000000
-1.000000 -1.000000
-1.000000 -1.000000
-1.000000 -1.000000
-1.000000 -1.000000
888.075195 239.914581
620.096863 428.329529
-1.000000 -1.000000
-1.000000 -1.000000
684.607483 224.261627
-1.000000 -1.000000
765.444763 407.758362
-1.000000 -1.000000
657.928284 298.980713
482.630066 182.048386
-1.000000 -1.000000
479.831665 284.667633
-1.000000 -1.000000
-1.000000 -1.000000
-1.000000 -1.000000
-1.000000 -1.000000
-1.000000 -1.000000
-1.000000 -1.000000
-1.000000 -1.000000
974.546143 398.824402
-1.000000 -1.000000
-1.000000 -1.000000
-1.000000 -1.000000
-1.000000 -1.000000
-1.000000 -1.000000
-1.000000 -1.000000
1142.843628 249.681122
-1.000000 -1.000000
955.258911 397.679932
-1.000000 -1.000000
-1.000000 -1.000000
994.140686 232.717392
804.541565 165.001373
-1.000000 -1.000000
-1.000000 -1.000000
-1.000000 -1.000000
-1.000000 -1.000000
667.675659 643.572205
-1.000000 -1.000000
-1.000000 -1.000000
-1.000000 -1.000000
633.808411 333.462402
539.552673 250.159592
-1.000000 -1.000000
-1.000000 -1.000000
-1.000000 -1.000000
-1.000000 -1.000000
-1.000000 -1.000000
-1.000000 -1.000000
-1.000000 -1.000000
507.467651 253.175781
-1.000000 -1.000000
1077.869385 217.017517
-1.000000 -1.000000
-1.000000 -1.000000
-1.000000 -1.000000
-1.000000 -1.000000
-1.000000 -1.000000
-1.000000 -1.000000
-1.000000 -1.000000
534.939209 474.306305
-1.000000 -1.000000
-1.000000 -1.000000
954.232422 363.971344
-1.000000 -1.000000
-1.000000 -1.000000
-1.000000 -1.000000
633.679321 312.390411
776.726318 390.922150
-1.000000 -1.000000
-1.000000 -1.000000
-1.000000 -1.000000
-1.000000 -1.000000
659.514160 656.724426
448.056000 147.575363
-1.000000 -1.000000
-1.000000 -1.000000
464.940033 281.207214
-1.000000 -1.000000
-1.000000 -1.000000
744.273315 137.768341
-1.000000 -1.000000
-1.000000 -1.000000
-1.000000 -1.000000
809.358459 395.646179
-1.000000 -1.000000
-1.000000 -1.000000
-1.000000 -1.000000
-1.000000 -1.000000
-1.000000 -1.000000
-1.000000 -1.000000
-1.000000 -1.000000
-1.000000 -1.000000
-1.000000 -1.000000
-1.000000 -1.000000
671.306274 139.451706
-1.000000 -1.000000
810.925354 410.360321
-1.000000 -1.000000
-1.000000 -1.000000
-1.000000 -1.000000
-1.000000 -1.000000
-1.000000 -1.000000
-1.000000 -1.000000
-1.000000 -1.000000
907.577576 390.118073
-1.000000 -1.000000
-1.000000 -1.000000
-1.000000 -1.000000
-1.000000 -1.000000
-1.000000 -1.000000
-1.000000 -1.000000
-1.000000 -1.000000
667.385132 630.559204
-1.000000 -1.000000
-1.000000 -1.000000
-1.000000 -1.000000
-1.000000 -1.000000
-1.000000 -1.000000
1066.690186 230.020355
1127.850708 252.210861
-1.000000 -1.000000
335.737732 408.294952
-1.000000 -1.000000
-1.000000 -1.000000
-1.000000 -1.000000
527.436218 248.124496
-1.000000 -1.000000
-1.000000 -1.000000
-1.000000 -1.000000
506.443787 460.309235
946.127319 379.289795
279.743927 477.023956
-1.000000 -1.000000
-1.000000 -1.000000
-1.000000 -1.000000
-1.000000 -1.000000
-1.000000 -1.000000
-1.000000 -1.000000
228.421783 388.764252
-1.000000 -1.000000
-1.000000 -1.000000
-1.000000 -1.000000
-1.000000 -1.000000
546.736084 476.465240
-1.000000 -1.000000
-1.000000 -1.000000
-1.000000 -1.000000
-1.000000 -1.000000
-1.000000 -1.000000
423.099579 214.119736
-1.000000 -1.000000
-1.000000 -1.000000
-1.000000 -1.000000
-1.000000 -1.000000
-1.000000 -1.000000
-1.000000 -1.000000
-1.000000 -1.000000
-1.000000 -1.000000
-1.000000 -1.000000
-1.000000 -1.000000
-1.000000 -1.000000
-1.000000 -1.000000
-1.000000 -1.000000
-1.000000 -1.000000
454.046631 160.156662
-1.000000 -1.000000
274.092072 471.875549
423.164917 229.586792
-1.000000 -1.000000
852.190918 184.860519
-1.000000 -1.000000
-1.000000 -1.000000
501.327393 252.284470
-1.000000 -1.000000
-1.000000 -1.000000
-1.000000 -1.000000
667.272461 80.192139
542.766052 222.633987
870.992371 119.384583
604.717957 236.034958
445.494629 127.712479
-1.000000 -1.000000
-1.000000 -1.000000
-1.000000 -1.000000
-1.000000 -1.000000
-1.000000 -1.000000
650.563110 644.535583
-1.000000 -1.000000
-1.000000 -1.000000
362.075745 235.974228
460.049011 149.231522
-1.000000 -1.000000
-1.000000 -1.000000
250.775848 452.327545
-1.000000 -1.000000
-1.000000 -1.000000
-1.000000 -1.000000
-1.000000 -1.000000
-1.000000 -1.000000
-1.000000 -1.000000
-1.000000 -1.000000
-1.000000 -1.000000
-1.000000 -1.000000
-1.000000 -1.000000
649.973389 656.664490
-1.000000 -1.000000
-1.000000 -1.000000
-1.000000 -1.000000
1158.474976 228.987488
665.366089 476.604187
-1.000000 -1.000000
-1.000000 -1.000000
863.688110 150.877640
-1.000000 -1.000000
-1.000000 -1.000000
-1.000000 -1.000000
421.683075 198.076843
-1.000000 -1.000000
1065.572510 227.950058
-1.000000 -1.000000
-1.000000 -1.000000
500.097595 268.392395
-1.000000 -1.000000
634.712158 277.038940
-1.000000 -1.000000
-1.000000 -1.000000
-1.000000 -1.000000
-1.000000 -1.000000
785.784485 426.844299
-1.000000 -1.000000
-1.000000 -1.000000
-1.000000 -1.000000
-1.000000 -1.000000
-1.000000 -1.000000
504.412598 239.529419
610.487244 40.604580
-1.000000 -1.000000
-1.000000 -1.000000
667.945740 655.957397
515.094543 246.987076
-1.000000 -1.000000
620.569824 331.182495
-1.000000 -1.000000
510.181061 474.189941
-1.000000 -1.000000
-1.000000 -1.000000
-1.000000 -1.000000
-1.000000 -1.000000
-1.000000 -1.000000
-1.000000 -1.000000
625.522766 40.634655
644.655518 641.174377
-1.000000 -1.000000
-1.000000 -1.000000
-1.000000 -1.000000
-1.000000 -1.000000
-1.000000 -1.000000
-1.000000 -1.000000
-1.000000 -1.000000
-1.000000 -1.000000
-1.000000 -1.000000
-1.000000 -1.000000
-1.000000 -1.000000
-1.000000 -1.000000
798.523254 403.316681
814.294739 404.969849
-1.000000 -1.000000
-1.000000 -1.000000
644.204834 655.331055
-1.000000 -1.000000
-1.000000 -1.000000
-1.000000 -1.000000
-1.000000 -1.000000
869.446411 165.775681
651.048218 631.397156
-1.000000 -1.000000
865.862732 247.698807
-1.000000 -1.000000
317.690857 177.503693
455.788971 113.253029
-1.000000 -1.000000
-1.000000 -1.000000
-1.000000 -1.000000
644.603271 477.090881
-1.000000 -1.000000
617.276306 344.893677
520.247559 485.624817
-1.000000 -1.000000
-1.000000 -1.000000
-1.000000 -1.000000
-1.000000 -1.000000
925.169250 391.798096
-1.000000 -1.000000
-1.000000 -1.000000
1045.065552 228.382172
-1.000000 -1.000000
218.536789 463.963531
-1.000000 -1.000000
-1.000000 -1.000000
-1.000000 -1.000000
-1.000000 -1.000000
694.918884 491.062531
-1.000000 -1.000000
622.236816 472.567474
-1.000000 -1.000000
-1.000000 -1.000000
-1.000000 -1.000000
-1.000000 -1.000000
-1.000000 -1.000000
468.664429 160.738556
432.253296 199.517471
-1.000000 -1.000000
718.302856 491.650879
-1.000000 -1.000000
-1.000000 -1.000000
790.404968 459.836243
-1.000000 -1.000000
-1.000000 -1.000000
-1.000000 -1.000000
-1.000000 -1.000000
-1.000000 -1.000000
-1.000000 -1.000000
240.267624 451.951233
-1.000000 -1.000000
-1.000000 -1.000000
459.090118 129.136078
-1.000000 -1.000000
-1.000000 -1.000000
-1.000000 -1.000000
-1.000000 -1.000000
434.494446 215.398010
-1.000000 -1.000000
-1.000000 -1.000000
626.287354 351.787079
-1.000000 -1.000000
-1.000000 -1.000000
-1.000000 -1.000000
-1.000000 -1.000000
-1.000000 -1.000000
874.001221 91.642685
-1.000000 -1.000000
-1.000000 -1.000000
-1.000000 -1.000000
-1.000000 -1.000000
623.471924 289.148346
670.702759 122.512520
-1.000000 -1.000000
-1.000000 -1.000000
-1.000000 -1.000000
644.472656 627.526306
-1.000000 -1.000000
-1.000000 -1.000000
-1.000000 -1.000000
-1.000000 -1.000000
-1.000000 -1.000000
876.934570 76.637444
554.858765 458.967407
535.084167 488.744293
-1.000000 -1.000000
-1.000000 -1.000000
-1.000000 -1.000000
-1.000000 -1.000000
-1.000000 -1.000000
1079.087036 210.123962
679.526001 647.995300
-1.000000 -1.000000
-1.000000 -1.000000
-1.000000 -1.000000
-1.000000 -1.000000
860.766052 202.638641
-1.000000 -1.000000
-1.000000 -1.000000
-1.000000 -1.000000
-1.000000 -1.000000
1114.394775 254.732971
-1.000000 -1.000000
-1.000000 -1.000000
-1.000000 -1.000000
-1.000000 -1.000000
-1.000000 -1.000000
-1.000000 -1.000000
-1.000000 -1.000000
993.861877 350.919312
-1.000000 -1.000000
-1.000000 -1.000000
-1.000000 -1.000000
-1.000000 -1.000000
549.161011 490.571686
-1.000000 -1.000000
-1.000000 -1.000000
-1.000000 -1.000000
-1.000000 -1.000000
-1.000000 -1.000000
-1.000000 -1.000000
367.681976 365.093445
474.614502 149.590668
-1.000000 -1.000000
-1.000000 -1.000000
-1.000000 -1.000000
-1.000000 -1.000000
-1.000000 -1.000000
-1.000000 -1.000000
-1.000000 -1.000000
-1.000000 -1.000000
-1.000000 -1.000000
817.037415 397.478241
-1.000000 -1.000000
-1.000000 -1.000000
-1.000000 -1.000000
658.285095 661.037476
-1.000000 -1.000000
602.845215 462.349121
-1.000000 -1.000000
-1.000000 -1.000000
