-1.000000 -1.000000
-1.000000 -1.000000
-1.000000 -1.000000
-1.000000 -1.000000
-1.000000 -1.000000
-1.000000 -1.000000
-1.000000 -1.000000
-1.000000 -1.000000
-1.000000 -1.000000
-1.000000 -1.000000
-1.000000 -1.000000
-1.000000 -1.000000
-1.000000 -1.000000
-1.000000 -1.000000
-1.000000 -1.000000
1121.084473 134.713394
-1.000000 -1.000000
-1.000000 -1.000000
-1.000000 -1.000000
1074.213257 183.644089
-1.000000 -1.000000
-1.000000 -1.000000
1084.743896 143.914810
-1.000000 -1.000000
-1.000000 -1.000000
-1.000000 -1.000000
-1.000000 -1.000000
1054.166138 187.001480
1129.593750 120.006760
-1.000000 -1.000000
-1.000000 -1.000000
-1.000000 -1.000000
705.593872 345.177551
766.677063 65.748611
-1.000000 -1.000000
303.123077 212.893539
1116.344482 149.414047
691.844299 423.467133
-1.000000 -1.000000
-1.000000 -1.000000
-1.000000 -1.000000
-1.000000 -1.000000
434.122284 238.094696
-1.000000 -1.000000
-1.000000 -1.000000
1158.614868 317.110168
1055.821289 169.187012
-1.000000 -1.000000
-1.000000 -1.000000
-1.000000 -1.000000
-1.000000 -1.000000
902.947144 175.535034
-1.000000 -1.000000
815.257446 228.907150
1071.010620 168.232956
-1.000000 -1.000000
1143.165283 317.018036
-1.000000 -1.000000
300.706268 197.917511
675.950806 423.286499
1090.266846 178.844299
287.571350 216.835403
-1.000000 -1.000000
1069.747070 141.722305
-1.000000 -1.000000
-1.000000 -1.000000
1084.541626 128.984390
-1.000000 -1.000000
876.656067 410.227844
-1.000000 -1.000000
-1.000000 -1.000000
303.330292 227.764481
674.561707 402.740753
-1.000000 -1.000000
764.080566 82.843918
1138.935669 145.004028
-1.000000 -1.000000
-1.000000 -1.000000
-1.000000 -1.000000
-1.000000 -1.000000
285.232178 201.928574
903.952209 40.716103
874.105835 444.848267
-1.000000 -1.000000
-1.000000 -1.000000
-1.000000 -1.000000
1133.651001 104.627151
-1.000000 -1.000000
152.683182 309.093445
-1.000000 -1.000000
941.063599 177.159821
706.462708 329.273163
1157.084595 281.328552
-1.000000 -1.000000
1174.053467 317.256714
-1.000000 -1.000000
-1.000000 -1.000000
-1.000000 -1.000000
256.579773 325.168518
723.932678 424.337769
424.916229 40.940548
1069.252686 199.373077
-1.000000 -1.000000
-1.000000 -1.000000
-1.000000 -1.000000
432.278381 253.107162
891.026489 408.196655
-1.000000 -1.000000
-1.000000 -1.000000
-1.000000 -1.000000
-1.000000 -1.000000
942.140442 40.543522
708.543030 421.245087
-1.000000 -1.000000
761.691589 110.228539
-1.000000 -1.000000
162.604919 274.526978
-1.000000 -1.000000
-1.000000 -1.000000
1186.262451 446.489655
-1.000000 -1.000000
-1.000000 -1.000000
812.237854 244.471573
-1.000000 -1.000000
708.482483 361.844757
-1.000000 -1.000000
756.134644 422.925293
-1.000000 -1.000000
1041.169922 203.257431
419.216187 238.012466
-1.000000 -1.000000
889.976807 390.229431
-1.000000 -1.000000
-1.000000 -1.000000
-1.000000 -1.000000
-1.000000 -1.000000
-1.000000 -1.000000
899.687012 190.336487
706.869690 406.207153
723.875671 410.345001
738.365479 426.233063
1069.464233 126.792725
-1.000000 -1.000000
1158.723633 332.535248
1099.179810 417.909454
918.202332 174.524872
554.592529 252.432663
-1.000000 -1.000000
-1.000000 -1.000000
-1.000000 -1.000000
-1.000000 -1.000000
389.994537 189.054932
1157.902954 347.579559
1143.261108 332.400726
-1.000000 -1.000000
-1.000000 -1.000000
1146.634766 127.939934
-1.000000 -1.000000
-1.000000 -1.000000
887.924866 450.114471
-1.000000 -1.000000
800.619995 229.068619
-1.000000 -1.000000
1112.326172 443.431610
-1.000000 -1.000000
-1.000000 -1.000000
-1.000000 -1.000000
-1.000000 -1.000000
904.672913 390.359924
201.896393 227.883224
687.103882 326.995026
827.344604 226.433655
685.419312 341.959747
772.467712 422.487427
-1.000000 -1.000000
-1.000000 -1.000000
873.613281 425.991821
-1.000000 -1.000000
244.104431 368.413727
-1.000000 -1.000000
-1.000000 -1.000000
674.673767 386.729736
-1.000000 -1.000000
557.635071 237.176651
-1.000000 -1.000000
1018.179504 204.193115
1156.451660 301.604340
355.718323 467.890198
-1.000000 -1.000000
-1.000000 -1.000000
-1.000000 -1.000000
-1.000000 -1.000000
1148.919189 112.037270
417.341919 253.135818
287.812561 231.350723
690.565552 439.726685
904.875061 409.292480
-1.000000 -1.000000
1132.447754 41.037636
355.433044 483.356323
889.862000 423.210754
-1.000000 -1.000000
388.422577 204.316589
1197.026733 210.219803
818.003784 41.002411
-1.000000 -1.000000
198.990356 199.635727
370.887451 465.307190
-1.000000 -1.000000
-1.000000 -1.000000
-1.000000 -1.000000
-1.000000 -1.000000
887.361877 173.290802
-1.000000 -1.000000
-1.000000 -1.000000
-1.000000 -1.000000
1113.447510 459.432159
150.185608 271.771179
723.270447 393.405212
-1.000000 -1.000000
-1.000000 -1.000000
1080.857788 413.658356
635.828186 157.098404
340.838867 465.467255
-1.000000 -1.000000
-1.000000 -1.000000
-1.000000 -1.000000
761.365479 155.786118
-1.000000 -1.000000
370.531647 481.389099
1142.263184 282.360962
-1.000000 -1.000000
751.614746 436.034027
-1.000000 -1.000000
781.751038 65.651901
919.695557 41.180058
-1.000000 -1.000000
1118.559204 104.108055
939.161743 192.202393
-1.000000 -1.000000
304.813416 242.800232
1180.239624 462.186249
-1.000000 -1.000000
708.328552 436.496582
585.723083 41.422199
272.536743 217.446198
1171.826660 301.950348
-1.000000 -1.000000
811.873901 261.050690
404.634460 188.702286
339.963470 481.468109
731.094055 440.282684
-1.000000 -1.000000
-1.000000 -1.000000
706.040100 389.270752
1142.459717 347.410919
1114.562988 119.380585
593.001099 395.191864
1141.127686 301.588165
974.516479 169.806290
-1.000000 -1.000000
163.413254 267.419220
915.188354 190.502243
-1.000000 -1.000000
824.801270 243.754791
201.635620 242.704147
-1.000000 -1.000000
674.242798 439.738770
-1.000000 -1.000000
-1.000000 -1.000000
888.190491 40.870129
386.655029 173.747879
1128.024536 316.771301
1174.076538 332.461670
186.200607 200.163696
-1.000000 -1.000000
1090.656372 194.120789
-1.000000 -1.000000
907.481262 371.011932
1172.257446 282.553680
1019.087219 217.604675
743.604309 411.643890
-1.000000 -1.000000
-1.000000 -1.000000
1200.584106 199.934113
776.892883 110.244797
959.570007 171.936493
692.351685 316.672272
1182.132568 214.367432
763.257629 406.846527
-1.000000 -1.000000
-1.000000 -1.000000
-1.000000 -1.000000
1085.968872 163.790161
1090.865479 114.003265
-1.000000 -1.000000
876.237488 392.867035
-1.000000 -1.000000
-1.000000 -1.000000
754.741882 125.548286
353.665344 498.851868
620.989197 156.967102
198.601517 184.740555
-1.000000 -1.000000
892.007141 373.185944
270.255096 202.613617
-1.000000 -1.000000
-1.000000 -1.000000
-1.000000 -1.000000
-1.000000 -1.000000
705.961914 66.076927
747.386108 332.354492
-1.000000 -1.000000
711.822632 113.727058
403.077026 203.869125
779.187439 81.725380
-1.000000 -1.000000
888.352966 465.767517
338.381287 496.887665
162.967560 256.780060
635.826233 170.703247
635.024658 66.929443
171.445587 281.172302
-1.000000 -1.000000
824.881104 261.095306
-1.000000 -1.000000
-1.000000 -1.000000
-1.000000 -1.000000
766.934875 435.595276
636.221619 141.964630
-1.000000 -1.000000
-1.000000 -1.000000
-1.000000 -1.000000
872.898010 40.843304
893.665344 205.183746
370.076141 496.841125
298.624603 182.688293
726.976135 104.190002
-1.000000 -1.000000
-1.000000 -1.000000
-1.000000 -1.000000
710.374390 314.400330
760.161316 140.610809
-1.000000 -1.000000
-1.000000 -1.000000
747.078979 451.097931
188.300842 221.230789
-1.000000 -1.000000
388.949707 219.650360
167.039352 241.786560
779.244812 406.295105
-1.000000 -1.000000
880.827393 187.159409
815.455505 214.025681
-1.000000 -1.000000
-1.000000 -1.000000
-1.000000 -1.000000
742.980164 363.019806
214.833054 222.435883
917.392273 392.396515
-1.000000 -1.000000
-1.000000 -1.000000
785.447510 227.987961
-1.000000 -1.000000
-1.000000 -1.000000
212.599396 198.170807
-1.000000 -1.000000
1182.553711 426.124054
742.468140 104.147644
-1.000000 -1.000000
-1.000000 -1.000000
710.916992 128.847458
-1.000000 -1.000000
-1.000000 -1.000000
796.976196 244.263168
738.457031 122.585564
1156.184326 178.777084
-1.000000 -1.000000
-1.000000 -1.000000
-1.000000 -1.000000
-1.000000 -1.000000
711.151611 93.035835
-1.000000 -1.000000
419.448303 188.617096
401.377655 173.914413
1172.975708 347.623535
-1.000000 -1.000000
-1.000000 -1.000000
921.193665 372.074646
-1.000000 -1.000000
408.304352 373.180969
652.108093 67.417747
-1.000000 -1.000000
393.273468 372.172882
776.686157 154.754517
173.502960 222.375656
137.707291 270.084595
409.315796 358.176331
-1.000000 -1.000000
-1.000000 -1.000000
-1.000000 -1.000000
621.041199 142.043594
394.277557 357.164642
-1.000000 -1.000000
796.462036 260.156219
1176.699707 218.510590
-1.000000 -1.000000
1182.836670 203.547287
1111.326660 170.744598
-1.000000 -1.000000
453.256348 366.768951
857.388245 40.716724
-1.000000 -1.000000
393.371826 387.295135
763.495972 450.362305
-1.000000 -1.000000
468.215240 366.733917
-1.000000 -1.000000
438.240356 367.761780
842.152039 41.325981
974.788086 184.946274
570.434448 238.098282
445.264679 351.741272
283.513885 186.784348
404.099457 233.193649
410.458984 388.385437
-1.000000 -1.000000
460.253937 351.764862
149.316757 263.286713
1139.265625 180.932007
659.456177 418.982758
-1.000000 -1.000000
568.405640 253.313446
-1.000000 -1.000000
1201.676758 147.343353
-1.000000 -1.000000
185.541626 185.395874
-1.000000 -1.000000
417.928436 203.430222
453.247955 381.840607
566.287537 451.137238
770.105042 125.411201
-1.000000 -1.000000
-1.000000 -1.000000
903.954590 423.993622
658.195862 106.023323
703.786865 254.305939
-1.000000 -1.000000
228.821640 222.527496
-1.000000 -1.000000
-1.000000 -1.000000
874.779053 460.260071
-1.000000 -1.000000
215.309723 237.537582
-1.000000 -1.000000
438.230988 382.858124
184.095291 278.326263
800.236084 213.884277
-1.000000 -1.000000
468.210785 381.776917
-1.000000 -1.000000
-1.000000 -1.000000
619.453796 66.103844
694.826233 110.868919
1117.677246 40.983543
620.519409 169.568237
-1.000000 -1.000000
187.548004 236.796539
726.490112 88.942322
808.113892 277.641968
1204.959839 118.015564
-1.000000 -1.000000
685.603271 301.895630
-1.000000 -1.000000
1054.777344 140.610474
-1.000000 -1.000000
780.205933 243.868347
1194.961060 474.006622
356.890259 451.928070
-1.000000 -1.000000
-1.000000 -1.000000
721.321594 73.988243
959.852234 187.037979
-1.000000 -1.000000
442.964447 223.083557
721.623840 229.993469
-1.000000 -1.000000
-1.000000 -1.000000
-1.000000 -1.000000
429.776520 352.755554
-1.000000 -1.000000
-1.000000 -1.000000
859.114014 195.219666
1205.097168 180.570770
158.186493 221.439728
-1.000000 -1.000000
756.599426 216.886520
692.660522 171.648636
721.106873 59.004776
738.029480 313.925049
196.090546 169.746674
-1.000000 -1.000000
272.993073 230.056168
1153.281494 161.561844
379.362091 357.167084
-1.000000 -1.000000
1095.025513 438.436798
695.210938 126.210449
1104.532593 98.458107
1128.113159 332.046082
-1.000000 -1.000000
678.514160 110.025894
423.613647 221.072800
875.358337 372.767670
1127.533081 278.926453
708.057129 144.126266
-1.000000 -1.000000
865.669800 181.439743
1113.008301 185.785858
658.536499 434.795380
700.366211 621.434998
1116.725342 475.903961
1195.884277 410.349091
1073.976074 111.894913
200.972321 213.835846
402.288025 248.978470
-1.000000 -1.000000
760.086731 231.660812
753.819641 185.939270
621.806274 87.463303
674.251038 317.548431
713.207458 165.384430
739.124634 186.865723
430.419586 268.109344
-1.000000 -1.000000
645.520142 157.700180
738.466431 137.670837
1073.492432 396.248749
1180.368530 409.896484
759.634888 170.932632
170.390839 271.228790
-1.000000 -1.000000
1012.184021 330.373840
-1.000000 -1.000000
-1.000000 -1.000000
378.358185 373.180328
705.103577 217.819962
683.446533 252.768524
1134.074341 161.830368
-1.000000 -1.000000
793.197388 414.189392
723.326782 147.846024
-1.000000 -1.000000
-1.000000 -1.000000
699.695862 299.842712
-1.000000 -1.000000
-1.000000 -1.000000
-1.000000 -1.000000
1008.572754 345.798492
692.020264 141.389694
-1.000000 -1.000000
-1.000000 -1.000000
-1.000000 -1.000000
-1.000000 -1.000000
785.054871 212.612457
-1.000000 -1.000000
700.136047 606.574524
-1.000000 -1.000000
-1.000000 -1.000000
212.564590 183.272614
993.589966 345.749481
1180.037476 261.964478
-1.000000 -1.000000
373.796997 449.941315
624.490540 114.488945
-1.000000 -1.000000
-1.000000 -1.000000
686.490417 356.468658
996.725159 330.269073
1054.396606 125.780792
765.427063 247.491608
-1.000000 -1.000000
149.141327 250.794968
-1.000000 -1.000000
171.767014 196.381836
854.632385 210.663849
658.215271 403.810669
-1.000000 -1.000000
-1.000000 -1.000000
647.119507 188.007965
-1.000000 -1.000000
749.497437 392.325165
-1.000000 -1.000000
687.068909 279.091461
416.281830 174.263428
324.560242 222.957047
415.507172 268.173096
-1.000000 -1.000000
742.077209 88.921288
-1.000000 -1.000000
-1.000000 -1.000000
1149.155273 265.923828
-1.000000 -1.000000
229.041656 238.190262
1003.796082 364.716614
996.598450 218.287918
694.559143 239.826416
738.422974 172.117065
-1.000000 -1.000000
777.369263 261.071228
-1.000000 -1.000000
1071.450806 231.629059
-1.000000 -1.000000
988.540222 364.009583
-1.000000 -1.000000
-1.000000 -1.000000
912.358276 205.458267
738.580627 152.706726
-1.000000 -1.000000
325.122986 208.137665
243.182404 218.907578
-1.000000 -1.000000
713.830933 620.054810
-1.000000 -1.000000
-1.000000 -1.000000
-1.000000 -1.000000
669.957581 302.690186
585.851135 219.143585
658.196716 155.975235
-1.000000 -1.000000
-1.000000 -1.000000
1163.374878 265.926208
-1.000000 -1.000000
-1.000000 -1.000000
-1.000000 -1.000000
551.621338 230.605865
-1.000000 -1.000000
998.393494 189.063156
-1.000000 -1.000000
-1.000000 -1.000000
1095.107788 453.001526
-1.000000 -1.000000
843.690369 384.209595
690.211548 66.265076
-1.000000 -1.000000
582.218384 454.694672
754.347839 201.054504
207.578949 395.434692
982.396973 330.344238
1175.088379 205.286484
-1.000000 -1.000000
-1.000000 -1.000000
668.166321 285.372101
765.861023 369.098450
-1.000000 -1.000000
-1.000000 -1.000000
-1.000000 -1.000000
-1.000000 -1.000000
699.991150 635.771118
377.950226 141.445328
-1.000000 -1.000000
-1.000000 -1.000000
400.409607 264.025391
-1.000000 -1.000000
-1.000000 -1.000000
679.978943 125.460968
1188.876343 317.519714
-1.000000 -1.000000
-1.000000 -1.000000
794.485840 373.073944
-1.000000 -1.000000
-1.000000 -1.000000
387.369812 236.104218
126.777550 360.604767
769.515076 192.190933
82.504784 419.162994
837.778809 231.530426
1018.046265 368.869568
-1.000000 -1.000000
-1.000000 -1.000000
609.774048 126.948738
794.280396 277.940735
830.163086 384.239929
201.758850 256.961121
377.509949 189.325256
1163.921631 241.567596
737.221985 73.930054
605.609741 163.597946
-1.000000 -1.000000
342.549164 449.629639
931.509827 356.323334
-1.000000 -1.000000
-1.000000 -1.000000
-1.000000 -1.000000
639.947388 126.864868
722.564697 179.179489
1055.037476 407.689178
851.897156 420.137207
713.290344 605.208618
-1.000000 -1.000000
323.055237 193.571793
-1.000000 -1.000000
289.054565 242.894943
838.888000 398.898499
996.782776 203.824280
1051.700439 232.770920
-1.000000 -1.000000
378.415527 388.287933
737.088440 58.793121
1127.322754 347.114014
-1.000000 -1.000000
573.359802 218.947189
938.295288 207.233643
-1.000000 -1.000000
-1.000000 -1.000000
541.842346 438.316101
978.701904 345.705536
327.153503 462.928040
1126.107788 301.240753
372.982971 102.162827
82.893631 397.184753
-1.000000 -1.000000
120.156448 327.324860
-1.000000 -1.000000
97.245041 403.751099
375.640472 205.737122
-1.000000 -1.000000
1113.519775 200.859299
1058.900757 110.915726
597.440735 454.742340
-1.000000 -1.000000
-1.000000 -1.000000
-1.000000 -1.000000
-1.000000 -1.000000
811.914795 412.117920
341.476898 207.913467
-1.000000 -1.000000
-1.000000 -1.000000
-1.000000 -1.000000
-1.000000 -1.000000
695.344727 95.342621
182.477570 170.289658
-1.000000 -1.000000
-1.000000 -1.000000
-1.000000 -1.000000
858.230347 218.383514
-1.000000 -1.000000
650.983643 141.979080
-1.000000 -1.000000
177.752029 252.538727
387.692352 157.245712
-1.000000 -1.000000
312.865295 458.120209
341.388550 222.784286
-1.000000 -1.000000
775.092529 172.787872
-1.000000 -1.000000
-1.000000 -1.000000
449.014984 238.022202
-1.000000 -1.000000
1106.018921 133.860352
-1.000000 -1.000000
604.204651 64.077423
584.611145 189.284241
791.848938 109.207520
638.514160 202.501053
376.213745 117.435799
-1.000000 -1.000000
-1.000000 -1.000000
174.887115 274.311798
682.134399 216.383972
-1.000000 -1.000000
689.066223 620.805664
152.158035 235.787613
867.087341 420.494904
214.909409 252.641312
392.233978 142.184387
-1.000000 -1.000000
-1.000000 -1.000000
281.646332 439.531219
-1.000000 -1.000000
211.125107 409.655579
-1.000000 -1.000000
-1.000000 -1.000000
-1.000000 -1.000000
-1.000000 -1.000000
268.724579 188.252243
-1.000000 -1.000000
1205.830200 166.077759
775.195679 278.736877
688.419617 635.593994
-1.000000 -1.000000
-1.000000 -1.000000
-1.000000 -1.000000
1088.882568 209.173492
696.047974 454.585144
989.908081 165.502579
-1.000000 -1.000000
785.468933 139.610184
-1.000000 -1.000000
-1.000000 -1.000000
-1.000000 -1.000000
339.602631 192.803940
1135.075073 263.742035
974.907349 199.948898
-1.000000 -1.000000
-1.000000 -1.000000
447.271729 253.057404
-1.000000 -1.000000
672.367249 241.675369
1150.114868 250.599564
1150.232422 94.056076
-1.000000 -1.000000
828.234558 211.246872
805.590637 391.499481
1053.838623 392.029846
-1.000000 -1.000000
189.678955 274.119324
664.840820 125.568596
-1.000000 -1.000000
544.549500 220.737640
549.507019 40.947639
-1.000000 -1.000000
-1.000000 -1.000000
714.287537 634.489563
560.141479 221.223434
-1.000000 -1.000000
656.590393 301.015320
606.673157 89.603333
551.555786 455.365570
-1.000000 -1.000000
1102.510010 41.075562
-1.000000 -1.000000
-1.000000 -1.000000
-1.000000 -1.000000
1159.530273 178.144485
564.492188 41.035572
672.291809 618.348328
-1.000000 -1.000000
227.166229 198.786499
-1.000000 -1.000000
-1.000000 -1.000000
-1.000000 -1.000000
-1.000000 -1.000000
385.668884 252.343613
-1.000000 -1.000000
869.321167 399.144104
-1.000000 -1.000000
-1.000000 -1.000000
-1.000000 -1.000000
781.496399 384.110413
817.973145 381.777161
-1.000000 -1.000000
-1.000000 -1.000000
672.219849 633.443970
840.934814 422.250946
119.563728 424.419403
255.227509 242.481186
-1.000000 -1.000000
791.724792 154.948898
689.062866 605.772461
242.466415 234.504822
838.411865 247.116608
-1.000000 -1.000000
210.081635 168.468201
387.898132 102.800453
-1.000000 -1.000000
971.046692 363.494354
1119.970947 263.792084
677.134338 455.773773
-1.000000 -1.000000
657.464172 317.184937
566.848328 465.734589
-1.000000 -1.000000
-1.000000 -1.000000
-1.000000 -1.000000
-1.000000 -1.000000
947.124695 357.867096
1186.770508 302.445251
-1.000000 -1.000000
955.021301 202.086380
217.650711 266.233398
245.369263 454.453125
-1.000000 -1.000000
-1.000000 -1.000000
605.860657 151.306961
-1.000000 -1.000000
746.978821 465.860474
-1.000000 -1.000000
659.203003 451.006592
-1.000000 -1.000000
168.222321 181.554321
-1.000000 -1.000000
1103.844360 216.129913
-1.000000 -1.000000
402.543549 157.144775
355.169769 192.477448
-1.000000 -1.000000
769.817566 466.385406
374.099121 221.061493
-1.000000 -1.000000
869.303955 439.704742
-1.000000 -1.000000
-1.000000 -1.000000
-1.000000 -1.000000
-1.000000 -1.000000
101.456993 383.817627
-1.000000 -1.000000
268.075012 440.090118
743.313110 243.590393
-1.000000 -1.000000
391.263397 117.592941
795.646240 294.212799
-1.000000 -1.000000
-1.000000 -1.000000
-1.000000 -1.000000
356.850800 207.814880
-1.000000 -1.000000
-1.000000 -1.000000
666.785461 328.193085
-1.000000 -1.000000
-1.000000 -1.000000
-1.000000 -1.000000
1184.365601 191.137634
-1.000000 -1.000000
794.130493 80.441345
-1.000000 -1.000000
356.801147 222.900299
1127.956177 194.880310
1149.921631 235.471619
661.442993 254.672943
609.144470 104.641525
-1.000000 -1.000000
1119.090210 216.024826
-1.000000 -1.000000
670.697937 602.947571
-1.000000 -1.000000
-1.000000 -1.000000
-1.000000 -1.000000
-1.000000 -1.000000
-1.000000 -1.000000
796.749023 65.611725
605.352051 433.288391
583.892883 469.109802
1186.183105 278.077332
-1.000000 -1.000000
-1.000000 -1.000000
-1.000000 -1.000000
-1.000000 -1.000000
990.022705 180.868347
728.498840 618.399048
-1.000000 -1.000000
-1.000000 -1.000000
-1.000000 -1.000000
-1.000000 -1.000000
784.711548 194.503464
-1.000000 -1.000000
-1.000000 -1.000000
-1.000000 -1.000000
-1.000000 -1.000000
1038.286865 234.719345
-1.000000 -1.000000
-1.000000 -1.000000
-1.000000 -1.000000
1188.724731 332.973358
241.634552 251.560104
-1.000000 -1.000000
-1.000000 -1.000000
1011.164185 316.473907
-1.000000 -1.000000
153.398148 382.246582
1186.590088 349.536957
-1.000000 -1.000000
599.696960 469.818939
781.244019 297.385712
-1.000000 -1.000000
-1.000000 -1.000000
-1.000000 -1.000000
-1.000000 -1.000000
742.924133 258.066010
411.672394 342.789948
407.031982 141.659058
-1.000000 -1.000000
-1.000000 -1.000000
-1.000000 -1.000000
-1.000000 -1.000000
329.818024 447.391083
-1.000000 -1.000000
-1.000000 -1.000000
-1.000000 -1.000000
115.080528 339.943787
807.856995 374.063812
-1.000000 -1.000000
-1.000000 -1.000000
-1.000000 -1.000000
699.533447 650.148438
-1.000000 -1.000000
642.619385 436.949097
-1.000000 -1.000000
-1.000000 -1.000000
