-1.000000 -1.000000
-1.000000 -1.000000
-1.000000 -1.000000
-1.000000 -1.000000
-1.000000 -1.000000
-1.000000 -1.000000
-1.000000 -1.000000
-1.000000 -1.000000
-1.000000 -1.000000
-1.000000 -1.000000
-1.000000 -1.000000
-1.000000 -1.000000
-1.000000 -1.000000
-1.000000 -1.000000
-1.000000 -1.000000
-1.000000 -1.000000
-1.000000 -1.000000
-1.000000 -1.000000
-1.000000 -1.000000
1140.998169 193.680756
-1.000000 -1.000000
-1.000000 -1.000000
1152.690552 151.112640
-1.000000 -1.000000
-1.000000 -1.000000
-1.000000 -1.000000
-1.000000 -1.000000
-1.000000 -1.000000
-1.000000 -1.000000
-1.000000 -1.000000
-1.000000 -1.000000
-1.000000 -1.000000
725.372192 363.499512
829.042908 68.460136
-1.000000 -1.000000
344.754883 215.316208
-1.000000 -1.000000
700.255493 447.469482
-1.000000 -1.000000
-1.000000 -1.000000
-1.000000 -1.000000
-1.000000 -1.000000
481.768250 251.432861
-1.000000 -1.000000
-1.000000 -1.000000
-1.000000 -1.000000
1122.870483 178.408020
-1.000000 -1.000000
-1.000000 -1.000000
-1.000000 -1.000000
-1.000000 -1.000000
969.727173 192.573120
-1.000000 -1.000000
858.099365 222.328415
1138.081055 177.904068
-1.000000 -1.000000
-1.000000 -1.000000
-1.000000 -1.000000
343.646881 200.632782
683.710693 447.313904
1157.374023 189.131973
329.185608 216.987869
-1.000000 -1.000000
-1.000000 -1.000000
-1.000000 -1.000000
-1.000000 -1.000000
-1.000000 -1.000000
-1.000000 -1.000000
889.571350 436.988556
-1.000000 -1.000000
-1.000000 -1.000000
343.451599 228.935104
682.526062 426.016022
-1.000000 -1.000000
-1.000000 -1.000000
-1.000000 -1.000000
-1.000000 -1.000000
-1.000000 -1.000000
-1.000000 -1.000000
-1.000000 -1.000000
327.907166 204.437698
974.667908 41.611935
883.048767 479.431885
-1.000000 -1.000000
-1.000000 -1.000000
-1.000000 -1.000000
-1.000000 -1.000000
-1.000000 -1.000000
-1.000000 -1.000000
-1.000000 -1.000000
1010.291443 193.716003
725.010742 347.107239
-1.000000 -1.000000
-1.000000 -1.000000
-1.000000 -1.000000
-1.000000 -1.000000
-1.000000 -1.000000
-1.000000 -1.000000
-1.000000 -1.000000
732.357239 450.177216
475.449677 40.862003
-1.000000 -1.000000
-1.000000 -1.000000
-1.000000 -1.000000
-1.000000 -1.000000
479.641815 266.402863
902.662537 436.511841
-1.000000 -1.000000
-1.000000 -1.000000
-1.000000 -1.000000
-1.000000 -1.000000
-1.000000 -1.000000
717.994690 445.650848
-1.000000 -1.000000
-1.000000 -1.000000
-1.000000 -1.000000
-1.000000 -1.000000
-1.000000 -1.000000
-1.000000 -1.000000
1220.372925 490.687805
-1.000000 -1.000000
-1.000000 -1.000000
853.114929 234.664856
-1.000000 -1.000000
-1.000000 -1.000000
-1.000000 -1.000000
768.213928 450.629852
-1.000000 -1.000000
-1.000000 -1.000000
467.170807 251.599854
-1.000000 -1.000000
907.311096 415.740295
-1.000000 -1.000000
-1.000000 -1.000000
-1.000000 -1.000000
-1.000000 -1.000000
-1.000000 -1.000000
966.417542 207.358047
716.625977 429.985107
733.613464 435.872986
745.031799 453.672974
-1.000000 -1.000000
-1.000000 -1.000000
-1.000000 -1.000000
1070.999634 438.273804
-1.000000 -1.000000
555.660706 269.173553
-1.000000 -1.000000
-1.000000 -1.000000
-1.000000 -1.000000
-1.000000 -1.000000
438.328888 191.396515
-1.000000 -1.000000
-1.000000 -1.000000
-1.000000 -1.000000
-1.000000 -1.000000
-1.000000 -1.000000
-1.000000 -1.000000
-1.000000 -1.000000
893.921021 485.225067
-1.000000 -1.000000
849.224854 218.616714
-1.000000 -1.000000
1088.797974 465.937958
-1.000000 -1.000000
-1.000000 -1.000000
-1.000000 -1.000000
-1.000000 -1.000000
918.336426 419.091125
279.016693 224.260529
697.483276 343.719757
866.287415 225.953125
695.340698 358.027924
793.012329 450.832306
-1.000000 -1.000000
-1.000000 -1.000000
884.928467 458.411957
-1.000000 -1.000000
-1.000000 -1.000000
-1.000000 -1.000000
-1.000000 -1.000000
683.259644 408.468933
-1.000000 -1.000000
558.565796 254.798309
-1.000000 -1.000000
1058.002441 218.365250
-1.000000 -1.000000
342.549133 490.172302
-1.000000 -1.000000
-1.000000 -1.000000
-1.000000 -1.000000
-1.000000 -1.000000
-1.000000 -1.000000
464.905609 266.686951
329.131409 225.215118
698.212524 465.297180
913.030334 440.481506
-1.000000 -1.000000
-1.000000 -1.000000
341.994690 505.971771
899.312561 455.106171
-1.000000 -1.000000
436.401520 207.242401
-1.000000 -1.000000
882.763611 41.589787
-1.000000 -1.000000
276.631317 198.508057
357.900574 487.637787
-1.000000 -1.000000
-1.000000 -1.000000
-1.000000 -1.000000
-1.000000 -1.000000
955.089844 190.297974
-1.000000 -1.000000
-1.000000 -1.000000
-1.000000 -1.000000
1103.123535 492.542816
231.908798 265.382355
733.446594 417.635498
-1.000000 -1.000000
-1.000000 -1.000000
1056.864258 437.668610
-1.000000 -1.000000
327.495361 487.078613
-1.000000 -1.000000
-1.000000 -1.000000
-1.000000 -1.000000
-1.000000 -1.000000
-1.000000 -1.000000
357.208893 504.180267
-1.000000 -1.000000
-1.000000 -1.000000
758.475037 462.240204
-1.000000 -1.000000
844.175293 68.373909
-1.000000 -1.000000
-1.000000 -1.000000
-1.000000 -1.000000
-1.000000 -1.000000
-1.000000 -1.000000
343.688354 242.115128
1213.109741 506.763367
-1.000000 -1.000000
716.579407 462.327820
-1.000000 -1.000000
315.338226 208.921036
-1.000000 -1.000000
-1.000000 -1.000000
-1.000000 -1.000000
452.586182 190.983810
326.016876 504.112457
735.545227 467.804016
-1.000000 -1.000000
-1.000000 -1.000000
715.159973 410.858704
-1.000000 -1.000000
-1.000000 -1.000000
591.540405 417.181519
-1.000000 -1.000000
1047.482544 186.986328
-1.000000 -1.000000
244.053864 264.160187
981.416687 207.635880
-1.000000 -1.000000
862.438110 236.778976
-1.000000 -1.000000
-1.000000 -1.000000
680.940308 464.992554
-1.000000 -1.000000
-1.000000 -1.000000
-1.000000 -1.000000
435.394196 175.264404
-1.000000 -1.000000
-1.000000 -1.000000
-1.000000 -1.000000
-1.000000 -1.000000
1157.800171 204.455917
-1.000000 -1.000000
-1.000000 -1.000000
-1.000000 -1.000000
1055.158081 231.088715
755.015686 438.925781
-1.000000 -1.000000
-1.000000 -1.000000
-1.000000 -1.000000
838.051575 113.520988
1032.859985 188.992935
704.687988 336.824890
-1.000000 -1.000000
786.168762 432.112976
-1.000000 -1.000000
-1.000000 -1.000000
-1.000000 -1.000000
1153.227783 173.710617
-1.000000 -1.000000
-1.000000 -1.000000
-1.000000 -1.000000
-1.000000 -1.000000
-1.000000 -1.000000
-1.000000 -1.000000
339.011749 522.350342
-1.000000 -1.000000
276.466095 183.663467
-1.000000 -1.000000
-1.000000 -1.000000
314.264740 199.913712
-1.000000 -1.000000
-1.000000 -1.000000
-1.000000 -1.000000
-1.000000 -1.000000
-1.000000 -1.000000
-1.000000 -1.000000
-1.000000 -1.000000
-1.000000 -1.000000
450.610504 206.944519
841.132568 84.934517
-1.000000 -1.000000
890.753845 499.624390
323.467682 520.314880
244.769775 253.055496
-1.000000 -1.000000
-1.000000 -1.000000
-1.000000 -1.000000
-1.000000 -1.000000
-1.000000 -1.000000
-1.000000 -1.000000
-1.000000 -1.000000
-1.000000 -1.000000
779.170349 461.837769
687.123230 146.371674
-1.000000 -1.000000
-1.000000 -1.000000
-1.000000 -1.000000
943.977783 41.281822
960.408325 222.172531
355.672028 520.140198
342.894165 187.479858
-1.000000 -1.000000
-1.000000 -1.000000
-1.000000 -1.000000
-1.000000 -1.000000
730.713074 332.717438
-1.000000 -1.000000
-1.000000 -1.000000
-1.000000 -1.000000
750.759583 477.958893
-1.000000 -1.000000
-1.000000 -1.000000
-1.000000 -1.000000
247.658707 238.547256
804.139954 431.520813
-1.000000 -1.000000
948.451782 203.974060
862.867371 209.475586
-1.000000 -1.000000
-1.000000 -1.000000
-1.000000 -1.000000
765.714355 382.000977
291.523621 218.152985
928.249207 425.565094
-1.000000 -1.000000
-1.000000 -1.000000
-1.000000 -1.000000
-1.000000 -1.000000
-1.000000 -1.000000
289.473206 196.682816
-1.000000 -1.000000
-1.000000 -1.000000
-1.000000 -1.000000
-1.000000 -1.000000
-1.000000 -1.000000
767.002625 132.879974
-1.000000 -1.000000
-1.000000 -1.000000
844.912231 235.395493
-1.000000 -1.000000
-1.000000 -1.000000
-1.000000 -1.000000
-1.000000 -1.000000
-1.000000 -1.000000
-1.000000 -1.000000
-1.000000 -1.000000
-1.000000 -1.000000
467.351807 190.761414
449.661713 175.504929
-1.000000 -1.000000
-1.000000 -1.000000
-1.000000 -1.000000
944.539185 402.230042
-1.000000 -1.000000
400.006653 393.975494
-1.000000 -1.000000
-1.000000 -1.000000
384.952148 392.982391
836.861206 158.992950
-1.000000 -1.000000
-1.000000 -1.000000
401.005219 379.006287
-1.000000 -1.000000
-1.000000 -1.000000
-1.000000 -1.000000
671.562195 146.169067
-1.000000 -1.000000
-1.000000 -1.000000
-1.000000 -1.000000
-1.000000 -1.000000
-1.000000 -1.000000
-1.000000 -1.000000
-1.000000 -1.000000
-1.000000 -1.000000
447.058777 387.423706
922.790466 40.268059
-1.000000 -1.000000
385.026367 408.159546
768.033081 475.831085
-1.000000 -1.000000
461.955383 387.428589
-1.000000 -1.000000
432.044708 388.370636
906.968140 40.568241
1045.544922 203.683411
571.295166 255.069824
438.999847 372.386536
327.630524 192.868973
452.240509 246.207870
402.104675 409.299622
-1.000000 -1.000000
453.986145 372.506683
231.262177 259.092529
-1.000000 -1.000000
665.833679 443.440796
-1.000000 -1.000000
569.189697 268.704926
-1.000000 -1.000000
-1.000000 -1.000000
-1.000000 -1.000000
262.972656 184.494370
-1.000000 -1.000000
465.353394 206.127747
447.013336 402.523071
565.402954 476.530853
830.850952 129.416290
-1.000000 -1.000000
-1.000000 -1.000000
910.880127 456.637268
-1.000000 -1.000000
-1.000000 -1.000000
-1.000000 -1.000000
297.323975 213.843781
-1.000000 -1.000000
-1.000000 -1.000000
880.678833 494.170624
-1.000000 -1.000000
291.813690 232.583969
-1.000000 -1.000000
431.987915 403.496216
-1.000000 -1.000000
-1.000000 -1.000000
-1.000000 -1.000000
461.871429 402.537109
-1.000000 -1.000000
-1.000000 -1.000000
-1.000000 -1.000000
749.840088 114.764832
-1.000000 -1.000000
661.472412 178.280594
-1.000000 -1.000000
-1.000000 -1.000000
-1.000000 -1.000000
-1.000000 -1.000000
-1.000000 -1.000000
-1.000000 -1.000000
696.198914 321.362396
-1.000000 -1.000000
-1.000000 -1.000000
-1.000000 -1.000000
836.664978 245.097412
-1.000000 -1.000000
345.986542 473.352203
-1.000000 -1.000000
-1.000000 -1.000000
-1.000000 -1.000000
1033.001099 204.658630
-1.000000 -1.000000
490.666016 235.749283
-1.000000 -1.000000
-1.000000 -1.000000
-1.000000 -1.000000
-1.000000 -1.000000
423.471436 373.348907
-1.000000 -1.000000
-1.000000 -1.000000
-1.000000 -1.000000
-1.000000 -1.000000
-1.000000 -1.000000
-1.000000 -1.000000
-1.000000 -1.000000
-1.000000 -1.000000
-1.000000 -1.000000
762.074036 332.011078
273.833038 168.726440
-1.000000 -1.000000
315.616547 214.627625
-1.000000 -1.000000
-1.000000 -1.000000
-1.000000 -1.000000
1067.566528 459.990204
750.111023 130.317551
-1.000000 -1.000000
-1.000000 -1.000000
-1.000000 -1.000000
732.814575 113.939682
470.176697 223.431290
-1.000000 -1.000000
-1.000000 -1.000000
762.812134 148.384003
-1.000000 -1.000000
-1.000000 -1.000000
-1.000000 -1.000000
664.744141 459.564636
704.921387 651.572754
1119.092651 517.796509
-1.000000 -1.000000
-1.000000 -1.000000
278.145721 211.264603
450.132782 263.018097
-1.000000 -1.000000
-1.000000 -1.000000
-1.000000 -1.000000
-1.000000 -1.000000
683.372131 336.999023
-1.000000 -1.000000
-1.000000 -1.000000
477.490875 281.381195
-1.000000 -1.000000
695.794189 162.283920
-1.000000 -1.000000
1070.067505 423.262085
-1.000000 -1.000000
-1.000000 -1.000000
251.660110 266.614502
-1.000000 -1.000000
1042.909180 356.241943
-1.000000 -1.000000
-1.000000 -1.000000
370.037628 394.168365
-1.000000 -1.000000
696.413025 265.469238
-1.000000 -1.000000
-1.000000 -1.000000
814.440430 442.472290
-1.000000 -1.000000
-1.000000 -1.000000
-1.000000 -1.000000
710.546021 318.650085
-1.000000 -1.000000
-1.000000 -1.000000
-1.000000 -1.000000
1038.258545 372.370758
746.344116 145.581131
-1.000000 -1.000000
-1.000000 -1.000000
-1.000000 -1.000000
-1.000000 -1.000000
842.305237 205.317810
-1.000000 -1.000000
704.659241 637.125000
-1.000000 -1.000000
-1.000000 -1.000000
288.704590 181.547974
1023.111267 372.721558
-1.000000 -1.000000
-1.000000 -1.000000
363.635651 472.090515
-1.000000 -1.000000
-1.000000 -1.000000
-1.000000 -1.000000
-1.000000 -1.000000
1027.971558 357.068726
-1.000000 -1.000000
-1.000000 -1.000000
-1.000000 -1.000000
232.198517 246.167038
-1.000000 -1.000000
248.866364 195.864670
876.950745 230.318588
664.475525 428.307739
-1.000000 -1.000000
-1.000000 -1.000000
687.810608 204.115234
-1.000000 -1.000000
784.420593 410.276428
-1.000000 -1.000000
698.865417 293.330566
464.478516 176.233002
-1.000000 -1.000000
462.832001 281.692566
-1.000000 -1.000000
-1.000000 -1.000000
-1.000000 -1.000000
-1.000000 -1.000000
-1.000000 -1.000000
-1.000000 -1.000000
298.182495 228.847717
1034.041016 388.007965
-1.000000 -1.000000
-1.000000 -1.000000
-1.000000 -1.000000
-1.000000 -1.000000
-1.000000 -1.000000
-1.000000 -1.000000
1138.976562 242.213867
-1.000000 -1.000000
1013.951843 390.648254
-1.000000 -1.000000
-1.000000 -1.000000
978.547852 222.594055
793.005005 157.551132
-1.000000 -1.000000
-1.000000 -1.000000
299.053223 198.859100
-1.000000 -1.000000
716.561401 650.440186
-1.000000 -1.000000
-1.000000 -1.000000
-1.000000 -1.000000
679.400330 323.664734
586.920410 238.295456
-1.000000 -1.000000
-1.000000 -1.000000
-1.000000 -1.000000
-1.000000 -1.000000
-1.000000 -1.000000
-1.000000 -1.000000
-1.000000 -1.000000
552.721008 248.532272
-1.000000 -1.000000
1052.457764 206.847656
-1.000000 -1.000000
-1.000000 -1.000000
-1.000000 -1.000000
-1.000000 -1.000000
862.906189 407.622772
-1.000000 -1.000000
-1.000000 -1.000000
580.612854 481.790924
-1.000000 -1.000000
-1.000000 -1.000000
1013.860718 357.226013
-1.000000 -1.000000
-1.000000 -1.000000
-1.000000 -1.000000
677.715149 303.627350
801.367615 388.488464
-1.000000 -1.000000
-1.000000 -1.000000
-1.000000 -1.000000
-1.000000 -1.000000
704.568359 665.262878
428.472534 142.642471
-1.000000 -1.000000
-1.000000 -1.000000
447.929413 278.088409
-1.000000 -1.000000
-1.000000 -1.000000
734.429749 129.668503
-1.000000 -1.000000
-1.000000 -1.000000
-1.000000 -1.000000
829.049438 393.165100
-1.000000 -1.000000
-1.000000 -1.000000
-1.000000 -1.000000
-1.000000 -1.000000
-1.000000 -1.000000
-1.000000 -1.000000
870.299805 233.208755
-1.000000 -1.000000
-1.000000 -1.000000
-1.000000 -1.000000
660.901306 131.403671
-1.000000 -1.000000
850.210510 407.847992
-1.000000 -1.000000
-1.000000 -1.000000
-1.000000 -1.000000
-1.000000 -1.000000
-1.000000 -1.000000
-1.000000 -1.000000
-1.000000 -1.000000
960.293396 383.813171
-1.000000 -1.000000
-1.000000 -1.000000
-1.000000 -1.000000
-1.000000 -1.000000
-1.000000 -1.000000
-1.000000 -1.000000
-1.000000 -1.000000
715.895935 635.982849
-1.000000 -1.000000
-1.000000 -1.000000
-1.000000 -1.000000
330.458649 230.823471
860.347778 421.152924
1046.284302 220.710281
1119.200806 243.733337
-1.000000 -1.000000
370.101257 409.307922
-1.000000 -1.000000
-1.000000 -1.000000
-1.000000 -1.000000
574.529907 237.786179
-1.000000 -1.000000
-1.000000 -1.000000
-1.000000 -1.000000
542.635681 462.057495
1008.112427 372.722198
314.832245 484.067871
-1.000000 -1.000000
-1.000000 -1.000000
165.846329 393.607788
-1.000000 -1.000000
-1.000000 -1.000000
-1.000000 -1.000000
176.146515 395.723969
-1.000000 -1.000000
-1.000000 -1.000000
-1.000000 -1.000000
-1.000000 -1.000000
595.546265 482.074677
-1.000000 -1.000000
-1.000000 -1.000000
-1.000000 -1.000000
-1.000000 -1.000000
833.179077 440.293579
392.319794 210.336395
-1.000000 -1.000000
-1.000000 -1.000000
-1.000000 -1.000000
-1.000000 -1.000000
-1.000000 -1.000000
259.681519 169.591827
-1.000000 -1.000000
-1.000000 -1.000000
-1.000000 -1.000000
876.866760 238.054565
-1.000000 -1.000000
-1.000000 -1.000000
-1.000000 -1.000000
258.971863 248.517761
436.237122 157.600876
-1.000000 -1.000000
303.800476 479.054199
392.173523 224.928711
-1.000000 -1.000000
834.804871 178.009888
-1.000000 -1.000000
-1.000000 -1.000000
496.870880 251.290558
-1.000000 -1.000000
-1.000000 -1.000000
-1.000000 -1.000000
656.511536 68.729988
590.033264 209.399689
853.182190 112.431137
649.515808 220.464874
426.745422 118.759651
-1.000000 -1.000000
-1.000000 -1.000000
255.828903 268.027344
-1.000000 -1.000000
-1.000000 -1.000000
694.942017 650.886658
232.767029 232.906876
881.517273 449.119446
290.731903 247.621017
441.445099 144.084061
-1.000000 -1.000000
-1.000000 -1.000000
276.557495 460.752777
-1.000000 -1.000000
-1.000000 -1.000000
-1.000000 -1.000000
-1.000000 -1.000000
-1.000000 -1.000000
-1.000000 -1.000000
313.921295 189.657425
-1.000000 -1.000000
-1.000000 -1.000000
-1.000000 -1.000000
694.438599 665.131714
-1.000000 -1.000000
-1.000000 -1.000000
-1.000000 -1.000000
1156.913940 219.568298
705.950500 481.277893
-1.000000 -1.000000
-1.000000 -1.000000
846.016479 143.516678
-1.000000 -1.000000
-1.000000 -1.000000
-1.000000 -1.000000
390.764709 195.167297
-1.000000 -1.000000
1042.804810 218.036331
-1.000000 -1.000000
-1.000000 -1.000000
494.546997 266.299896
-1.000000 -1.000000
682.489502 255.715805
-1.000000 -1.000000
1187.835327 109.717209
-1.000000 -1.000000
869.553040 215.640686
832.359985 414.952972
-1.000000 -1.000000
-1.000000 -1.000000
-1.000000 -1.000000
-1.000000 -1.000000
-1.000000 -1.000000
546.035522 239.017319
601.525513 40.800938
-1.000000 -1.000000
-1.000000 -1.000000
716.700317 664.384644
561.312927 239.599289
-1.000000 -1.000000
665.939514 322.071564
-1.000000 -1.000000
551.505432 480.222595
-1.000000 -1.000000
-1.000000 -1.000000
-1.000000 -1.000000
-1.000000 -1.000000
-1.000000 -1.000000
-1.000000 -1.000000
616.586914 40.837311
682.200989 647.855652
-1.000000 -1.000000
295.227509 192.090012
-1.000000 -1.000000
-1.000000 -1.000000
-1.000000 -1.000000
-1.000000 -1.000000
-1.000000 -1.000000
-1.000000 -1.000000
884.370789 423.951202
-1.000000 -1.000000
-1.000000 -1.000000
-1.000000 -1.000000
817.358826 403.208038
843.472595 404.659729
-1.000000 -1.000000
-1.000000 -1.000000
682.146118 662.999878
870.609558 454.063843
-1.000000 -1.000000
-1.000000 -1.000000
-1.000000 -1.000000
851.902954 159.236954
694.914795 636.300537
300.007568 218.684326
870.373901 240.772858
-1.000000 -1.000000
285.726898 166.884766
437.737122 105.073769
-1.000000 -1.000000
-1.000000 -1.000000
-1.000000 -1.000000
684.619873 482.460907
-1.000000 -1.000000
665.093994 337.894958
565.335999 491.981995
-1.000000 -1.000000
-1.000000 -1.000000
-1.000000 -1.000000
-1.000000 -1.000000
977.106506 385.809387
-1.000000 -1.000000
-1.000000 -1.000000
1028.530273 219.438217
-1.000000 -1.000000
242.518433 472.992767
-1.000000 -1.000000
-1.000000 -1.000000
-1.000000 -1.000000
-1.000000 -1.000000
750.302368 493.798645
-1.000000 -1.000000
664.984253 477.241058
-1.000000 -1.000000
245.326492 181.233124
-1.000000 -1.000000
-1.000000 -1.000000
-1.000000 -1.000000
450.841461 157.868988
406.628510 194.717911
-1.000000 -1.000000
774.209167 492.667877
-1.000000 -1.000000
-1.000000 -1.000000
880.750427 474.012573
-1.000000 -1.000000
-1.000000 -1.000000
-1.000000 -1.000000
-1.000000 -1.000000
177.530273 381.593781
-1.000000 -1.000000
265.288666 460.563812
-1.000000 -1.000000
-1.000000 -1.000000
440.808319 120.564682
-1.000000 -1.000000
-1.000000 -1.000000
-1.000000 -1.000000
-1.000000 -1.000000
407.684601 210.456055
-1.000000 -1.000000
-1.000000 -1.000000
675.131897 346.488495
-1.000000 -1.000000
-1.000000 -1.000000
-1.000000 -1.000000
-1.000000 -1.000000
-1.000000 -1.000000
856.168640 83.787674
-1.000000 -1.000000
-1.000000 -1.000000
-1.000000 -1.000000
-1.000000 -1.000000
671.542236 269.379547
660.828918 110.517769
-1.000000 -1.000000
1187.954224 227.148926
-1.000000 -1.000000
680.880432 632.298218
-1.000000 -1.000000
-1.000000 -1.000000
-1.000000 -1.000000
-1.000000 -1.000000
-1.000000 -1.000000
859.157349 68.411232
602.718323 459.714142
582.989197 496.273468
-1.000000 -1.000000
-1.000000 -1.000000
-1.000000 -1.000000
-1.000000 -1.000000
-1.000000 -1.000000
1052.896973 199.558960
731.650513 652.173767
-1.000000 -1.000000
-1.000000 -1.000000
-1.000000 -1.000000
-1.000000 -1.000000
843.566101 194.840912
-1.000000 -1.000000
-1.000000 -1.000000
-1.000000 -1.000000
-1.000000 -1.000000
1103.850830 246.307358
-1.000000 -1.000000
-1.000000 -1.000000
-1.000000 -1.000000
-1.000000 -1.000000
299.786957 235.116821
-1.000000 -1.000000
-1.000000 -1.000000
1045.193970 343.183838
-1.000000 -1.000000
223.634964 373.721100
-1.000000 -1.000000
-1.000000 -1.000000
598.574341 497.254974
-1.000000 -1.000000
-1.000000 -1.000000
-1.000000 -1.000000
-1.000000 -1.000000
-1.000000 -1.000000
-1.000000 -1.000000
403.588104 363.539062
456.074921 144.083191
-1.000000 -1.000000
-1.000000 -1.000000
-1.000000 -1.000000
-1.000000 -1.000000
-1.000000 -1.000000
-1.000000 -1.000000
-1.000000 -1.000000
-1.000000 -1.000000
194.306427 334.933868
840.777588 394.856537
-1.000000 -1.000000
-1.000000 -1.000000
-1.000000 -1.000000
704.228333 677.398071
-1.000000 -1.000000
646.678101 464.382629
-1.000000 -1.000000
-1.000000 -1.000000
