-1.000000 -1.000000
-1.000000 -1.000000
-1.000000 -1.000000
-1.000000 -1.000000
-1.000000 -1.000000
-1.000000 -1.000000
-1.000000 -1.000000
-1.000000 -1.000000
-1.000000 -1.000000
-1.000000 -1.000000
-1.000000 -1.000000
-1.000000 -1.000000
-1.000000 -1.000000
-1.000000 -1.000000
-1.000000 -1.000000
-1.000000 -1.000000
-1.000000 -1.000000
-1.000000 -1.000000
-1.000000 -1.000000
1038.248047 227.573364
-1.000000 -1.000000
-1.000000 -1.000000
1049.249512 185.356598
-1.000000 -1.000000
-1.000000 -1.000000
-1.000000 -1.000000
-1.000000 -1.000000
-1.000000 -1.000000
-1.000000 -1.000000
-1.000000 -1.000000
-1.000000 -1.000000
-1.000000 -1.000000
-1.000000 -1.000000
750.567017 104.556885
-1.000000 -1.000000
351.776520 232.073853
-1.000000 -1.000000
553.189575 471.090057
-1.000000 -1.000000
-1.000000 -1.000000
-1.000000 -1.000000
-1.000000 -1.000000
397.570679 267.139191
-1.000000 -1.000000
-1.000000 -1.000000
-1.000000 -1.000000
1020.158264 212.832916
-1.000000 -1.000000
-1.000000 -1.000000
-1.000000 -1.000000
-1.000000 -1.000000
892.509644 224.740540
-1.000000 -1.000000
779.541382 254.037415
1035.170654 212.368790
-1.000000 -1.000000
-1.000000 -1.000000
-1.000000 -1.000000
350.200958 217.856308
536.642578 470.985107
1054.046265 223.416641
-1.000000 -1.000000
-1.000000 -1.000000
-1.000000 -1.000000
-1.000000 -1.000000
-1.000000 -1.000000
-1.000000 -1.000000
-1.000000 -1.000000
690.475769 458.594757
-1.000000 -1.000000
-1.000000 -1.000000
349.019836 246.120575
536.513977 448.989929
-1.000000 -1.000000
-1.000000 -1.000000
-1.000000 -1.000000
-1.000000 -1.000000
-1.000000 -1.000000
-1.000000 -1.000000
-1.000000 -1.000000
-1.000000 -1.000000
897.187134 66.735657
680.404053 483.306763
-1.000000 -1.000000
-1.000000 -1.000000
-1.000000 -1.000000
-1.000000 -1.000000
-1.000000 -1.000000
-1.000000 -1.000000
-1.000000 -1.000000
933.758850 224.700974
-1.000000 -1.000000
-1.000000 -1.000000
-1.000000 -1.000000
-1.000000 -1.000000
-1.000000 -1.000000
-1.000000 -1.000000
-1.000000 -1.000000
-1.000000 -1.000000
580.889038 473.104523
394.304352 41.066853
-1.000000 -1.000000
-1.000000 -1.000000
-1.000000 -1.000000
-1.000000 -1.000000
395.365509 285.530823
701.599548 456.079193
-1.000000 -1.000000
-1.000000 -1.000000
-1.000000 -1.000000
-1.000000 -1.000000
-1.000000 -1.000000
569.116699 468.513000
-1.000000 -1.000000
-1.000000 -1.000000
-1.000000 -1.000000
-1.000000 -1.000000
-1.000000 -1.000000
-1.000000 -1.000000
1014.205444 506.916260
-1.000000 -1.000000
-1.000000 -1.000000
768.807434 264.847595
-1.000000 -1.000000
-1.000000 -1.000000
-1.000000 -1.000000
614.084595 476.091461
-1.000000 -1.000000
-1.000000 -1.000000
389.420441 271.043762
-1.000000 -1.000000
724.944031 440.669708
-1.000000 -1.000000
-1.000000 -1.000000
-1.000000 -1.000000
-1.000000 -1.000000
-1.000000 -1.000000
887.234131 243.297180
570.123901 451.807007
584.997864 458.433167
589.775574 477.552032
-1.000000 -1.000000
-1.000000 -1.000000
-1.000000 -1.000000
882.144775 469.316650
-1.000000 -1.000000
405.754517 289.322937
-1.000000 -1.000000
-1.000000 -1.000000
-1.000000 -1.000000
-1.000000 -1.000000
363.541962 218.253799
-1.000000 -1.000000
-1.000000 -1.000000
-1.000000 -1.000000
-1.000000 -1.000000
-1.000000 -1.000000
-1.000000 -1.000000
-1.000000 -1.000000
690.741150 488.471924
-1.000000 -1.000000
770.765625 248.715332
-1.000000 -1.000000
875.622131 490.151154
-1.000000 -1.000000
-1.000000 -1.000000
-1.000000 -1.000000
-1.000000 -1.000000
744.451294 441.074890
258.079620 245.068665
547.299744 375.129303
787.281494 258.512726
543.713745 390.022125
663.786438 480.150085
-1.000000 -1.000000
-1.000000 -1.000000
683.415283 471.104980
-1.000000 -1.000000
-1.000000 -1.000000
-1.000000 -1.000000
-1.000000 -1.000000
538.492432 428.889374
-1.000000 -1.000000
408.799103 275.786621
-1.000000 -1.000000
977.031860 250.419296
-1.000000 -1.000000
192.635376 513.402161
-1.000000 -1.000000
-1.000000 -1.000000
-1.000000 -1.000000
-1.000000 -1.000000
-1.000000 -1.000000
389.595398 290.710541
348.469604 234.878021
550.723389 486.840332
708.436523 458.055664
-1.000000 -1.000000
-1.000000 -1.000000
190.728043 528.803528
696.100708 468.793274
-1.000000 -1.000000
362.363525 235.631836
-1.000000 -1.000000
-1.000000 -1.000000
-1.000000 -1.000000
238.735092 231.690414
-1.000000 -1.000000
-1.000000 -1.000000
-1.000000 -1.000000
-1.000000 -1.000000
-1.000000 -1.000000
880.260559 221.278229
-1.000000 -1.000000
-1.000000 -1.000000
-1.000000 -1.000000
862.259033 497.630707
-1.000000 -1.000000
587.673950 437.831390
-1.000000 -1.000000
-1.000000 -1.000000
866.148254 471.820770
-1.000000 -1.000000
176.815109 511.055145
-1.000000 -1.000000
-1.000000 -1.000000
-1.000000 -1.000000
-1.000000 -1.000000
-1.000000 -1.000000
-1.000000 -1.000000
-1.000000 -1.000000
-1.000000 -1.000000
600.816528 486.494385
-1.000000 -1.000000
765.904236 104.326836
-1.000000 -1.000000
-1.000000 -1.000000
-1.000000 -1.000000
-1.000000 -1.000000
-1.000000 -1.000000
-1.000000 -1.000000
1004.066528 523.054749
-1.000000 -1.000000
566.773621 484.099243
-1.000000 -1.000000
-1.000000 -1.000000
-1.000000 -1.000000
-1.000000 -1.000000
-1.000000 -1.000000
376.108643 221.203659
174.295502 526.865234
578.590820 491.783051
-1.000000 -1.000000
-1.000000 -1.000000
572.137634 433.280701
-1.000000 -1.000000
-1.000000 -1.000000
-1.000000 -1.000000
-1.000000 -1.000000
974.187134 218.594498
-1.000000 -1.000000
-1.000000 -1.000000
899.726501 243.829254
-1.000000 -1.000000
777.910217 268.575073
-1.000000 -1.000000
-1.000000 -1.000000
533.806091 486.735138
-1.000000 -1.000000
-1.000000 -1.000000
-1.000000 -1.000000
358.385406 192.798615
-1.000000 -1.000000
-1.000000 -1.000000
-1.000000 -1.000000
-1.000000 -1.000000
1053.470703 237.674911
-1.000000 -1.000000
-1.000000 -1.000000
-1.000000 -1.000000
953.924133 259.444336
599.804810 463.979828
-1.000000 -1.000000
-1.000000 -1.000000
-1.000000 -1.000000
759.955688 147.223251
960.467102 223.836365
556.836792 369.382233
-1.000000 -1.000000
660.489624 454.217987
-1.000000 -1.000000
-1.000000 -1.000000
-1.000000 -1.000000
1050.072021 208.188461
-1.000000 -1.000000
-1.000000 -1.000000
-1.000000 -1.000000
-1.000000 -1.000000
-1.000000 -1.000000
-1.000000 -1.000000
187.931366 543.726074
-1.000000 -1.000000
-1.000000 -1.000000
-1.000000 -1.000000
-1.000000 -1.000000
-1.000000 -1.000000
-1.000000 -1.000000
-1.000000 -1.000000
-1.000000 -1.000000
-1.000000 -1.000000
-1.000000 -1.000000
-1.000000 -1.000000
-1.000000 -1.000000
-1.000000 -1.000000
374.426514 236.551926
763.076904 120.510376
-1.000000 -1.000000
688.718262 503.234497
171.946198 542.281433
-1.000000 -1.000000
-1.000000 -1.000000
-1.000000 -1.000000
-1.000000 -1.000000
-1.000000 -1.000000
-1.000000 -1.000000
-1.000000 -1.000000
-1.000000 -1.000000
-1.000000 -1.000000
645.832886 491.810303
605.626221 178.401688
-1.000000 -1.000000
-1.000000 -1.000000
-1.000000 -1.000000
-1.000000 -1.000000
878.099548 258.828400
206.587158 540.736755
348.251373 204.565903
-1.000000 -1.000000
-1.000000 -1.000000
-1.000000 -1.000000
-1.000000 -1.000000
-1.000000 -1.000000
-1.000000 -1.000000
-1.000000 -1.000000
-1.000000 -1.000000
590.393433 502.147400
-1.000000 -1.000000
-1.000000 -1.000000
-1.000000 -1.000000
-1.000000 -1.000000
666.823792 460.511963
-1.000000 -1.000000
873.434448 241.092300
785.003235 242.170090
-1.000000 -1.000000
-1.000000 -1.000000
-1.000000 -1.000000
634.786072 406.489838
255.292084 237.431793
749.337097 447.656036
-1.000000 -1.000000
-1.000000 -1.000000
-1.000000 -1.000000
-1.000000 -1.000000
-1.000000 -1.000000
-1.000000 -1.000000
-1.000000 -1.000000
-1.000000 -1.000000
-1.000000 -1.000000
-1.000000 -1.000000
-1.000000 -1.000000
-1.000000 -1.000000
-1.000000 -1.000000
-1.000000 -1.000000
760.892334 263.196167
-1.000000 -1.000000
-1.000000 -1.000000
-1.000000 -1.000000
-1.000000 -1.000000
-1.000000 -1.000000
-1.000000 -1.000000
-1.000000 -1.000000
-1.000000 -1.000000
389.954254 219.897995
-1.000000 -1.000000
-1.000000 -1.000000
-1.000000 -1.000000
-1.000000 -1.000000
782.921387 429.991302
-1.000000 -1.000000
254.513809 422.285797
-1.000000 -1.000000
-1.000000 -1.000000
239.590729 421.263062
759.358093 191.168274
-1.000000 -1.000000
-1.000000 -1.000000
255.472229 407.402802
-1.000000 -1.000000
-1.000000 -1.000000
-1.000000 -1.000000
589.364807 177.822693
-1.000000 -1.000000
-1.000000 -1.000000
-1.000000 -1.000000
-1.000000 -1.000000
-1.000000 -1.000000
-1.000000 -1.000000
-1.000000 -1.000000
-1.000000 -1.000000
295.648651 416.305481
-1.000000 -1.000000
-1.000000 -1.000000
239.449753 435.975739
609.505188 501.575256
-1.000000 -1.000000
310.736145 416.132507
-1.000000 -1.000000
280.788025 417.294678
-1.000000 -1.000000
971.767944 237.713654
418.178558 280.587219
287.731812 401.503510
-1.000000 -1.000000
376.019348 264.922516
256.351532 436.829010
-1.000000 -1.000000
302.740570 401.497955
-1.000000 -1.000000
-1.000000 -1.000000
519.340576 466.721710
-1.000000 -1.000000
-1.000000 -1.000000
-1.000000 -1.000000
-1.000000 -1.000000
-1.000000 -1.000000
220.126297 210.106628
-1.000000 -1.000000
387.585876 233.179581
295.794128 431.162445
416.120972 496.181854
752.781677 162.532501
-1.000000 -1.000000
-1.000000 -1.000000
705.553894 471.503815
-1.000000 -1.000000
-1.000000 -1.000000
-1.000000 -1.000000
-1.000000 -1.000000
-1.000000 -1.000000
-1.000000 -1.000000
678.529236 496.839508
-1.000000 -1.000000
-1.000000 -1.000000
-1.000000 -1.000000
280.880432 432.137512
-1.000000 -1.000000
-1.000000 -1.000000
-1.000000 -1.000000
310.779907 430.984741
-1.000000 -1.000000
-1.000000 -1.000000
-1.000000 -1.000000
666.230408 148.986649
-1.000000 -1.000000
570.219482 229.603806
-1.000000 -1.000000
-1.000000 -1.000000
-1.000000 -1.000000
-1.000000 -1.000000
-1.000000 -1.000000
-1.000000 -1.000000
551.433716 360.517639
-1.000000 -1.000000
-1.000000 -1.000000
-1.000000 -1.000000
744.734253 265.213501
-1.000000 -1.000000
201.447266 497.686798
-1.000000 -1.000000
-1.000000 -1.000000
-1.000000 -1.000000
959.695190 239.257080
-1.000000 -1.000000
405.432617 229.511063
-1.000000 -1.000000
-1.000000 -1.000000
-1.000000 -1.000000
-1.000000 -1.000000
272.809814 402.418762
-1.000000 -1.000000
-1.000000 -1.000000
-1.000000 -1.000000
-1.000000 -1.000000
-1.000000 -1.000000
-1.000000 -1.000000
-1.000000 -1.000000
-1.000000 -1.000000
-1.000000 -1.000000
631.794067 366.430908
-1.000000 -1.000000
-1.000000 -1.000000
-1.000000 -1.000000
-1.000000 -1.000000
-1.000000 -1.000000
-1.000000 -1.000000
858.545776 490.644562
665.834900 163.784698
-1.000000 -1.000000
-1.000000 -1.000000
-1.000000 -1.000000
648.467712 149.602951
390.803009 242.318527
-1.000000 -1.000000
-1.000000 -1.000000
680.379456 180.910828
-1.000000 -1.000000
-1.000000 -1.000000
-1.000000 -1.000000
517.885193 481.837738
599.930176 659.887085
863.923157 516.633545
-1.000000 -1.000000
-1.000000 -1.000000
249.935974 233.164871
378.079224 287.372925
-1.000000 -1.000000
-1.000000 -1.000000
-1.000000 -1.000000
-1.000000 -1.000000
533.910034 371.866791
-1.000000 -1.000000
-1.000000 -1.000000
391.881927 303.440094
-1.000000 -1.000000
616.368530 194.155914
-1.000000 -1.000000
956.492615 460.392487
-1.000000 -1.000000
-1.000000 -1.000000
-1.000000 -1.000000
-1.000000 -1.000000
872.397888 382.590302
-1.000000 -1.000000
-1.000000 -1.000000
224.281189 422.504974
-1.000000 -1.000000
547.679749 313.728516
-1.000000 -1.000000
-1.000000 -1.000000
667.399719 470.612457
-1.000000 -1.000000
-1.000000 -1.000000
-1.000000 -1.000000
-1.000000 -1.000000
-1.000000 -1.000000
-1.000000 -1.000000
-1.000000 -1.000000
865.069458 399.220612
662.882874 178.787369
-1.000000 -1.000000
-1.000000 -1.000000
-1.000000 -1.000000
-1.000000 -1.000000
764.493591 235.191193
-1.000000 -1.000000
600.018860 646.775757
-1.000000 -1.000000
-1.000000 -1.000000
-1.000000 -1.000000
849.215637 399.374207
-1.000000 -1.000000
-1.000000 -1.000000
234.862488 494.029449
-1.000000 -1.000000
-1.000000 -1.000000
-1.000000 -1.000000
-1.000000 -1.000000
857.047119 383.701263
-1.000000 -1.000000
-1.000000 -1.000000
-1.000000 -1.000000
-1.000000 -1.000000
-1.000000 -1.000000
-1.000000 -1.000000
793.100952 264.031281
517.057251 452.364380
-1.000000 -1.000000
-1.000000 -1.000000
591.301697 248.702545
-1.000000 -1.000000
662.404724 430.626251
-1.000000 -1.000000
554.161011 328.538940
386.797974 205.348297
-1.000000 -1.000000
-1.000000 -1.000000
-1.000000 -1.000000
-1.000000 -1.000000
-1.000000 -1.000000
-1.000000 -1.000000
-1.000000 -1.000000
-1.000000 -1.000000
260.766937 245.865875
863.242615 417.890259
-1.000000 -1.000000
-1.000000 -1.000000
-1.000000 -1.000000
-1.000000 -1.000000
-1.000000 -1.000000
-1.000000 -1.000000
1033.662109 272.244354
-1.000000 -1.000000
844.088684 416.677887
-1.000000 -1.000000
-1.000000 -1.000000
891.729309 259.680084
710.310425 190.248291
-1.000000 -1.000000
-1.000000 -1.000000
-1.000000 -1.000000
-1.000000 -1.000000
-1.000000 -1.000000
-1.000000 -1.000000
-1.000000 -1.000000
-1.000000 -1.000000
532.525574 360.294525
431.746216 275.543793
-1.000000 -1.000000
-1.000000 -1.000000
-1.000000 -1.000000
-1.000000 -1.000000
-1.000000 -1.000000
-1.000000 -1.000000
-1.000000 -1.000000
406.201447 268.819458
-1.000000 -1.000000
977.147827 240.167389
-1.000000 -1.000000
-1.000000 -1.000000
-1.000000 -1.000000
-1.000000 -1.000000
720.384705 428.024689
-1.000000 -1.000000
-1.000000 -1.000000
429.642731 499.832520
-1.000000 -1.000000
-1.000000 -1.000000
842.391663 384.020111
-1.000000 -1.000000
-1.000000 -1.000000
-1.000000 -1.000000
531.143677 340.352783
676.623535 412.905975
-1.000000 -1.000000
-1.000000 -1.000000
-1.000000 -1.000000
-1.000000 -1.000000
-1.000000 -1.000000
352.160004 174.034531
-1.000000 -1.000000
-1.000000 -1.000000
378.721344 303.915466
-1.000000 -1.000000
-1.000000 -1.000000
649.046570 163.204605
-1.000000 -1.000000
-1.000000 -1.000000
-1.000000 -1.000000
708.294312 417.243896
-1.000000 -1.000000
-1.000000 -1.000000
-1.000000 -1.000000
-1.000000 -1.000000
-1.000000 -1.000000
-1.000000 -1.000000
788.568542 266.141541
-1.000000 -1.000000
-1.000000 -1.000000
-1.000000 -1.000000
577.555420 164.667450
-1.000000 -1.000000
709.579102 430.612518
-1.000000 -1.000000
-1.000000 -1.000000
-1.000000 -1.000000
-1.000000 -1.000000
-1.000000 -1.000000
-1.000000 -1.000000
-1.000000 -1.000000
800.909851 410.708740
-1.000000 -1.000000
-1.000000 -1.000000
-1.000000 -1.000000
-1.000000 -1.000000
-1.000000 -1.000000
-1.000000 -1.000000
-1.000000 -1.000000
-1.000000 -1.000000
-1.000000 -1.000000
-1.000000 -1.000000
-1.000000 -1.000000
347.487488 240.968735
673.122864 463.561127
965.862366 253.132385
1018.556458 274.764069
-1.000000 -1.000000
224.153275 437.226776
-1.000000 -1.000000
-1.000000 -1.000000
-1.000000 -1.000000
420.895966 271.425568
-1.000000 -1.000000
-1.000000 -1.000000
-1.000000 -1.000000
402.046875 487.435364
834.326782 399.436676
165.272339 509.132751
-1.000000 -1.000000
-1.000000 -1.000000
109.185631 416.601349
-1.000000 -1.000000
-1.000000 -1.000000
-1.000000 -1.000000
112.702988 422.932434
-1.000000 -1.000000
-1.000000 -1.000000
-1.000000 -1.000000
-1.000000 -1.000000
440.527344 502.306305
-1.000000 -1.000000
-1.000000 -1.000000
-1.000000 -1.000000
-1.000000 -1.000000
668.516113 469.364746
356.364471 234.796524
-1.000000 -1.000000
-1.000000 -1.000000
-1.000000 -1.000000
-1.000000 -1.000000
-1.000000 -1.000000
-1.000000 -1.000000
-1.000000 -1.000000
-1.000000 -1.000000
-1.000000 -1.000000
-1.000000 -1.000000
-1.000000 -1.000000
-1.000000 -1.000000
-1.000000 -1.000000
-1.000000 -1.000000
358.754883 183.175293
-1.000000 -1.000000
159.672897 504.190460
353.940826 261.435089
-1.000000 -1.000000
757.524597 209.661865
-1.000000 -1.000000
-1.000000 -1.000000
401.372192 265.910889
-1.000000 -1.000000
-1.000000 -1.000000
-1.000000 -1.000000
573.038818 106.152443
434.717529 248.373947
775.420227 145.865738
-1.000000 -1.000000
349.411133 152.364899
-1.000000 -1.000000
-1.000000 -1.000000
-1.000000 -1.000000
-1.000000 -1.000000
-1.000000 -1.000000
-1.000000 -1.000000
-1.000000 -1.000000
681.711060 465.593048
263.390656 260.308746
364.463684 175.277451
-1.000000 -1.000000
-1.000000 -1.000000
134.884018 484.764679
-1.000000 -1.000000
-1.000000 -1.000000
-1.000000 -1.000000
-1.000000 -1.000000
-1.000000 -1.000000
-1.000000 -1.000000
-1.000000 -1.000000
-1.000000 -1.000000
-1.000000 -1.000000
-1.000000 -1.000000
-1.000000 -1.000000
-1.000000 -1.000000
-1.000000 -1.000000
-1.000000 -1.000000
1049.364014 252.109680
562.642090 500.004486
-1.000000 -1.000000
-1.000000 -1.000000
768.429382 176.850967
-1.000000 -1.000000
-1.000000 -1.000000
-1.000000 -1.000000
355.879822 219.497208
-1.000000 -1.000000
964.786133 251.068588
-1.000000 -1.000000
-1.000000 -1.000000
398.846527 283.058716
-1.000000 -1.000000
-1.000000 -1.000000
-1.000000 -1.000000
-1.000000 -1.000000
-1.000000 -1.000000
791.033020 248.578934
675.261475 451.836975
-1.000000 -1.000000
-1.000000 -1.000000
-1.000000 -1.000000
-1.000000 -1.000000
-1.000000 -1.000000
404.648438 254.068024
521.537048 40.601402
-1.000000 -1.000000
-1.000000 -1.000000
-1.000000 -1.000000
412.038300 266.409271
-1.000000 -1.000000
517.886230 357.095459
-1.000000 -1.000000
405.348724 500.630524
-1.000000 -1.000000
-1.000000 -1.000000
-1.000000 -1.000000
-1.000000 -1.000000
-1.000000 -1.000000
-1.000000 -1.000000
-1.000000 -1.000000
-1.000000 -1.000000
-1.000000 -1.000000
-1.000000 -1.000000
-1.000000 -1.000000
-1.000000 -1.000000
-1.000000 -1.000000
-1.000000 -1.000000
-1.000000 -1.000000
-1.000000 -1.000000
689.245178 455.133636
-1.000000 -1.000000
-1.000000 -1.000000
-1.000000 -1.000000
697.194763 424.395538
712.704712 425.767487
-1.000000 -1.000000
-1.000000 -1.000000
-1.000000 -1.000000
672.214478 470.059418
-1.000000 -1.000000
-1.000000 -1.000000
-1.000000 -1.000000
774.379089 191.027084
-1.000000 -1.000000
-1.000000 -1.000000
771.880920 272.067841
-1.000000 -1.000000
214.825699 194.774719
359.762726 137.344101
-1.000000 -1.000000
-1.000000 -1.000000
-1.000000 -1.000000
542.367920 500.711670
-1.000000 -1.000000
513.853821 369.610352
414.981232 512.111084
-1.000000 -1.000000
-1.000000 -1.000000
-1.000000 -1.000000
-1.000000 -1.000000
818.394287 411.941162
-1.000000 -1.000000
-1.000000 -1.000000
943.314880 251.132187
-1.000000 -1.000000
102.573547 496.471649
-1.000000 -1.000000
-1.000000 -1.000000
-1.000000 -1.000000
-1.000000 -1.000000
591.385742 514.405029
-1.000000 -1.000000
519.477051 496.565338
-1.000000 -1.000000
-1.000000 -1.000000
-1.000000 -1.000000
-1.000000 -1.000000
-1.000000 -1.000000
373.997620 189.418655
357.244934 221.612686
-1.000000 -1.000000
614.947266 514.978638
-1.000000 -1.000000
-1.000000 -1.000000
678.312988 479.910217
-1.000000 -1.000000
-1.000000 -1.000000
-1.000000 -1.000000
-1.000000 -1.000000
105.257172 412.461945
-1.000000 -1.000000
124.055779 484.178741
-1.000000 -1.000000
-1.000000 -1.000000
363.254211 152.770004
-1.000000 -1.000000
-1.000000 -1.000000
-1.000000 -1.000000
-1.000000 -1.000000
357.221161 237.961166
-1.000000 -1.000000
-1.000000 -1.000000
523.369202 378.416016
-1.000000 -1.000000
-1.000000 -1.000000
-1.000000 -1.000000
-1.000000 -1.000000
-1.000000 -1.000000
778.049255 117.848740
-1.000000 -1.000000
-1.000000 -1.000000
-1.000000 -1.000000
-1.000000 -1.000000
-1.000000 -1.000000
576.706360 148.472488
-1.000000 -1.000000
-1.000000 -1.000000
-1.000000 -1.000000
-1.000000 -1.000000
-1.000000 -1.000000
-1.000000 -1.000000
-1.000000 -1.000000
-1.000000 -1.000000
-1.000000 -1.000000
780.791077 103.680717
449.165558 485.435577
429.308167 514.888916
-1.000000 -1.000000
-1.000000 -1.000000
-1.000000 -1.000000
-1.000000 -1.000000
-1.000000 -1.000000
978.415466 233.323013
-1.000000 -1.000000
-1.000000 -1.000000
-1.000000 -1.000000
-1.000000 -1.000000
-1.000000 -1.000000
766.330688 227.067215
-1.000000 -1.000000
-1.000000 -1.000000
-1.000000 -1.000000
-1.000000 -1.000000
1007.626953 277.429382
-1.000000 -1.000000
-1.000000 -1.000000
-1.000000 -1.000000
-1.000000 -1.000000
261.080139 253.259048
-1.000000 -1.000000
-1.000000 -1.000000
880.997314 368.322479
-1.000000 -1.000000
113.283821 420.664459
-1.000000 -1.000000
-1.000000 -1.000000
442.538452 516.711060
-1.000000 -1.000000
-1.000000 -1.000000
-1.000000 -1.000000
-1.000000 -1.000000
-1.000000 -1.000000
-1.000000 -1.000000
256.215210 394.001526
378.973816 174.080353
-1.000000 -1.000000
-1.000000 -1.000000
-1.000000 -1.000000
-1.000000 -1.000000
-1.000000 -1.000000
-1.000000 -1.000000
-1.000000 -1.000000
-1.000000 -1.000000
-1.000000 -1.000000
715.854614 418.769653
-1.000000 -1.000000
-1.000000 -1.000000
-1.000000 -1.000000
-1.000000 -1.000000
-1.000000 -1.000000
499.228973 487.393005
-1.000000 -1.000000
-1.000000 -1.000000
