-1.000000 -1.000000
-1.000000 -1.000000
-1.000000 -1.000000
-1.000000 -1.000000
-1.000000 -1.000000
-1.000000 -1.000000
-1.000000 -1.000000
-1.000000 -1.000000
-1.000000 -1.000000
-1.000000 -1.000000
-1.000000 -1.000000
-1.000000 -1.000000
-1.000000 -1.000000
-1.000000 -1.000000
-1.000000 -1.000000
-1.000000 -1.000000
-1.000000 -1.000000
-1.000000 -1.000000
-1.000000 -1.000000
1207.703247 197.960022
-1.000000 -1.000000
-1.000000 -1.000000
1220.227173 152.688034
-1.000000 -1.000000
-1.000000 -1.000000
-1.000000 -1.000000
-1.000000 -1.000000
-1.000000 -1.000000
-1.000000 -1.000000
-1.000000 -1.000000
-1.000000 -1.000000
-1.000000 -1.000000
753.758484 358.721527
897.302612 63.796444
-1.000000 -1.000000
418.743896 202.147888
-1.000000 -1.000000
713.666687 440.184998
-1.000000 -1.000000
-1.000000 -1.000000
-1.000000 -1.000000
-1.000000 -1.000000
541.452332 241.605255
-1.000000 -1.000000
-1.000000 -1.000000
-1.000000 -1.000000
1189.930664 182.301620
-1.000000 -1.000000
-1.000000 -1.000000
-1.000000 -1.000000
-1.000000 -1.000000
1042.207031 194.910324
-1.000000 -1.000000
922.319153 220.084274
1204.964233 182.260895
-1.000000 -1.000000
-1.000000 -1.000000
-1.000000 -1.000000
415.961456 187.634979
697.252808 439.930023
1224.240479 193.829544
-1.000000 -1.000000
-1.000000 -1.000000
-1.000000 -1.000000
-1.000000 -1.000000
-1.000000 -1.000000
-1.000000 -1.000000
-1.000000 -1.000000
879.454773 435.217712
-1.000000 -1.000000
-1.000000 -1.000000
417.067047 214.306076
696.741150 418.127716
-1.000000 -1.000000
-1.000000 -1.000000
-1.000000 -1.000000
-1.000000 -1.000000
-1.000000 -1.000000
-1.000000 -1.000000
-1.000000 -1.000000
-1.000000 -1.000000
1050.137573 42.356426
871.037476 466.647888
-1.000000 -1.000000
-1.000000 -1.000000
-1.000000 -1.000000
-1.000000 -1.000000
-1.000000 -1.000000
-1.000000 -1.000000
-1.000000 -1.000000
1085.608765 195.098343
753.413635 342.557098
-1.000000 -1.000000
-1.000000 -1.000000
-1.000000 -1.000000
-1.000000 -1.000000
-1.000000 -1.000000
-1.000000 -1.000000
-1.000000 -1.000000
743.372742 443.935394
539.000488 41.034527
-1.000000 -1.000000
-1.000000 -1.000000
-1.000000 -1.000000
-1.000000 -1.000000
539.172485 256.493439
890.608276 435.014618
-1.000000 -1.000000
-1.000000 -1.000000
-1.000000 -1.000000
-1.000000 -1.000000
-1.000000 -1.000000
730.740417 438.480591
-1.000000 -1.000000
-1.000000 -1.000000
-1.000000 -1.000000
-1.000000 -1.000000
-1.000000 -1.000000
-1.000000 -1.000000
1221.705322 499.961914
-1.000000 -1.000000
-1.000000 -1.000000
910.992554 230.611862
-1.000000 -1.000000
-1.000000 -1.000000
-1.000000 -1.000000
777.068848 446.760040
-1.000000 -1.000000
-1.000000 -1.000000
526.929443 241.830597
-1.000000 -1.000000
899.460449 416.571838
-1.000000 -1.000000
-1.000000 -1.000000
-1.000000 -1.000000
-1.000000 -1.000000
-1.000000 -1.000000
1038.660645 209.946793
730.640320 422.157379
746.370117 429.444977
752.941284 448.504333
-1.000000 -1.000000
-1.000000 -1.000000
-1.000000 -1.000000
1063.036743 445.325897
-1.000000 -1.000000
568.704895 262.301605
-1.000000 -1.000000
-1.000000 -1.000000
-1.000000 -1.000000
-1.000000 -1.000000
499.437286 180.303665
-1.000000 -1.000000
-1.000000 -1.000000
-1.000000 -1.000000
-1.000000 -1.000000
-1.000000 -1.000000
-1.000000 -1.000000
-1.000000 -1.000000
881.060364 473.492706
-1.000000 -1.000000
913.524048 214.586288
-1.000000 -1.000000
1065.017822 471.184143
-1.000000 -1.000000
-1.000000 -1.000000
-1.000000 -1.000000
-1.000000 -1.000000
912.910706 418.025452
385.848175 203.877731
709.355835 338.966888
930.311951 224.719879
706.869995 353.856812
841.645691 457.368683
-1.000000 -1.000000
-1.000000 -1.000000
873.965271 451.819489
-1.000000 -1.000000
-1.000000 -1.000000
-1.000000 -1.000000
-1.000000 -1.000000
698.412964 398.983490
-1.000000 -1.000000
571.628357 248.190277
-1.000000 -1.000000
1130.849243 221.148941
-1.000000 -1.000000
361.559631 468.397400
-1.000000 -1.000000
-1.000000 -1.000000
-1.000000 -1.000000
-1.000000 -1.000000
-1.000000 -1.000000
524.461975 256.767426
406.884735 205.435028
711.679749 457.047638
899.538757 439.469452
-1.000000 -1.000000
-1.000000 -1.000000
360.332397 483.778198
886.959839 450.079529
-1.000000 -1.000000
497.375397 196.496017
-1.000000 -1.000000
951.913025 41.915115
-1.000000 -1.000000
378.738281 173.219620
380.006165 467.316925
-1.000000 -1.000000
-1.000000 -1.000000
-1.000000 -1.000000
-1.000000 -1.000000
1028.690674 192.660477
-1.000000 -1.000000
-1.000000 -1.000000
-1.000000 -1.000000
1057.420288 481.669495
-1.000000 -1.000000
747.363647 409.794495
-1.000000 -1.000000
-1.000000 -1.000000
1051.418945 450.517212
-1.000000 -1.000000
346.110199 465.537689
-1.000000 -1.000000
-1.000000 -1.000000
-1.000000 -1.000000
-1.000000 -1.000000
-1.000000 -1.000000
378.714722 482.723602
-1.000000 -1.000000
-1.000000 -1.000000
764.263733 457.173645
-1.000000 -1.000000
912.561707 63.730385
-1.000000 -1.000000
-1.000000 -1.000000
-1.000000 -1.000000
-1.000000 -1.000000
-1.000000 -1.000000
-1.000000 -1.000000
1212.200439 516.140076
-1.000000 -1.000000
728.832336 454.619934
-1.000000 -1.000000
-1.000000 -1.000000
-1.000000 -1.000000
-1.000000 -1.000000
-1.000000 -1.000000
513.580933 180.014496
344.141632 481.505951
742.436035 462.201569
-1.000000 -1.000000
-1.000000 -1.000000
730.526550 402.591827
-1.000000 -1.000000
-1.000000 -1.000000
603.026306 411.880676
-1.000000 -1.000000
1127.046875 190.677856
-1.000000 -1.000000
-1.000000 -1.000000
1052.807983 210.219284
-1.000000 -1.000000
920.473572 234.493027
-1.000000 -1.000000
-1.000000 -1.000000
694.450989 456.668732
-1.000000 -1.000000
-1.000000 -1.000000
-1.000000 -1.000000
496.685394 164.023605
-1.000000 -1.000000
-1.000000 -1.000000
-1.000000 -1.000000
-1.000000 -1.000000
1224.133911 208.672699
-1.000000 -1.000000
-1.000000 -1.000000
-1.000000 -1.000000
1113.052490 231.203415
762.728760 434.838348
-1.000000 -1.000000
-1.000000 -1.000000
-1.000000 -1.000000
905.347656 108.652893
1112.806030 194.057632
717.610229 332.567841
-1.000000 -1.000000
830.329895 422.217590
-1.000000 -1.000000
-1.000000 -1.000000
-1.000000 -1.000000
1220.173706 178.399704
-1.000000 -1.000000
-1.000000 -1.000000
-1.000000 -1.000000
-1.000000 -1.000000
-1.000000 -1.000000
-1.000000 -1.000000
357.438446 499.250244
-1.000000 -1.000000
368.654510 163.410156
-1.000000 -1.000000
-1.000000 -1.000000
386.866913 167.593170
-1.000000 -1.000000
-1.000000 -1.000000
-1.000000 -1.000000
-1.000000 -1.000000
-1.000000 -1.000000
-1.000000 -1.000000
-1.000000 -1.000000
-1.000000 -1.000000
511.328979 196.420425
909.123413 80.595047
-1.000000 -1.000000
878.005371 488.079712
341.768127 497.152954
-1.000000 -1.000000
-1.000000 -1.000000
-1.000000 -1.000000
-1.000000 -1.000000
-1.000000 -1.000000
-1.000000 -1.000000
-1.000000 -1.000000
-1.000000 -1.000000
-1.000000 -1.000000
790.735413 458.045563
746.004211 140.255524
-1.000000 -1.000000
-1.000000 -1.000000
-1.000000 -1.000000
-1.000000 -1.000000
1032.204956 224.862381
374.930420 497.989716
410.562927 172.850937
-1.000000 -1.000000
-1.000000 -1.000000
-1.000000 -1.000000
-1.000000 -1.000000
758.687134 329.948395
-1.000000 -1.000000
-1.000000 -1.000000
-1.000000 -1.000000
755.860107 472.502838
-1.000000 -1.000000
-1.000000 -1.000000
-1.000000 -1.000000
358.369415 221.678299
842.402344 426.563965
-1.000000 -1.000000
1022.720886 207.157913
928.159912 208.356613
-1.000000 -1.000000
-1.000000 -1.000000
-1.000000 -1.000000
791.583130 376.849915
386.180786 195.167023
925.442078 424.875031
-1.000000 -1.000000
-1.000000 -1.000000
-1.000000 -1.000000
-1.000000 -1.000000
-1.000000 -1.000000
377.890350 171.226730
-1.000000 -1.000000
-1.000000 -1.000000
-1.000000 -1.000000
-1.000000 -1.000000
-1.000000 -1.000000
829.017700 128.216995
-1.000000 -1.000000
-1.000000 -1.000000
903.258362 228.791626
-1.000000 -1.000000
-1.000000 -1.000000
-1.000000 -1.000000
-1.000000 -1.000000
-1.000000 -1.000000
-1.000000 -1.000000
-1.000000 -1.000000
-1.000000 -1.000000
528.298157 179.713730
510.768829 164.290710
-1.000000 -1.000000
-1.000000 -1.000000
-1.000000 -1.000000
960.246460 405.062653
-1.000000 -1.000000
420.758087 380.013092
-1.000000 -1.000000
-1.000000 -1.000000
405.787933 378.729431
903.519897 154.409500
-1.000000 -1.000000
-1.000000 -1.000000
421.726288 365.117126
-1.000000 -1.000000
-1.000000 -1.000000
-1.000000 -1.000000
730.050476 139.790451
-1.000000 -1.000000
-1.000000 -1.000000
-1.000000 -1.000000
-1.000000 -1.000000
-1.000000 -1.000000
-1.000000 -1.000000
-1.000000 -1.000000
-1.000000 -1.000000
461.858459 374.695740
991.323242 40.104866
-1.000000 -1.000000
405.763733 393.638214
773.685547 471.367035
-1.000000 -1.000000
476.902557 374.821381
-1.000000 -1.000000
446.881958 375.439331
975.308716 40.493855
1124.236816 207.993179
584.302979 248.571106
453.862305 359.701538
-1.000000 -1.000000
512.069702 236.632370
422.758789 394.830048
-1.000000 -1.000000
468.900391 359.963928
-1.000000 -1.000000
-1.000000 -1.000000
679.595276 435.559784
-1.000000 -1.000000
582.061340 262.025146
-1.000000 -1.000000
-1.000000 -1.000000
-1.000000 -1.000000
363.943085 166.326126
-1.000000 -1.000000
526.052124 195.303238
461.938812 389.617645
577.614624 462.046326
897.742920 124.909958
-1.000000 -1.000000
-1.000000 -1.000000
897.234985 452.492371
-1.000000 -1.000000
-1.000000 -1.000000
-1.000000 -1.000000
-1.000000 -1.000000
-1.000000 -1.000000
-1.000000 -1.000000
868.471619 481.230072
-1.000000 -1.000000
387.265900 210.080261
-1.000000 -1.000000
447.001160 390.350739
-1.000000 -1.000000
-1.000000 -1.000000
-1.000000 -1.000000
476.924255 389.735870
-1.000000 -1.000000
-1.000000 -1.000000
-1.000000 -1.000000
810.632812 109.721619
-1.000000 -1.000000
714.334229 183.633957
-1.000000 -1.000000
-1.000000 -1.000000
-1.000000 -1.000000
-1.000000 -1.000000
-1.000000 -1.000000
-1.000000 -1.000000
710.673889 318.957794
-1.000000 -1.000000
-1.000000 -1.000000
-1.000000 -1.000000
890.495972 232.817810
-1.000000 -1.000000
369.163055 453.507355
-1.000000 -1.000000
-1.000000 -1.000000
-1.000000 -1.000000
1112.154053 209.582443
-1.000000 -1.000000
550.048828 222.434570
-1.000000 -1.000000
-1.000000 -1.000000
-1.000000 -1.000000
-1.000000 -1.000000
438.803101 360.368469
-1.000000 -1.000000
-1.000000 -1.000000
-1.000000 -1.000000
-1.000000 -1.000000
-1.000000 -1.000000
-1.000000 -1.000000
-1.000000 -1.000000
-1.000000 -1.000000
-1.000000 -1.000000
788.830017 329.671448
360.310211 154.375610
-1.000000 -1.000000
-1.000000 -1.000000
-1.000000 -1.000000
-1.000000 -1.000000
-1.000000 -1.000000
1049.273682 471.079803
810.558105 125.146851
-1.000000 -1.000000
-1.000000 -1.000000
-1.000000 -1.000000
792.872925 109.433090
530.246033 211.349472
-1.000000 -1.000000
-1.000000 -1.000000
823.733215 143.305649
-1.000000 -1.000000
-1.000000 -1.000000
-1.000000 -1.000000
678.172913 450.996246
715.338684 641.254456
1080.569824 516.845886
-1.000000 -1.000000
-1.000000 -1.000000
384.603485 186.824585
509.681366 253.046631
-1.000000 -1.000000
-1.000000 -1.000000
-1.000000 -1.000000
-1.000000 -1.000000
695.390686 333.164429
-1.000000 -1.000000
-1.000000 -1.000000
536.931885 271.488586
-1.000000 -1.000000
755.852478 156.163879
-1.000000 -1.000000
1109.541016 433.947937
-1.000000 -1.000000
-1.000000 -1.000000
-1.000000 -1.000000
-1.000000 -1.000000
1058.643799 360.043182
-1.000000 -1.000000
-1.000000 -1.000000
390.649048 379.727966
-1.000000 -1.000000
712.810242 271.870483
-1.000000 -1.000000
-1.000000 -1.000000
852.437378 443.610138
-1.000000 -1.000000
-1.000000 -1.000000
-1.000000 -1.000000
725.815247 318.972961
-1.000000 -1.000000
-1.000000 -1.000000
-1.000000 -1.000000
1051.575317 376.435547
806.639832 140.350418
-1.000000 -1.000000
-1.000000 -1.000000
-1.000000 -1.000000
-1.000000 -1.000000
907.585632 200.844498
-1.000000 -1.000000
715.378174 627.845703
-1.000000 -1.000000
-1.000000 -1.000000
367.747284 160.233047
1036.053955 376.365692
-1.000000 -1.000000
-1.000000 -1.000000
395.286530 452.456940
-1.000000 -1.000000
-1.000000 -1.000000
-1.000000 -1.000000
-1.000000 -1.000000
1043.513428 360.914581
-1.000000 -1.000000
-1.000000 -1.000000
-1.000000 -1.000000
-1.000000 -1.000000
-1.000000 -1.000000
359.998016 175.645721
937.079712 230.375549
677.814270 420.968506
-1.000000 -1.000000
-1.000000 -1.000000
731.539062 211.948074
-1.000000 -1.000000
825.123779 401.347168
-1.000000 -1.000000
716.531128 285.851410
525.562500 165.445511
-1.000000 -1.000000
522.284363 271.739197
-1.000000 -1.000000
-1.000000 -1.000000
-1.000000 -1.000000
-1.000000 -1.000000
-1.000000 -1.000000
-1.000000 -1.000000
387.465820 205.557159
1047.992432 395.420105
-1.000000 -1.000000
-1.000000 -1.000000
-1.000000 -1.000000
-1.000000 -1.000000
-1.000000 -1.000000
-1.000000 -1.000000
1207.796143 245.423553
-1.000000 -1.000000
1028.900635 395.567017
-1.000000 -1.000000
-1.000000 -1.000000
1048.958008 225.277893
853.851501 153.016541
-1.000000 -1.000000
-1.000000 -1.000000
379.185791 170.841797
-1.000000 -1.000000
724.326721 639.987000
-1.000000 -1.000000
-1.000000 -1.000000
-1.000000 -1.000000
692.724609 320.483612
599.715271 235.597824
-1.000000 -1.000000
-1.000000 -1.000000
-1.000000 -1.000000
-1.000000 -1.000000
-1.000000 -1.000000
-1.000000 -1.000000
-1.000000 -1.000000
565.980835 241.802689
-1.000000 -1.000000
1130.164917 210.680603
-1.000000 -1.000000
-1.000000 -1.000000
-1.000000 -1.000000
-1.000000 -1.000000
879.612793 406.308899
-1.000000 -1.000000
-1.000000 -1.000000
591.603210 467.012756
-1.000000 -1.000000
-1.000000 -1.000000
1028.241089 360.866608
-1.000000 -1.000000
-1.000000 -1.000000
-1.000000 -1.000000
693.141785 299.099030
835.289490 384.799988
-1.000000 -1.000000
-1.000000 -1.000000
-1.000000 -1.000000
-1.000000 -1.000000
715.011414 653.222534
491.395111 131.539169
-1.000000 -1.000000
-1.000000 -1.000000
507.372772 268.027985
-1.000000 -1.000000
-1.000000 -1.000000
794.173218 124.389687
-1.000000 -1.000000
-1.000000 -1.000000
-1.000000 -1.000000
865.865845 390.367767
-1.000000 -1.000000
-1.000000 -1.000000
-1.000000 -1.000000
-1.000000 -1.000000
-1.000000 -1.000000
-1.000000 -1.000000
931.852478 232.364044
-1.000000 -1.000000
-1.000000 -1.000000
-1.000000 -1.000000
719.362915 125.529236
-1.000000 -1.000000
871.323059 408.065582
-1.000000 -1.000000
-1.000000 -1.000000
-1.000000 -1.000000
-1.000000 -1.000000
-1.000000 -1.000000
-1.000000 -1.000000
-1.000000 -1.000000
976.071289 386.175507
-1.000000 -1.000000
-1.000000 -1.000000
-1.000000 -1.000000
-1.000000 -1.000000
-1.000000 -1.000000
-1.000000 -1.000000
-1.000000 -1.000000
723.979004 626.678711
-1.000000 -1.000000
-1.000000 -1.000000
-1.000000 -1.000000
407.557678 211.111084
860.543762 429.860443
1119.214478 223.675552
1188.208374 246.903091
-1.000000 -1.000000
390.624054 394.656769
-1.000000 -1.000000
-1.000000 -1.000000
-1.000000 -1.000000
587.544861 234.005981
-1.000000 -1.000000
-1.000000 -1.000000
-1.000000 -1.000000
561.315735 450.359985
1020.580933 376.112762
334.309326 463.017090
-1.000000 -1.000000
-1.000000 -1.000000
258.150787 362.333588
-1.000000 -1.000000
-1.000000 -1.000000
-1.000000 -1.000000
260.263153 368.178070
-1.000000 -1.000000
-1.000000 -1.000000
-1.000000 -1.000000
-1.000000 -1.000000
604.516968 468.976746
-1.000000 -1.000000
-1.000000 -1.000000
-1.000000 -1.000000
-1.000000 -1.000000
855.711121 440.788849
456.980621 198.960617
-1.000000 -1.000000
-1.000000 -1.000000
-1.000000 -1.000000
-1.000000 -1.000000
-1.000000 -1.000000
357.767761 155.682938
-1.000000 -1.000000
-1.000000 -1.000000
-1.000000 -1.000000
-1.000000 -1.000000
-1.000000 -1.000000
-1.000000 -1.000000
-1.000000 -1.000000
-1.000000 -1.000000
497.490814 144.594482
-1.000000 -1.000000
327.582855 457.577393
456.783173 213.223511
-1.000000 -1.000000
901.064026 173.859116
-1.000000 -1.000000
-1.000000 -1.000000
553.118347 241.458954
-1.000000 -1.000000
-1.000000 -1.000000
-1.000000 -1.000000
715.892273 64.258293
603.073914 207.708618
920.740051 107.359528
665.960083 221.210815
489.377441 110.049255
-1.000000 -1.000000
-1.000000 -1.000000
-1.000000 -1.000000
-1.000000 -1.000000
-1.000000 -1.000000
705.828430 640.601868
-1.000000 -1.000000
871.809753 445.022919
388.687439 222.411942
503.495483 133.326248
-1.000000 -1.000000
-1.000000 -1.000000
304.177948 437.920929
-1.000000 -1.000000
-1.000000 -1.000000
-1.000000 -1.000000
-1.000000 -1.000000
-1.000000 -1.000000
-1.000000 -1.000000
-1.000000 -1.000000
-1.000000 -1.000000
-1.000000 -1.000000
-1.000000 -1.000000
705.372498 653.180969
-1.000000 -1.000000
-1.000000 -1.000000
-1.000000 -1.000000
1222.247314 223.439407
722.932129 471.628784
-1.000000 -1.000000
-1.000000 -1.000000
912.957031 139.261002
-1.000000 -1.000000
-1.000000 -1.000000
-1.000000 -1.000000
455.687195 183.979416
-1.000000 -1.000000
1117.925903 221.570801
-1.000000 -1.000000
-1.000000 -1.000000
551.299744 256.533051
-1.000000 -1.000000
696.199463 265.254730
-1.000000 -1.000000
-1.000000 -1.000000
-1.000000 -1.000000
934.547913 214.900574
857.531189 417.032471
-1.000000 -1.000000
-1.000000 -1.000000
-1.000000 -1.000000
-1.000000 -1.000000
-1.000000 -1.000000
560.248962 231.817886
659.377441 40.853752
-1.000000 -1.000000
-1.000000 -1.000000
724.381348 652.418030
574.530518 234.242996
-1.000000 -1.000000
680.029602 318.800751
-1.000000 -1.000000
565.917114 465.881897
-1.000000 -1.000000
-1.000000 -1.000000
-1.000000 -1.000000
-1.000000 -1.000000
-1.000000 -1.000000
-1.000000 -1.000000
674.784302 41.080906
699.075928 637.224609
-1.000000 -1.000000
374.598999 166.925110
-1.000000 -1.000000
-1.000000 -1.000000
-1.000000 -1.000000
-1.000000 -1.000000
-1.000000 -1.000000
-1.000000 -1.000000
876.860779 425.973053
-1.000000 -1.000000
-1.000000 -1.000000
-1.000000 -1.000000
853.912048 398.957520
873.136963 402.386993
-1.000000 -1.000000
-1.000000 -1.000000
698.816345 651.695618
862.138062 447.285065
-1.000000 -1.000000
-1.000000 -1.000000
-1.000000 -1.000000
918.598999 154.864517
706.112183 627.170898
-1.000000 -1.000000
914.257141 237.882721
-1.000000 -1.000000
360.093231 153.446457
500.005127 95.797462
-1.000000 -1.000000
-1.000000 -1.000000
-1.000000 -1.000000
701.268433 471.928436
-1.000000 -1.000000
677.375732 333.453918
576.605225 477.612915
-1.000000 -1.000000
-1.000000 -1.000000
-1.000000 -1.000000
-1.000000 -1.000000
993.905762 388.432709
-1.000000 -1.000000
-1.000000 -1.000000
1101.661865 222.942108
-1.000000 -1.000000
271.269989 449.050934
-1.000000 -1.000000
-1.000000 -1.000000
-1.000000 -1.000000
-1.000000 -1.000000
756.253479 486.096985
-1.000000 -1.000000
679.388794 466.525604
-1.000000 -1.000000
355.087158 164.171097
-1.000000 -1.000000
-1.000000 -1.000000
-1.000000 -1.000000
512.041321 145.314529
471.907837 183.538483
-1.000000 -1.000000
779.855591 486.260010
-1.000000 -1.000000
-1.000000 -1.000000
869.085266 461.886719
-1.000000 -1.000000
-1.000000 -1.000000
-1.000000 -1.000000
-1.000000 -1.000000
257.943176 354.557617
-1.000000 -1.000000
293.198669 437.191040
-1.000000 -1.000000
-1.000000 -1.000000
503.007935 111.967964
-1.000000 -1.000000
-1.000000 -1.000000
-1.000000 -1.000000
-1.000000 -1.000000
472.424622 199.444336
-1.000000 -1.000000
-1.000000 -1.000000
686.498352 341.302460
-1.000000 -1.000000
-1.000000 -1.000000
-1.000000 -1.000000
-1.000000 -1.000000
-1.000000 -1.000000
924.225403 79.347229
-1.000000 -1.000000
-1.000000 -1.000000
-1.000000 -1.000000
-1.000000 -1.000000
684.342834 275.665741
719.183838 106.682663
-1.000000 -1.000000
-1.000000 -1.000000
-1.000000 -1.000000
698.452026 622.851257
-1.000000 -1.000000
-1.000000 -1.000000
-1.000000 -1.000000
-1.000000 -1.000000
-1.000000 -1.000000
927.494568 63.689720
612.281128 450.197510
592.261963 481.338257
-1.000000 -1.000000
-1.000000 -1.000000
-1.000000 -1.000000
-1.000000 -1.000000
-1.000000 -1.000000
1131.344482 203.738373
737.541992 645.382446
-1.000000 -1.000000
-1.000000 -1.000000
-1.000000 -1.000000
-1.000000 -1.000000
909.440735 192.560196
-1.000000 -1.000000
-1.000000 -1.000000
-1.000000 -1.000000
-1.000000 -1.000000
1172.553589 249.121735
-1.000000 -1.000000
-1.000000 -1.000000
-1.000000 -1.000000
-1.000000 -1.000000
388.273468 210.830414
-1.000000 -1.000000
-1.000000 -1.000000
1066.669189 349.270630
-1.000000 -1.000000
264.254150 361.552795
-1.000000 -1.000000
-1.000000 -1.000000
607.165161 483.357819
-1.000000 -1.000000
-1.000000 -1.000000
-1.000000 -1.000000
-1.000000 -1.000000
-1.000000 -1.000000
-1.000000 -1.000000
422.618713 351.014069
518.039734 133.959961
-1.000000 -1.000000
-1.000000 -1.000000
-1.000000 -1.000000
-1.000000 -1.000000
-1.000000 -1.000000
-1.000000 -1.000000
-1.000000 -1.000000
-1.000000 -1.000000
252.546341 318.909210
875.322510 392.833710
-1.000000 -1.000000
-1.000000 -1.000000
-1.000000 -1.000000
713.877747 659.239624
-1.000000 -1.000000
660.170776 455.204956
-1.000000 -1.000000
-1.000000 -1.000000
