-1.000000 -1.000000
-1.000000 -1.000000
-1.000000 -1.000000
-1.000000 -1.000000
-1.000000 -1.000000
-1.000000 -1.000000
-1.000000 -1.000000
-1.000000 -1.000000
-1.000000 -1.000000
-1.000000 -1.000000
-1.000000 -1.000000
-1.000000 -1.000000
-1.000000 -1.000000
-1.000000 -1.000000
-1.000000 -1.000000
-1.000000 -1.000000
-1.000000 -1.000000
-1.000000 -1.000000
-1.000000 -1.000000
955.520142 223.877594
-1.000000 -1.000000
-1.000000 -1.000000
965.340332 183.314575
-1.000000 -1.000000
-1.000000 -1.000000
-1.000000 -1.000000
-1.000000 -1.000000
-1.000000 -1.000000
-1.000000 -1.000000
-1.000000 -1.000000
-1.000000 -1.000000
-1.000000 -1.000000
-1.000000 -1.000000
674.114746 100.668808
-1.000000 -1.000000
313.408478 228.745026
-1.000000 -1.000000
466.544525 463.621704
-1.000000 -1.000000
-1.000000 -1.000000
-1.000000 -1.000000
-1.000000 -1.000000
-1.000000 -1.000000
-1.000000 -1.000000
-1.000000 -1.000000
-1.000000 -1.000000
937.160095 209.433197
-1.000000 -1.000000
-1.000000 -1.000000
-1.000000 -1.000000
-1.000000 -1.000000
816.306580 221.027771
-1.000000 -1.000000
704.596008 248.220596
952.129395 208.643768
-1.000000 -1.000000
-1.000000 -1.000000
-1.000000 -1.000000
308.939484 219.133453
448.829865 463.880249
970.630920 219.261841
-1.000000 -1.000000
-1.000000 -1.000000
-1.000000 -1.000000
-1.000000 -1.000000
-1.000000 -1.000000
-1.000000 -1.000000
-1.000000 -1.000000
596.973511 451.573547
-1.000000 -1.000000
-1.000000 -1.000000
313.335236 242.348938
449.351501 441.623352
-1.000000 -1.000000
-1.000000 -1.000000
-1.000000 -1.000000
-1.000000 -1.000000
-1.000000 -1.000000
-1.000000 -1.000000
-1.000000 -1.000000
-1.000000 -1.000000
819.835999 72.879211
586.814026 475.471588
-1.000000 -1.000000
-1.000000 -1.000000
-1.000000 -1.000000
-1.000000 -1.000000
-1.000000 -1.000000
-1.000000 -1.000000
-1.000000 -1.000000
856.851685 221.998688
-1.000000 -1.000000
-1.000000 -1.000000
-1.000000 -1.000000
-1.000000 -1.000000
-1.000000 -1.000000
-1.000000 -1.000000
-1.000000 -1.000000
-1.000000 -1.000000
494.472870 465.465546
312.292755 41.088497
-1.000000 -1.000000
-1.000000 -1.000000
-1.000000 -1.000000
-1.000000 -1.000000
-1.000000 -1.000000
608.496826 448.358704
-1.000000 -1.000000
-1.000000 -1.000000
-1.000000 -1.000000
-1.000000 -1.000000
-1.000000 -1.000000
483.031769 460.807983
-1.000000 -1.000000
-1.000000 -1.000000
-1.000000 -1.000000
-1.000000 -1.000000
-1.000000 -1.000000
-1.000000 -1.000000
917.378906 493.006256
-1.000000 -1.000000
-1.000000 -1.000000
693.830566 258.948090
-1.000000 -1.000000
-1.000000 -1.000000
-1.000000 -1.000000
527.400391 468.719147
-1.000000 -1.000000
-1.000000 -1.000000
352.516876 239.923737
-1.000000 -1.000000
640.800903 432.443695
-1.000000 -1.000000
-1.000000 -1.000000
-1.000000 -1.000000
-1.000000 -1.000000
-1.000000 -1.000000
807.699219 242.276978
484.931122 443.953644
499.308319 450.730225
503.047058 470.008484
-1.000000 -1.000000
-1.000000 -1.000000
-1.000000 -1.000000
790.323242 459.395721
-1.000000 -1.000000
-1.000000 -1.000000
-1.000000 -1.000000
-1.000000 -1.000000
-1.000000 -1.000000
-1.000000 -1.000000
318.159760 218.823395
-1.000000 -1.000000
-1.000000 -1.000000
-1.000000 -1.000000
-1.000000 -1.000000
-1.000000 -1.000000
-1.000000 -1.000000
-1.000000 -1.000000
596.743347 480.162048
-1.000000 -1.000000
695.687012 242.815048
-1.000000 -1.000000
780.661865 479.840485
-1.000000 -1.000000
-1.000000 -1.000000
-1.000000 -1.000000
-1.000000 -1.000000
657.663757 434.122620
172.544235 238.820450
460.585175 372.505890
712.582764 252.757370
455.862946 388.353333
574.152405 473.127136
-1.000000 -1.000000
-1.000000 -1.000000
589.971558 464.505676
-1.000000 -1.000000
-1.000000 -1.000000
-1.000000 -1.000000
-1.000000 -1.000000
451.869171 420.303284
-1.000000 -1.000000
-1.000000 -1.000000
-1.000000 -1.000000
898.117493 246.661453
-1.000000 -1.000000
94.668503 508.634186
-1.000000 -1.000000
-1.000000 -1.000000
-1.000000 -1.000000
-1.000000 -1.000000
-1.000000 -1.000000
338.532745 253.958527
313.240143 231.490356
462.815765 479.893951
615.233398 449.364777
-1.000000 -1.000000
-1.000000 -1.000000
92.407013 524.059631
602.499146 460.423798
-1.000000 -1.000000
-1.000000 -1.000000
-1.000000 -1.000000
-1.000000 -1.000000
-1.000000 -1.000000
153.002686 226.903748
-1.000000 -1.000000
-1.000000 -1.000000
-1.000000 -1.000000
-1.000000 -1.000000
-1.000000 -1.000000
803.891541 217.266068
-1.000000 -1.000000
-1.000000 -1.000000
-1.000000 -1.000000
765.118896 487.404327
-1.000000 -1.000000
503.810059 429.516815
-1.000000 -1.000000
-1.000000 -1.000000
772.577332 461.749908
-1.000000 -1.000000
78.706070 506.168640
-1.000000 -1.000000
-1.000000 -1.000000
-1.000000 -1.000000
-1.000000 -1.000000
-1.000000 -1.000000
-1.000000 -1.000000
-1.000000 -1.000000
-1.000000 -1.000000
514.213867 479.263428
-1.000000 -1.000000
689.372742 100.606148
-1.000000 -1.000000
-1.000000 -1.000000
-1.000000 -1.000000
-1.000000 -1.000000
-1.000000 -1.000000
-1.000000 -1.000000
905.969971 509.782501
-1.000000 -1.000000
479.990753 476.850403
-1.000000 -1.000000
-1.000000 -1.000000
-1.000000 -1.000000
-1.000000 -1.000000
-1.000000 -1.000000
345.521088 213.774597
75.934708 522.235352
491.736664 484.540375
-1.000000 -1.000000
-1.000000 -1.000000
488.631256 425.589233
-1.000000 -1.000000
-1.000000 -1.000000
-1.000000 -1.000000
-1.000000 -1.000000
896.145386 217.281555
-1.000000 -1.000000
-1.000000 -1.000000
820.769897 242.230286
-1.000000 -1.000000
703.139160 262.743958
-1.000000 -1.000000
-1.000000 -1.000000
445.275879 479.865082
-1.000000 -1.000000
-1.000000 -1.000000
-1.000000 -1.000000
297.811493 206.386978
-1.000000 -1.000000
-1.000000 -1.000000
-1.000000 -1.000000
-1.000000 -1.000000
970.451355 233.864349
-1.000000 -1.000000
-1.000000 -1.000000
-1.000000 -1.000000
874.810120 255.462189
513.026855 456.413330
-1.000000 -1.000000
-1.000000 -1.000000
-1.000000 -1.000000
683.980164 143.378143
881.960632 220.331543
470.571655 365.644836
-1.000000 -1.000000
573.061646 446.109741
-1.000000 -1.000000
-1.000000 -1.000000
-1.000000 -1.000000
966.689758 204.215012
-1.000000 -1.000000
-1.000000 -1.000000
-1.000000 -1.000000
-1.000000 -1.000000
-1.000000 -1.000000
-1.000000 -1.000000
89.175224 539.203613
-1.000000 -1.000000
-1.000000 -1.000000
-1.000000 -1.000000
-1.000000 -1.000000
-1.000000 -1.000000
-1.000000 -1.000000
-1.000000 -1.000000
-1.000000 -1.000000
-1.000000 -1.000000
-1.000000 -1.000000
-1.000000 -1.000000
-1.000000 -1.000000
-1.000000 -1.000000
345.443634 222.703751
686.785583 116.509659
-1.000000 -1.000000
595.092224 494.991394
73.150024 537.796570
-1.000000 -1.000000
-1.000000 -1.000000
-1.000000 -1.000000
-1.000000 -1.000000
-1.000000 -1.000000
-1.000000 -1.000000
-1.000000 -1.000000
-1.000000 -1.000000
-1.000000 -1.000000
570.809265 487.847443
529.839539 173.465729
-1.000000 -1.000000
-1.000000 -1.000000
-1.000000 -1.000000
-1.000000 -1.000000
796.352356 257.615173
108.057541 536.073303
301.822906 213.701660
-1.000000 -1.000000
-1.000000 -1.000000
-1.000000 -1.000000
-1.000000 -1.000000
-1.000000 -1.000000
-1.000000 -1.000000
-1.000000 -1.000000
-1.000000 -1.000000
503.082245 495.249359
-1.000000 -1.000000
-1.000000 -1.000000
-1.000000 -1.000000
-1.000000 -1.000000
575.824341 453.668365
-1.000000 -1.000000
793.646729 239.278030
709.975525 236.380539
-1.000000 -1.000000
-1.000000 -1.000000
-1.000000 -1.000000
551.701599 400.283875
169.684753 231.213684
659.962036 440.409729
-1.000000 -1.000000
-1.000000 -1.000000
-1.000000 -1.000000
-1.000000 -1.000000
-1.000000 -1.000000
-1.000000 -1.000000
-1.000000 -1.000000
-1.000000 -1.000000
-1.000000 -1.000000
-1.000000 -1.000000
-1.000000 -1.000000
-1.000000 -1.000000
-1.000000 -1.000000
-1.000000 -1.000000
685.883484 257.229767
-1.000000 -1.000000
-1.000000 -1.000000
-1.000000 -1.000000
-1.000000 -1.000000
-1.000000 -1.000000
-1.000000 -1.000000
-1.000000 -1.000000
-1.000000 -1.000000
-1.000000 -1.000000
-1.000000 -1.000000
-1.000000 -1.000000
-1.000000 -1.000000
-1.000000 -1.000000
692.382629 422.301117
-1.000000 -1.000000
156.976761 416.282959
-1.000000 -1.000000
-1.000000 -1.000000
142.018921 415.247253
683.770874 186.954605
-1.000000 -1.000000
-1.000000 -1.000000
157.960953 401.378784
-1.000000 -1.000000
-1.000000 -1.000000
-1.000000 -1.000000
513.675476 172.894226
-1.000000 -1.000000
-1.000000 -1.000000
-1.000000 -1.000000
-1.000000 -1.000000
-1.000000 -1.000000
-1.000000 -1.000000
-1.000000 -1.000000
-1.000000 -1.000000
200.308304 410.082214
-1.000000 -1.000000
-1.000000 -1.000000
141.919891 430.018524
522.910156 495.319885
-1.000000 -1.000000
215.325333 409.894287
-1.000000 -1.000000
185.384628 411.073761
-1.000000 -1.000000
893.309937 233.989380
-1.000000 -1.000000
192.318069 395.253174
-1.000000 -1.000000
346.184906 247.202667
158.891052 430.903076
-1.000000 -1.000000
207.353302 395.216888
-1.000000 -1.000000
-1.000000 -1.000000
430.865082 459.851196
-1.000000 -1.000000
-1.000000 -1.000000
-1.000000 -1.000000
-1.000000 -1.000000
-1.000000 -1.000000
134.162170 206.897064
-1.000000 -1.000000
354.878113 214.164276
200.417816 424.970062
325.131653 489.344360
677.046448 158.289154
-1.000000 -1.000000
-1.000000 -1.000000
611.852600 463.082886
-1.000000 -1.000000
-1.000000 -1.000000
-1.000000 -1.000000
-1.000000 -1.000000
-1.000000 -1.000000
-1.000000 -1.000000
585.089050 488.871826
-1.000000 -1.000000
-1.000000 -1.000000
-1.000000 -1.000000
185.433182 425.950653
-1.000000 -1.000000
-1.000000 -1.000000
-1.000000 -1.000000
215.331955 424.799774
-1.000000 -1.000000
-1.000000 -1.000000
-1.000000 -1.000000
591.892822 143.982498
-1.000000 -1.000000
496.503082 225.144745
-1.000000 -1.000000
-1.000000 -1.000000
-1.000000 -1.000000
-1.000000 -1.000000
-1.000000 -1.000000
-1.000000 -1.000000
465.496674 357.846283
-1.000000 -1.000000
-1.000000 -1.000000
-1.000000 -1.000000
670.177795 259.420013
-1.000000 -1.000000
104.569786 492.417542
-1.000000 -1.000000
-1.000000 -1.000000
-1.000000 -1.000000
881.059875 235.438217
-1.000000 -1.000000
373.469635 211.377548
-1.000000 -1.000000
-1.000000 -1.000000
-1.000000 -1.000000
-1.000000 -1.000000
177.372055 396.145966
-1.000000 -1.000000
-1.000000 -1.000000
-1.000000 -1.000000
-1.000000 -1.000000
-1.000000 -1.000000
-1.000000 -1.000000
-1.000000 -1.000000
-1.000000 -1.000000
-1.000000 -1.000000
548.835510 359.529297
-1.000000 -1.000000
-1.000000 -1.000000
-1.000000 -1.000000
-1.000000 -1.000000
-1.000000 -1.000000
-1.000000 -1.000000
761.946472 481.014954
591.854126 158.786484
-1.000000 -1.000000
-1.000000 -1.000000
-1.000000 -1.000000
574.138489 144.116043
357.872955 218.819534
-1.000000 -1.000000
-1.000000 -1.000000
606.027588 176.242050
-1.000000 -1.000000
-1.000000 -1.000000
-1.000000 -1.000000
429.162445 474.881226
514.876770 652.278442
758.683777 501.326630
-1.000000 -1.000000
-1.000000 -1.000000
164.288681 227.053116
-1.000000 -1.000000
-1.000000 -1.000000
-1.000000 -1.000000
-1.000000 -1.000000
-1.000000 -1.000000
447.144135 368.959076
-1.000000 -1.000000
-1.000000 -1.000000
-1.000000 -1.000000
-1.000000 -1.000000
540.675476 189.226166
-1.000000 -1.000000
878.191345 452.840759
-1.000000 -1.000000
-1.000000 -1.000000
-1.000000 -1.000000
-1.000000 -1.000000
781.350159 373.421509
-1.000000 -1.000000
-1.000000 -1.000000
126.745491 416.441254
-1.000000 -1.000000
459.825073 313.533844
-1.000000 -1.000000
-1.000000 -1.000000
575.942017 463.894531
-1.000000 -1.000000
-1.000000 -1.000000
-1.000000 -1.000000
-1.000000 -1.000000
-1.000000 -1.000000
-1.000000 -1.000000
-1.000000 -1.000000
774.302368 390.498291
588.650269 173.758041
-1.000000 -1.000000
-1.000000 -1.000000
-1.000000 -1.000000
-1.000000 -1.000000
689.238708 229.334564
-1.000000 -1.000000
514.949158 639.218445
-1.000000 -1.000000
-1.000000 -1.000000
-1.000000 -1.000000
758.537781 390.768738
-1.000000 -1.000000
-1.000000 -1.000000
141.366577 487.723907
-1.000000 -1.000000
-1.000000 -1.000000
-1.000000 -1.000000
-1.000000 -1.000000
766.058289 375.054749
-1.000000 -1.000000
-1.000000 -1.000000
-1.000000 -1.000000
-1.000000 -1.000000
-1.000000 -1.000000
-1.000000 -1.000000
718.770813 258.304535
428.607544 445.381470
-1.000000 -1.000000
-1.000000 -1.000000
517.529297 243.468399
-1.000000 -1.000000
571.791931 424.233490
-1.000000 -1.000000
466.459717 327.703033
-1.000000 -1.000000
-1.000000 -1.000000
-1.000000 -1.000000
-1.000000 -1.000000
-1.000000 -1.000000
-1.000000 -1.000000
-1.000000 -1.000000
-1.000000 -1.000000
-1.000000 -1.000000
175.122971 239.663483
773.417419 408.011078
-1.000000 -1.000000
-1.000000 -1.000000
-1.000000 -1.000000
-1.000000 -1.000000
-1.000000 -1.000000
-1.000000 -1.000000
944.919189 268.800262
-1.000000 -1.000000
754.568787 407.000763
-1.000000 -1.000000
-1.000000 -1.000000
809.783386 259.146423
636.113953 185.719223
-1.000000 -1.000000
-1.000000 -1.000000
-1.000000 -1.000000
-1.000000 -1.000000
-1.000000 -1.000000
-1.000000 -1.000000
-1.000000 -1.000000
-1.000000 -1.000000
446.261780 356.272919
348.795532 259.123199
-1.000000 -1.000000
-1.000000 -1.000000
-1.000000 -1.000000
-1.000000 -1.000000
-1.000000 -1.000000
-1.000000 -1.000000
-1.000000 -1.000000
-1.000000 -1.000000
-1.000000 -1.000000
898.674622 236.464447
-1.000000 -1.000000
-1.000000 -1.000000
-1.000000 -1.000000
-1.000000 -1.000000
635.662842 419.963318
-1.000000 -1.000000
-1.000000 -1.000000
338.661072 492.574371
-1.000000 -1.000000
-1.000000 -1.000000
751.784119 375.485901
-1.000000 -1.000000
-1.000000 -1.000000
-1.000000 -1.000000
443.522949 338.542786
589.784790 406.037628
-1.000000 -1.000000
-1.000000 -1.000000
-1.000000 -1.000000
-1.000000 -1.000000
-1.000000 -1.000000
271.181641 165.150070
-1.000000 -1.000000
-1.000000 -1.000000
-1.000000 -1.000000
-1.000000 -1.000000
-1.000000 -1.000000
575.418335 158.052322
-1.000000 -1.000000
-1.000000 -1.000000
-1.000000 -1.000000
623.351379 409.657867
-1.000000 -1.000000
-1.000000 -1.000000
-1.000000 -1.000000
-1.000000 -1.000000
-1.000000 -1.000000
-1.000000 -1.000000
714.095093 260.387726
-1.000000 -1.000000
-1.000000 -1.000000
-1.000000 -1.000000
501.804352 159.470566
-1.000000 -1.000000
623.356995 422.298553
-1.000000 -1.000000
-1.000000 -1.000000
-1.000000 -1.000000
-1.000000 -1.000000
-1.000000 -1.000000
-1.000000 -1.000000
-1.000000 -1.000000
715.138916 402.257843
-1.000000 -1.000000
-1.000000 -1.000000
-1.000000 -1.000000
-1.000000 -1.000000
-1.000000 -1.000000
-1.000000 -1.000000
-1.000000 -1.000000
-1.000000 -1.000000
-1.000000 -1.000000
-1.000000 -1.000000
-1.000000 -1.000000
312.879181 236.987946
580.309021 457.394989
887.116028 249.326263
927.207336 270.911987
-1.000000 -1.000000
126.652885 431.191132
-1.000000 -1.000000
-1.000000 -1.000000
-1.000000 -1.000000
-1.000000 -1.000000
-1.000000 -1.000000
-1.000000 -1.000000
-1.000000 -1.000000
311.213745 480.745605
744.176819 390.840027
67.275696 504.184998
-1.000000 -1.000000
-1.000000 -1.000000
-1.000000 -1.000000
-1.000000 -1.000000
-1.000000 -1.000000
-1.000000 -1.000000
-1.000000 -1.000000
-1.000000 -1.000000
-1.000000 -1.000000
-1.000000 -1.000000
-1.000000 -1.000000
348.886841 495.246521
-1.000000 -1.000000
-1.000000 -1.000000
-1.000000 -1.000000
-1.000000 -1.000000
576.691101 462.775330
315.697449 230.195892
-1.000000 -1.000000
-1.000000 -1.000000
-1.000000 -1.000000
-1.000000 -1.000000
-1.000000 -1.000000
-1.000000 -1.000000
-1.000000 -1.000000
-1.000000 -1.000000
-1.000000 -1.000000
-1.000000 -1.000000
-1.000000 -1.000000
-1.000000 -1.000000
-1.000000 -1.000000
-1.000000 -1.000000
285.795776 189.951660
-1.000000 -1.000000
61.660339 499.206726
315.665192 257.517853
-1.000000 -1.000000
682.139832 205.072952
-1.000000 -1.000000
-1.000000 -1.000000
-1.000000 -1.000000
-1.000000 -1.000000
-1.000000 -1.000000
-1.000000 -1.000000
496.432465 100.287445
377.154327 232.935593
699.375061 142.339981
-1.000000 -1.000000
267.748962 143.456161
-1.000000 -1.000000
-1.000000 -1.000000
-1.000000 -1.000000
-1.000000 -1.000000
-1.000000 -1.000000
-1.000000 -1.000000
-1.000000 -1.000000
588.318726 458.970703
178.752090 255.041153
283.524597 167.086899
-1.000000 -1.000000
-1.000000 -1.000000
-1.000000 -1.000000
-1.000000 -1.000000
-1.000000 -1.000000
-1.000000 -1.000000
-1.000000 -1.000000
-1.000000 -1.000000
-1.000000 -1.000000
-1.000000 -1.000000
-1.000000 -1.000000
-1.000000 -1.000000
-1.000000 -1.000000
-1.000000 -1.000000
-1.000000 -1.000000
-1.000000 -1.000000
-1.000000 -1.000000
966.613525 248.442780
473.907837 492.947632
-1.000000 -1.000000
-1.000000 -1.000000
692.690613 172.779541
-1.000000 -1.000000
-1.000000 -1.000000
-1.000000 -1.000000
311.482422 219.628769
-1.000000 -1.000000
886.077759 247.267410
-1.000000 -1.000000
-1.000000 -1.000000
-1.000000 -1.000000
-1.000000 -1.000000
-1.000000 -1.000000
-1.000000 -1.000000
-1.000000 -1.000000
-1.000000 -1.000000
716.304565 242.845383
582.176636 446.013947
-1.000000 -1.000000
-1.000000 -1.000000
-1.000000 -1.000000
-1.000000 -1.000000
-1.000000 -1.000000
-1.000000 -1.000000
443.356201 40.114132
-1.000000 -1.000000
-1.000000 -1.000000
-1.000000 -1.000000
-1.000000 -1.000000
-1.000000 -1.000000
429.778656 351.974884
-1.000000 -1.000000
314.620361 494.069244
-1.000000 -1.000000
-1.000000 -1.000000
-1.000000 -1.000000
-1.000000 -1.000000
-1.000000 -1.000000
-1.000000 -1.000000
-1.000000 -1.000000
-1.000000 -1.000000
-1.000000 -1.000000
-1.000000 -1.000000
-1.000000 -1.000000
-1.000000 -1.000000
-1.000000 -1.000000
-1.000000 -1.000000
-1.000000 -1.000000
-1.000000 -1.000000
595.784790 448.705414
-1.000000 -1.000000
-1.000000 -1.000000
-1.000000 -1.000000
610.347290 416.684601
627.137634 417.746826
-1.000000 -1.000000
-1.000000 -1.000000
-1.000000 -1.000000
579.550598 463.569916
-1.000000 -1.000000
-1.000000 -1.000000
-1.000000 -1.000000
698.793701 187.067856
-1.000000 -1.000000
-1.000000 -1.000000
696.984314 266.183533
-1.000000 -1.000000
128.722580 193.553970
277.797485 128.351959
-1.000000 -1.000000
-1.000000 -1.000000
-1.000000 -1.000000
452.395538 493.920105
-1.000000 -1.000000
424.884796 362.151764
323.977936 505.669281
-1.000000 -1.000000
-1.000000 -1.000000
-1.000000 -1.000000
-1.000000 -1.000000
732.757507 403.189697
-1.000000 -1.000000
-1.000000 -1.000000
864.571899 247.243881
-1.000000 -1.000000
-1.000000 -1.000000
-1.000000 -1.000000
-1.000000 -1.000000
-1.000000 -1.000000
-1.000000 -1.000000
503.720734 507.750153
-1.000000 -1.000000
429.209045 489.796600
-1.000000 -1.000000
-1.000000 -1.000000
-1.000000 -1.000000
-1.000000 -1.000000
-1.000000 -1.000000
296.663055 182.242050
312.804993 220.541702
-1.000000 -1.000000
527.236084 508.670685
-1.000000 -1.000000
-1.000000 -1.000000
584.928772 472.338654
-1.000000 -1.000000
-1.000000 -1.000000
-1.000000 -1.000000
-1.000000 -1.000000
-1.000000 -1.000000
-1.000000 -1.000000
40.051582 486.931671
-1.000000 -1.000000
-1.000000 -1.000000
281.487061 144.034500
-1.000000 -1.000000
-1.000000 -1.000000
-1.000000 -1.000000
-1.000000 -1.000000
316.337921 232.577072
-1.000000 -1.000000
-1.000000 -1.000000
435.853088 376.795288
-1.000000 -1.000000
-1.000000 -1.000000
-1.000000 -1.000000
-1.000000 -1.000000
-1.000000 -1.000000
701.745728 114.468506
-1.000000 -1.000000
-1.000000 -1.000000
-1.000000 -1.000000
-1.000000 -1.000000
-1.000000 -1.000000
500.832642 142.658844
-1.000000 -1.000000
-1.000000 -1.000000
-1.000000 -1.000000
-1.000000 -1.000000
-1.000000 -1.000000
-1.000000 -1.000000
-1.000000 -1.000000
-1.000000 -1.000000
-1.000000 -1.000000
704.361938 100.802422
357.488892 478.277802
338.177704 508.310089
-1.000000 -1.000000
-1.000000 -1.000000
-1.000000 -1.000000
-1.000000 -1.000000
-1.000000 -1.000000
899.862122 229.597641
-1.000000 -1.000000
-1.000000 -1.000000
-1.000000 -1.000000
-1.000000 -1.000000
-1.000000 -1.000000
691.022339 221.275650
-1.000000 -1.000000
-1.000000 -1.000000
-1.000000 -1.000000
-1.000000 -1.000000
915.243164 273.093384
-1.000000 -1.000000
-1.000000 -1.000000
-1.000000 -1.000000
-1.000000 -1.000000
175.653107 247.315155
-1.000000 -1.000000
-1.000000 -1.000000
789.107422 357.563416
-1.000000 -1.000000
-1.000000 -1.000000
-1.000000 -1.000000
-1.000000 -1.000000
351.007568 509.840118
-1.000000 -1.000000
-1.000000 -1.000000
-1.000000 -1.000000
-1.000000 -1.000000
-1.000000 -1.000000
-1.000000 -1.000000
158.744568 387.774567
297.752472 163.655502
-1.000000 -1.000000
-1.000000 -1.000000
-1.000000 -1.000000
-1.000000 -1.000000
-1.000000 -1.000000
-1.000000 -1.000000
-1.000000 -1.000000
-1.000000 -1.000000
-1.000000 -1.000000
631.022278 411.067444
-1.000000 -1.000000
-1.000000 -1.000000
-1.000000 -1.000000
-1.000000 -1.000000
-1.000000 -1.000000
408.652863 480.591370
-1.000000 -1.000000
-1.000000 -1.000000
