-1.000000 -1.000000
-1.000000 -1.000000
-1.000000 -1.000000
-1.000000 -1.000000
-1.000000 -1.000000
-1.000000 -1.000000
-1.000000 -1.000000
-1.000000 -1.000000
-1.000000 -1.000000
187.416611 638.551819
-1.000000 -1.000000
-1.000000 -1.000000
-1.000000 -1.000000
185.351303 653.479309
-1.000000 -1.000000
1138.449219 119.576569
-1.000000 -1.000000
-1.000000 -1.000000
-1.000000 -1.000000
1093.287231 168.333664
306.236755 330.461761
766.933594 320.682892
1104.169434 129.485321
-1.000000 -1.000000
-1.000000 -1.000000
202.330612 637.527893
1160.837036 40.699802
1077.830811 168.686081
1145.198364 104.637688
200.237228 653.491333
310.280121 345.506287
-1.000000 -1.000000
751.820129 320.658966
788.811829 48.708305
215.171890 662.630615
334.511505 190.194687
1135.043701 134.604935
742.129517 394.608154
172.596466 637.525146
-1.000000 -1.000000
-1.000000 -1.000000
-1.000000 -1.000000
459.899902 213.468307
-1.000000 -1.000000
-1.000000 -1.000000
1175.085327 300.796448
1075.013306 153.252457
267.405212 324.301300
741.010620 379.644470
170.556030 652.454346
1062.451172 168.670212
918.088318 155.057297
-1.000000 -1.000000
833.843140 211.932587
1090.026489 153.185379
-1.000000 -1.000000
1160.062744 300.826294
-1.000000 -1.000000
332.425232 175.214432
726.948425 394.563965
1109.038574 164.059006
319.517029 194.177094
-1.000000 -1.000000
1089.186279 127.390076
769.966125 305.668213
259.649200 277.303192
1104.238159 114.462334
1229.509399 212.722061
933.709656 380.502533
-1.000000 -1.000000
-1.000000 -1.000000
334.636627 205.131958
725.891724 374.469452
617.372192 383.112183
785.800903 65.789619
1154.115723 128.434219
1192.742920 418.991272
767.049072 335.766663
886.654968 329.922577
323.414154 40.068890
317.403503 179.197861
921.973145 40.979713
931.789795 415.332184
-1.000000 -1.000000
1230.555054 226.389389
1199.705933 135.959625
1146.921021 89.504227
-1.000000 -1.000000
148.861740 279.986267
-1.000000 -1.000000
955.542480 157.123245
754.655396 305.600311
1174.153687 265.691010
320.947784 360.659485
1190.079346 300.762177
-1.000000 -1.000000
740.883301 364.500336
-1.000000 -1.000000
321.027618 330.553375
773.442932 393.990143
457.899445 41.025452
1089.880005 183.424820
620.383606 368.117432
267.414062 341.365906
871.783264 330.906372
457.949799 228.477676
948.531921 378.267822
-1.000000 -1.000000
-1.000000 -1.000000
1193.705322 434.040680
-1.000000 -1.000000
958.922546 40.934692
757.471008 391.841370
1228.204102 657.669434
782.642517 92.959610
157.734589 637.498230
-1.000000 -1.000000
-1.000000 -1.000000
901.675781 326.943481
1221.719604 415.326416
-1.000000 -1.000000
-1.000000 -1.000000
830.608887 227.042664
-1.000000 -1.000000
751.985596 335.798523
-1.000000 -1.000000
804.326050 393.110504
134.688736 287.158844
1074.412842 183.742172
444.907471 213.500763
156.359650 320.191956
941.957458 363.360260
875.966675 310.118927
613.299377 235.742004
244.738144 272.478729
1232.345093 241.299637
1185.181030 400.049347
914.746094 169.958771
756.223877 376.901123
772.480469 379.402100
788.313538 395.945160
1089.236328 112.365036
632.368225 383.118988
1175.040894 315.832550
1170.161133 397.174011
933.120117 154.069031
614.575439 220.854630
187.502533 623.934021
324.916840 345.570312
262.691193 359.158905
-1.000000 -1.000000
416.993561 168.204742
1173.944214 330.847504
1160.020142 315.851410
274.356476 287.266968
-1.000000 -1.000000
1160.624268 110.228195
-1.000000 -1.000000
890.761414 311.053925
946.342102 421.042908
1189.598145 151.234619
818.609924 211.851242
635.362000 367.246185
1177.433716 415.753296
1210.976074 120.058304
-1.000000 -1.000000
146.766754 266.258911
1213.253052 667.729919
956.912231 363.078125
203.658432 209.916397
739.289185 305.355591
848.942932 209.904297
736.416199 320.348267
819.487488 393.045624
277.759735 358.935822
-1.000000 -1.000000
930.898071 395.243286
306.498505 360.527222
246.617416 355.898895
130.213943 488.408173
260.463562 290.036987
725.954163 359.397278
1060.072632 153.073929
614.969055 205.813599
616.302673 398.190826
1058.819458 183.762650
1173.123657 285.805634
426.067383 430.487244
40.262997 380.682404
1213.212036 652.625732
-1.000000 -1.000000
-1.000000 -1.000000
1162.025757 95.018234
442.969086 228.501373
319.645416 208.998550
741.227905 409.447266
963.252197 378.098602
905.748657 312.009277
1145.160156 40.823895
425.992218 445.484924
948.561218 392.950806
274.816833 272.709167
415.048981 183.214508
1230.192871 200.301498
837.750671 40.953182
141.891647 317.306274
202.409760 179.472336
441.209625 428.603516
217.274521 637.508179
-1.000000 -1.000000
1183.963379 136.862152
152.190918 338.722748
902.994690 153.009277
-1.000000 -1.000000
601.238464 391.054291
-1.000000 -1.000000
1177.359741 430.783447
148.069366 254.674927
771.552002 364.083221
202.503098 622.953796
-1.000000 -1.000000
1154.981812 394.198425
661.137024 138.164871
411.141083 428.450958
901.512512 342.161316
198.554764 308.252289
-1.000000 -1.000000
781.317688 138.322937
-1.000000 -1.000000
441.137329 443.567444
1159.217896 266.691498
182.588028 314.166718
802.454956 407.505493
-1.000000 -1.000000
803.827881 48.734688
936.323853 40.952103
886.431274 344.991364
1131.750244 89.377396
953.461365 172.114853
-1.000000 -1.000000
336.779053 219.774017
1216.445312 430.433807
647.384399 382.303802
757.557373 406.517242
612.281311 40.933117
304.513702 194.296570
1188.111450 285.814301
193.685379 607.921143
833.494995 242.196793
431.985107 168.224533
410.984192 443.453430
783.706848 410.469147
-1.000000 -1.000000
782.408142 322.720825
756.178040 361.699463
1158.935913 330.854462
1130.237915 104.451187
650.376221 367.417236
1158.108521 285.812439
989.117432 150.383865
1218.013306 241.718826
163.777847 249.084595
930.050354 170.099991
602.307190 376.054321
845.676208 227.013626
202.741028 224.824173
-1.000000 -1.000000
725.918823 409.481567
114.844315 492.511475
1088.480347 198.985825
907.627319 40.919296
414.027283 153.147629
1145.072632 300.899139
1190.027466 315.815063
188.208282 180.327362
620.435120 353.214081
1109.004761 179.043915
350.699585 433.284088
954.674622 345.717743
1189.082886 266.716492
1058.963257 198.302963
790.103577 381.361450
269.029236 304.861176
351.603577 448.243744
1229.840088 186.136032
797.773132 93.027565
974.129089 152.394287
745.272522 290.624939
1216.460571 206.397034
805.597778 378.043304
1216.702759 227.346069
-1.000000 -1.000000
350.497620 463.172760
1105.063843 149.077820
1109.939453 99.411629
1200.618408 449.478333
927.836182 365.643555
871.338318 345.861481
-1.000000 -1.000000
775.233887 108.196533
424.970123 460.414490
645.815430 138.152481
202.251572 164.477325
137.763046 334.249908
939.690735 347.899078
302.409821 179.339493
635.404297 352.295776
598.327637 246.423904
-1.000000 -1.000000
1195.747559 113.717781
728.974976 48.760361
785.536194 307.726990
312.721863 462.185791
732.928223 95.976875
430.008759 183.243210
800.828186 64.819511
121.668915 507.522766
946.166870 436.395538
409.931549 458.401215
162.976013 237.257416
663.450623 152.116547
660.126160 48.808460
-1.000000 -1.000000
247.257690 282.239624
848.381958 242.205704
172.701859 622.753784
335.739380 433.266479
860.869263 308.111267
817.423096 407.566437
660.047302 123.200333
863.036560 282.041046
1228.219849 643.365845
-1.000000 -1.000000
892.652954 40.896210
909.802917 184.930573
441.074127 458.506683
330.422760 160.214752
748.041016 86.869308
127.400681 318.982452
631.329163 398.170929
916.205994 332.134125
760.401184 290.748169
780.337036 123.218842
1201.258789 403.293701
310.112366 376.153259
802.729065 422.396851
189.443680 201.948700
312.703094 447.317657
415.108032 198.246414
165.635696 222.822662
821.039734 377.854492
156.227417 353.600983
898.817078 167.674850
833.851135 197.032135
336.608307 448.269714
281.469940 343.181335
106.849487 507.533905
782.414001 337.727325
217.927109 205.731567
971.843140 362.713898
-1.000000 -1.000000
785.245544 425.196045
803.540649 210.715485
208.675842 607.991394
280.891479 327.774323
216.933731 178.339569
661.986389 176.551361
1219.662842 399.934174
763.140930 86.881699
327.543060 463.178497
-1.000000 -1.000000
731.890015 111.032982
1205.619385 150.934021
-1.000000 -1.000000
815.426270 226.960449
758.981812 105.125404
1172.557739 163.879852
662.148926 68.090157
-1.000000 -1.000000
605.531982 360.865875
-1.000000 -1.000000
733.016541 75.930374
131.471649 270.959015
446.923157 168.266907
428.975494 153.200851
1188.895508 330.877167
320.809235 432.208618
598.891357 231.583420
969.437073 345.828766
961.114868 423.292511
478.063080 340.944214
676.488403 49.662910
1198.821411 667.851929
463.066132 339.900696
796.498413 137.325302
174.517532 202.840271
132.640366 254.574112
479.064758 325.946075
166.047684 338.692719
295.237152 345.268158
1185.671265 385.069946
644.905029 123.178703
464.071594 324.894501
1175.938354 114.629669
818.513367 242.215256
1203.561890 208.363556
145.843140 477.433838
1215.698120 192.148163
1130.661499 156.231323
1170.421143 382.172272
518.721741 335.077820
875.374756 40.823082
650.392700 352.361816
463.077789 354.908173
818.004028 422.559113
627.953186 235.094131
533.718994 335.063660
1198.713379 652.664795
503.726685 336.026978
859.697571 40.810463
989.181152 165.455185
628.875244 204.134521
510.723694 320.038696
315.456970 163.353287
429.934692 209.723434
480.088531 355.956024
905.469971 296.646698
525.727905 320.087952
147.499771 245.323395
1157.058472 165.849121
711.797302 389.672546
-1.000000 -1.000000
628.865784 219.093658
260.307373 263.385040
1214.707031 134.915344
208.116577 518.061401
187.917969 165.369598
877.683533 284.723267
445.004944 183.209412
518.722839 350.117859
622.398438 416.478027
790.638184 108.227837
-1.000000 -1.000000
-1.000000 -1.000000
963.216858 392.889038
681.535217 87.922958
740.084534 235.949066
168.658554 318.637054
232.735336 206.616989
961.138306 438.550079
749.656860 196.228790
931.468750 430.530426
-1.000000 -1.000000
217.691238 220.604065
848.750061 281.080505
503.735840 351.067291
203.758743 261.746429
818.573914 196.819107
679.456055 67.844864
533.721741 350.093964
137.686859 349.083008
664.263733 83.019043
645.044067 47.786869
716.817932 93.003960
1129.450073 40.775654
647.567261 152.160736
691.538025 49.718075
188.458405 217.843063
748.135376 71.827782
832.675964 257.290558
1216.104370 105.005539
-1.000000 -1.000000
741.463501 275.674103
178.801117 607.819031
1074.190674 126.382225
-1.000000 -1.000000
798.379211 225.886002
1231.457275 442.382324
426.310791 415.667969
856.541931 328.945862
40.090061 363.173523
744.217773 56.745472
974.189148 167.448990
194.753616 593.049438
468.896790 198.488861
746.890259 210.967331
-1.000000 -1.000000
1197.389771 223.199158
123.129547 333.763977
495.817413 321.001129
-1.000000 -1.000000
601.246765 216.494919
882.308594 177.733490
1224.543579 167.054047
159.418671 201.828506
-1.000000 -1.000000
775.065247 198.813278
717.103821 146.909729
744.253418 41.711170
776.526978 290.685425
199.396545 149.497772
289.328033 274.847290
304.630676 209.035782
1168.237549 144.819229
449.065552 324.875458
367.026917 422.344482
1162.371216 412.823822
716.834961 108.050385
1116.793457 84.147179
1145.051636 315.928497
661.794434 192.222504
700.710205 91.957901
449.983093 198.888092
916.149292 347.167816
1144.263428 263.548248
728.693237 126.207542
296.661926 313.530701
884.058594 163.141510
1131.960205 171.104797
710.814575 404.675049
744.432983 585.672791
1178.458374 445.913452
1231.974365 385.006897
1094.279297 97.381241
203.525314 195.416824
427.959412 224.455048
1177.242188 99.467514
778.104004 213.709183
772.942017 168.425507
647.079895 69.128029
729.941467 290.943024
733.409119 146.222244
758.356812 169.358368
456.004517 243.481949
156.057755 459.691711
675.518616 138.070511
758.852234 120.184402
1154.947388 379.060852
1216.846558 384.866608
779.224365 153.402954
-1.000000 -1.000000
863.618103 267.126617
1051.421631 306.256500
289.074127 290.221924
119.793137 290.426239
448.057404 340.883514
733.096741 195.793854
724.932495 232.995270
1150.802612 144.926102
958.196106 330.896240
836.015137 384.994629
743.785645 130.148590
311.829407 477.039368
352.059448 418.305817
756.409973 275.808868
712.917908 161.950363
694.522278 72.854866
100.069046 492.486664
1049.174438 321.315063
713.763733 123.107719
171.941040 461.698303
-1.000000 -1.000000
209.756958 591.217773
-1.000000 -1.000000
803.522949 195.642120
-1.000000 -1.000000
744.394348 570.730042
169.474777 362.607391
845.808594 307.127441
216.954056 163.348785
1034.204346 321.210724
1197.188477 248.428757
-1.000000 -1.000000
442.663361 413.871521
649.019592 96.031563
847.115112 257.155701
324.252563 376.558289
736.182129 334.941925
1036.282104 306.182434
1074.249146 111.340904
783.216736 229.629364
-1.000000 -1.000000
147.539032 231.720886
647.356812 168.163559
173.337189 177.043976
879.991089 192.887558
710.763855 374.675385
877.946594 269.916321
367.906311 437.290100
688.897827 164.988556
294.661743 375.739227
789.165161 365.744598
698.003357 150.186356
736.638855 255.764877
443.956482 153.253998
349.948975 200.988861
441.043518 243.517120
248.547791 375.036102
763.319580 71.837311
202.490891 423.027191
-1.000000 -1.000000
1166.244507 250.507553
223.013458 517.107361
232.384064 221.679611
1047.008789 336.626099
1043.077148 198.058914
730.101257 217.909256
758.241821 154.429169
930.509766 333.093018
797.925537 241.144821
290.859802 329.972870
1090.254028 214.605865
280.231842 303.231689
1032.075073 336.435150
984.288696 347.039520
835.075500 272.245880
927.009277 185.077225
758.821899 135.213501
1238.898315 486.229736
349.889496 186.060730
247.778488 203.655396
203.768875 576.511536
759.209595 583.794189
335.510406 360.755920
457.105713 435.707611
217.412964 622.968201
726.344360 275.706848
644.887573 191.541458
690.075195 135.469406
-1.000000 -1.000000
1238.986206 151.611496
1181.084717 250.535004
647.331787 397.662292
280.264557 465.033905
-1.000000 -1.000000
603.346069 201.192749
180.145538 527.457397
1044.178101 168.422607
715.755432 176.931244
157.954697 622.345764
1162.339111 427.869598
91.781578 520.371338
885.709473 359.855408
713.734985 48.754993
234.660248 271.234497
637.499329 419.439117
773.059509 183.465179
204.873398 370.233154
1021.440735 306.141632
1201.664795 193.376495
184.194412 368.804504
202.691956 407.996826
721.462280 258.242828
798.283020 344.569244
752.094299 257.194916
113.645248 522.582642
311.147339 315.331512
148.544800 432.930023
743.421204 600.552063
405.778900 122.009468
366.523102 457.248718
246.729523 447.825562
426.021301 239.459030
978.319214 377.745605
1238.874023 134.753265
701.815125 107.100166
1205.102661 300.572021
-1.000000 -1.000000
238.247116 516.157898
827.076660 349.505585
170.862610 476.396851
187.753143 424.556763
413.055634 212.927719
123.411659 348.318298
788.372314 174.566803
87.225548 401.184906
862.917297 213.004944
1061.931396 337.120392
855.805054 343.712494
102.875725 404.041260
633.975464 108.120773
818.052917 257.581360
871.109192 360.573029
203.962936 239.009003
402.230011 168.192245
1182.254517 226.301834
759.438965 56.784687
630.313843 146.090256
137.150589 503.412109
411.578552 413.593384
973.122925 330.928162
367.219086 407.398712
172.927887 446.783966
741.619995 175.819000
664.026184 108.193657
742.717285 161.079544
1139.482178 390.907043
890.273499 391.954742
759.155151 568.869751
351.189972 478.108643
347.847168 171.135651
337.337524 418.312256
321.768707 223.520309
877.001160 375.573486
1042.466309 183.316467
1074.939453 213.680588
862.540222 252.460922
448.070374 355.919586
759.506165 41.674789
1143.994019 330.938599
244.673584 432.847900
629.891479 189.794586
952.232117 187.126389
306.000458 432.229858
1188.349243 208.232864
600.781494 406.092926
1019.356995 321.153870
396.767303 426.459625
1143.078247 285.776642
402.602295 82.187912
84.907448 383.485626
269.491089 449.974915
112.054665 313.498138
188.187576 409.440948
104.006432 387.184418
400.277161 184.179810
212.332321 502.145935
1131.994995 186.075653
1079.274170 96.327629
652.521301 420.464355
196.734283 386.213074
900.517029 357.087067
218.744522 576.478577
-1.000000 -1.000000
851.093933 383.855865
365.155426 186.078949
188.789490 578.327026
892.371704 281.505310
891.430603 376.935211
961.309326 408.458313
717.725159 77.980339
184.850052 150.353989
1177.786865 83.380646
335.927521 330.364960
128.773270 522.410767
892.337219 199.653656
919.776917 317.126740
675.483337 123.165268
505.053436 421.002747
181.624725 232.193161
415.876556 138.040283
458.205933 420.992126
381.989258 422.405701
365.180573 200.978043
142.811523 638.137634
794.424500 155.386139
769.556824 421.221313
1184.171265 669.081848
474.925598 213.404755
382.831207 441.301636
1120.717773 119.362267
264.096649 375.186951
629.914795 45.771149
632.388550 166.861099
812.782471 91.986145
687.462830 179.745605
405.589142 97.169388
337.311432 385.525513
281.194580 479.959381
-1.000000 -1.000000
717.267822 192.304306
1232.815430 256.921661
730.339905 585.598145
150.560379 216.800537
910.483215 393.078583
216.613083 235.401764
420.650635 122.857834
462.361023 496.652588
798.032654 329.619415
352.328308 403.379456
275.177277 258.116455
220.222641 380.884277
-1.000000 -1.000000
249.631668 462.867218
946.228760 451.720703
183.930038 353.125000
300.508453 163.699738
284.207764 450.103699
1224.628906 152.344421
795.098999 256.435730
729.348572 600.561035
148.904861 417.889496
173.027390 427.320984
1064.092529 321.602997
1106.772461 193.980148
743.441162 424.086517
1004.238037 146.287323
667.284851 416.431610
805.601196 122.154076
275.835144 374.773560
350.177429 388.720734
164.264191 607.214294
363.184509 171.110504
1151.407959 248.423996
989.088562 180.446304
834.542603 287.110107
381.420441 457.284790
472.837677 228.431656
-1.000000 -1.000000
714.470459 217.460312
1167.336426 235.396301
1162.533203 79.102448
265.497009 464.929779
849.014832 194.865280
837.519287 369.186676
1139.607544 375.884705
297.039948 478.936340
208.730347 257.875305
686.744141 107.117714
744.487671 555.883545
582.023865 194.404556
575.471497 41.095867
538.988770 420.099274
326.558228 478.052002
759.068420 598.744568
615.333008 190.919968
586.098450 418.277832
711.457825 273.478882
631.993225 71.256882
607.422974 421.317932
367.075134 392.366089
1114.463867 40.956108
907.422913 200.177124
326.000549 315.577087
217.956497 419.293488
1194.226440 166.043884
590.540405 41.023148
712.500610 583.504578
1193.011475 74.115021
231.866257 179.283829
-1.000000 -1.000000
585.785217 387.150879
620.437378 338.820251
322.678162 417.227692
411.080353 227.384384
259.637390 432.897400
915.634521 372.279510
892.450378 266.638733
477.923035 529.526733
180.061600 592.682922
812.324768 361.992126
856.558044 358.376709
1192.897461 97.884453
457.025604 451.194489
712.496399 598.531250
876.162720 391.266663
179.960709 391.387482
288.492859 258.065857
470.672028 514.483215
811.525146 137.457535
730.338684 570.629578
247.213333 218.842972
863.643005 228.198593
98.581993 421.683105
214.010437 148.384872
417.536774 82.090172
919.657654 302.069122
1017.200317 336.320282
1136.334106 248.379486
727.370789 424.321808
133.957840 434.527466
714.078552 290.462250
622.460693 431.242737
540.036377 434.975800
227.384842 501.093842
644.326599 338.006561
83.330139 419.923157
987.629211 332.037781
1203.119507 285.788757
961.201843 453.717407
969.015259 182.396545
222.284058 250.020462
308.007263 417.198486
253.118896 516.489136
491.166595 423.067719
629.854248 132.088135
223.211151 264.238373
800.670532 437.027924
224.628769 591.984985
710.729187 419.462494
613.239685 250.494583
170.096207 162.145325
524.276184 416.988770
1121.866943 200.982742
841.749146 322.137604
430.844482 138.002014
378.178925 171.112350
987.567932 361.612823
823.069031 437.735718
398.275146 199.181305
585.774780 403.108643
920.227356 409.976685
173.526520 412.017517
223.576614 606.724854
456.836456 465.576569
365.871765 472.231201
105.806137 369.600983
143.169647 622.740173
337.518738 403.382904
759.685730 225.721268
89.616547 366.987579
420.523193 97.073540
820.927368 272.886444
292.022858 360.317657
242.772629 501.079407
505.179138 406.013733
380.129242 186.090897
759.415039 553.994507
876.811646 252.222839
723.918457 305.052216
540.055542 450.022614
-1.000000 -1.000000
447.539459 492.306000
1209.182739 177.138458
339.797913 345.572235
815.828735 63.752995
504.900085 444.032532
380.128601 201.018188
1146.704712 180.254395
1167.349854 220.303619
709.657410 232.329361
634.014465 86.071144
140.998138 459.630005
1136.980713 201.067917
134.139969 420.434357
710.496765 568.482544
240.549988 418.340973
187.714111 512.399963
1219.152466 257.131012
-1.000000 -1.000000
234.637756 462.863434
818.831177 48.734566
662.287292 401.515259
637.617737 434.268433
1203.993774 263.364105
245.569931 260.421509
582.969055 209.452362
462.703369 529.572754
428.931824 481.270844
1004.366577 161.423889
774.124268 579.790100
187.854202 439.639435
1059.122437 138.012924
186.624146 461.755920
540.720154 320.003265
803.480713 176.624100
282.739258 419.061646
1177.909302 68.273369
962.637451 315.954712
-1.000000 -1.000000
1060.407837 214.338364
455.574524 511.537750
384.848267 479.242584
934.756653 318.025024
1205.087280 315.600647
259.560638 247.318237
311.911865 491.920166
1238.988770 119.911369
1047.257202 291.380066
1186.298340 193.199524
154.433456 369.581360
1203.917236 330.846710
266.413727 479.886871
653.666504 435.407501
802.550781 271.922729
473.747711 424.939026
643.833496 205.713715
41.301739 348.324005
149.588852 605.649353
759.330505 240.420074
480.948120 310.971893
435.624634 122.757133
1200.591431 464.453979
172.864746 491.379089
115.377281 477.525848
553.796570 420.235443
397.290192 411.489075
571.097290 424.252136
160.555344 402.396729
274.445618 435.018951
107.790726 327.612915
841.505310 350.587402
219.896332 561.799683
505.182251 390.965790
907.399658 281.682404
741.740723 615.352661
218.081375 404.223419
695.670532 404.807617
304.853088 391.036438
573.143433 439.126129
