-1.000000 -1.000000
-1.000000 -1.000000
-1.000000 -1.000000
-1.000000 -1.000000
-1.000000 -1.000000
-1.000000 -1.000000
-1.000000 -1.000000
-1.000000 -1.000000
-1.000000 -1.000000
-1.000000 -1.000000
-1.000000 -1.000000
-1.000000 -1.000000
-1.000000 -1.000000
-1.000000 -1.000000
-1.000000 -1.000000
-1.000000 -1.000000
-1.000000 -1.000000
-1.000000 -1.000000
-1.000000 -1.000000
996.032654 226.730316
-1.000000 -1.000000
-1.000000 -1.000000
1006.564453 185.051193
-1.000000 -1.000000
-1.000000 -1.000000
-1.000000 -1.000000
-1.000000 -1.000000
-1.000000 -1.000000
-1.000000 -1.000000
-1.000000 -1.000000
-1.000000 -1.000000
-1.000000 -1.000000
-1.000000 -1.000000
711.489014 105.319000
-1.000000 -1.000000
320.277191 232.983093
-1.000000 -1.000000
511.761627 472.797272
-1.000000 -1.000000
-1.000000 -1.000000
-1.000000 -1.000000
-1.000000 -1.000000
-1.000000 -1.000000
-1.000000 -1.000000
-1.000000 -1.000000
-1.000000 -1.000000
977.861694 212.076874
-1.000000 -1.000000
-1.000000 -1.000000
-1.000000 -1.000000
-1.000000 -1.000000
853.430725 224.434753
-1.000000 -1.000000
741.558289 254.001022
992.847351 211.523239
-1.000000 -1.000000
-1.000000 -1.000000
-1.000000 -1.000000
318.315826 220.058716
494.969727 472.793121
1011.629028 222.437988
-1.000000 -1.000000
-1.000000 -1.000000
-1.000000 -1.000000
-1.000000 -1.000000
-1.000000 -1.000000
-1.000000 -1.000000
-1.000000 -1.000000
646.481628 459.297974
-1.000000 -1.000000
-1.000000 -1.000000
319.175812 246.725220
494.963654 450.714600
-1.000000 -1.000000
-1.000000 -1.000000
-1.000000 -1.000000
-1.000000 -1.000000
-1.000000 -1.000000
-1.000000 -1.000000
-1.000000 -1.000000
-1.000000 -1.000000
857.073242 68.942696
636.192444 483.666382
-1.000000 -1.000000
-1.000000 -1.000000
-1.000000 -1.000000
-1.000000 -1.000000
-1.000000 -1.000000
-1.000000 -1.000000
-1.000000 -1.000000
894.418640 224.523590
-1.000000 -1.000000
-1.000000 -1.000000
-1.000000 -1.000000
-1.000000 -1.000000
-1.000000 -1.000000
-1.000000 -1.000000
-1.000000 -1.000000
-1.000000 -1.000000
539.441284 474.384460
352.534943 41.086605
-1.000000 -1.000000
-1.000000 -1.000000
-1.000000 -1.000000
-1.000000 -1.000000
-1.000000 -1.000000
657.840820 456.342682
-1.000000 -1.000000
-1.000000 -1.000000
-1.000000 -1.000000
-1.000000 -1.000000
-1.000000 -1.000000
527.721191 470.018066
-1.000000 -1.000000
-1.000000 -1.000000
-1.000000 -1.000000
-1.000000 -1.000000
-1.000000 -1.000000
-1.000000 -1.000000
967.817261 502.827301
-1.000000 -1.000000
-1.000000 -1.000000
730.956726 264.828278
-1.000000 -1.000000
-1.000000 -1.000000
-1.000000 -1.000000
572.667297 477.346436
-1.000000 -1.000000
-1.000000 -1.000000
349.230591 255.451202
-1.000000 -1.000000
684.600220 440.397064
-1.000000 -1.000000
-1.000000 -1.000000
-1.000000 -1.000000
-1.000000 -1.000000
-1.000000 -1.000000
846.900513 244.469254
529.003235 453.221222
543.678040 459.648529
548.237976 478.806458
-1.000000 -1.000000
-1.000000 -1.000000
-1.000000 -1.000000
838.472473 467.602997
-1.000000 -1.000000
-1.000000 -1.000000
-1.000000 -1.000000
-1.000000 -1.000000
-1.000000 -1.000000
-1.000000 -1.000000
324.012054 217.710464
-1.000000 -1.000000
-1.000000 -1.000000
-1.000000 -1.000000
-1.000000 -1.000000
-1.000000 -1.000000
-1.000000 -1.000000
-1.000000 -1.000000
646.431702 488.583282
-1.000000 -1.000000
732.750793 248.668686
-1.000000 -1.000000
830.983582 488.205994
-1.000000 -1.000000
-1.000000 -1.000000
-1.000000 -1.000000
-1.000000 -1.000000
702.939087 441.277588
215.026093 247.808914
505.370209 377.885132
749.355713 258.488739
501.388306 393.129761
621.013855 481.067078
-1.000000 -1.000000
-1.000000 -1.000000
639.316284 471.965363
-1.000000 -1.000000
-1.000000 -1.000000
-1.000000 -1.000000
-1.000000 -1.000000
497.015656 430.146027
-1.000000 -1.000000
-1.000000 -1.000000
-1.000000 -1.000000
936.977966 249.629761
-1.000000 -1.000000
144.962967 519.851318
-1.000000 -1.000000
-1.000000 -1.000000
-1.000000 -1.000000
-1.000000 -1.000000
-1.000000 -1.000000
348.631714 271.034515
319.883118 235.850616
508.948090 488.658997
664.601074 457.821991
-1.000000 -1.000000
-1.000000 -1.000000
142.961945 535.371765
652.003723 468.750244
-1.000000 -1.000000
324.667236 233.641953
-1.000000 -1.000000
-1.000000 -1.000000
-1.000000 -1.000000
195.541595 234.488144
-1.000000 -1.000000
-1.000000 -1.000000
-1.000000 -1.000000
-1.000000 -1.000000
-1.000000 -1.000000
841.207520 220.594223
-1.000000 -1.000000
-1.000000 -1.000000
-1.000000 -1.000000
816.930115 495.678284
-1.000000 -1.000000
546.821838 438.821838
-1.000000 -1.000000
-1.000000 -1.000000
821.888123 470.010101
-1.000000 -1.000000
129.019638 517.553101
-1.000000 -1.000000
-1.000000 -1.000000
-1.000000 -1.000000
-1.000000 -1.000000
-1.000000 -1.000000
-1.000000 -1.000000
-1.000000 -1.000000
-1.000000 -1.000000
559.401794 487.829620
-1.000000 -1.000000
726.837158 105.096794
-1.000000 -1.000000
-1.000000 -1.000000
-1.000000 -1.000000
-1.000000 -1.000000
-1.000000 -1.000000
-1.000000 -1.000000
957.440125 519.101807
-1.000000 -1.000000
525.234863 485.736572
-1.000000 -1.000000
-1.000000 -1.000000
-1.000000 -1.000000
-1.000000 -1.000000
-1.000000 -1.000000
334.562134 218.046295
126.406387 533.610291
537.059875 493.310028
-1.000000 -1.000000
-1.000000 -1.000000
531.410889 434.577881
-1.000000 -1.000000
-1.000000 -1.000000
-1.000000 -1.000000
-1.000000 -1.000000
934.313232 218.229874
-1.000000 -1.000000
-1.000000 -1.000000
859.275208 244.922012
-1.000000 -1.000000
740.054504 268.551605
-1.000000 -1.000000
-1.000000 -1.000000
491.916077 488.628723
-1.000000 -1.000000
-1.000000 -1.000000
-1.000000 -1.000000
319.446930 195.312988
-1.000000 -1.000000
-1.000000 -1.000000
-1.000000 -1.000000
-1.000000 -1.000000
1011.128662 236.758850
-1.000000 -1.000000
-1.000000 -1.000000
-1.000000 -1.000000
914.031616 258.744080
558.316956 465.184967
-1.000000 -1.000000
-1.000000 -1.000000
-1.000000 -1.000000
721.272156 147.763657
920.572937 223.179733
515.072083 371.838470
-1.000000 -1.000000
618.800171 454.930939
-1.000000 -1.000000
-1.000000 -1.000000
-1.000000 -1.000000
1007.633423 207.237030
-1.000000 -1.000000
-1.000000 -1.000000
-1.000000 -1.000000
-1.000000 -1.000000
-1.000000 -1.000000
-1.000000 -1.000000
139.980804 550.354614
-1.000000 -1.000000
-1.000000 -1.000000
-1.000000 -1.000000
-1.000000 -1.000000
-1.000000 -1.000000
-1.000000 -1.000000
-1.000000 -1.000000
-1.000000 -1.000000
-1.000000 -1.000000
-1.000000 -1.000000
-1.000000 -1.000000
-1.000000 -1.000000
-1.000000 -1.000000
334.593872 231.687332
724.193604 121.187813
-1.000000 -1.000000
644.506592 503.374390
123.925911 549.075745
-1.000000 -1.000000
-1.000000 -1.000000
-1.000000 -1.000000
-1.000000 -1.000000
-1.000000 -1.000000
-1.000000 -1.000000
-1.000000 -1.000000
-1.000000 -1.000000
-1.000000 -1.000000
608.724731 494.044128
567.338440 179.269836
-1.000000 -1.000000
-1.000000 -1.000000
-1.000000 -1.000000
-1.000000 -1.000000
836.877258 259.949158
159.008240 546.797546
316.451691 207.039291
-1.000000 -1.000000
-1.000000 -1.000000
-1.000000 -1.000000
-1.000000 -1.000000
-1.000000 -1.000000
-1.000000 -1.000000
-1.000000 -1.000000
-1.000000 -1.000000
548.733154 503.694916
-1.000000 -1.000000
-1.000000 -1.000000
-1.000000 -1.000000
-1.000000 -1.000000
623.468933 461.794434
-1.000000 -1.000000
833.087952 242.067596
746.934082 242.129272
-1.000000 -1.000000
-1.000000 -1.000000
-1.000000 -1.000000
594.362061 407.490570
212.205505 240.157471
706.774292 447.765594
-1.000000 -1.000000
-1.000000 -1.000000
-1.000000 -1.000000
-1.000000 -1.000000
-1.000000 -1.000000
-1.000000 -1.000000
-1.000000 -1.000000
-1.000000 -1.000000
-1.000000 -1.000000
-1.000000 -1.000000
-1.000000 -1.000000
-1.000000 -1.000000
-1.000000 -1.000000
-1.000000 -1.000000
723.035889 263.187073
-1.000000 -1.000000
-1.000000 -1.000000
-1.000000 -1.000000
-1.000000 -1.000000
-1.000000 -1.000000
-1.000000 -1.000000
-1.000000 -1.000000
-1.000000 -1.000000
-1.000000 -1.000000
-1.000000 -1.000000
-1.000000 -1.000000
-1.000000 -1.000000
-1.000000 -1.000000
739.564575 429.616974
-1.000000 -1.000000
207.400406 426.719269
-1.000000 -1.000000
-1.000000 -1.000000
192.472198 425.764404
721.004761 191.649887
-1.000000 -1.000000
-1.000000 -1.000000
208.358810 411.835419
-1.000000 -1.000000
-1.000000 -1.000000
-1.000000 -1.000000
551.010681 178.701996
-1.000000 -1.000000
-1.000000 -1.000000
-1.000000 -1.000000
-1.000000 -1.000000
-1.000000 -1.000000
-1.000000 -1.000000
-1.000000 -1.000000
-1.000000 -1.000000
249.300812 420.453247
-1.000000 -1.000000
-1.000000 -1.000000
192.346954 440.477814
568.080017 503.229919
-1.000000 -1.000000
264.392273 420.145294
-1.000000 -1.000000
234.413895 421.511230
-1.000000 -1.000000
931.848206 236.977997
-1.000000 -1.000000
241.365143 405.712097
-1.000000 -1.000000
344.807068 262.015717
209.235214 441.235962
-1.000000 -1.000000
256.396362 405.614502
-1.000000 -1.000000
-1.000000 -1.000000
477.364197 468.687134
-1.000000 -1.000000
-1.000000 -1.000000
-1.000000 -1.000000
-1.000000 -1.000000
-1.000000 -1.000000
176.711426 213.042816
-1.000000 -1.000000
345.746582 227.231415
249.427963 435.309814
372.575317 499.413025
714.235168 162.972733
-1.000000 -1.000000
-1.000000 -1.000000
661.450378 471.391693
-1.000000 -1.000000
-1.000000 -1.000000
-1.000000 -1.000000
-1.000000 -1.000000
-1.000000 -1.000000
-1.000000 -1.000000
634.304810 497.138123
-1.000000 -1.000000
-1.000000 -1.000000
-1.000000 -1.000000
234.481827 436.357361
-1.000000 -1.000000
-1.000000 -1.000000
-1.000000 -1.000000
264.421478 435.003510
-1.000000 -1.000000
-1.000000 -1.000000
-1.000000 -1.000000
627.873840 149.938751
-1.000000 -1.000000
532.350098 230.825348
-1.000000 -1.000000
-1.000000 -1.000000
-1.000000 -1.000000
-1.000000 -1.000000
-1.000000 -1.000000
-1.000000 -1.000000
509.901031 363.314575
-1.000000 -1.000000
-1.000000 -1.000000
-1.000000 -1.000000
706.897156 265.225128
-1.000000 -1.000000
154.162109 503.635193
-1.000000 -1.000000
-1.000000 -1.000000
-1.000000 -1.000000
919.807800 238.558533
-1.000000 -1.000000
365.944702 228.369492
-1.000000 -1.000000
-1.000000 -1.000000
-1.000000 -1.000000
-1.000000 -1.000000
226.460129 406.677582
-1.000000 -1.000000
-1.000000 -1.000000
-1.000000 -1.000000
-1.000000 -1.000000
-1.000000 -1.000000
-1.000000 -1.000000
-1.000000 -1.000000
-1.000000 -1.000000
-1.000000 -1.000000
591.284424 367.779114
-1.000000 -1.000000
-1.000000 -1.000000
-1.000000 -1.000000
-1.000000 -1.000000
-1.000000 -1.000000
-1.000000 -1.000000
813.464966 488.939026
627.566162 164.707825
-1.000000 -1.000000
-1.000000 -1.000000
-1.000000 -1.000000
610.101929 150.546494
349.478210 233.505478
-1.000000 -1.000000
-1.000000 -1.000000
642.208679 181.609207
-1.000000 -1.000000
-1.000000 -1.000000
-1.000000 -1.000000
475.891266 483.784271
559.979492 661.917114
815.805298 512.817444
-1.000000 -1.000000
-1.000000 -1.000000
206.803802 235.882141
-1.000000 -1.000000
-1.000000 -1.000000
-1.000000 -1.000000
-1.000000 -1.000000
-1.000000 -1.000000
491.975006 374.643005
-1.000000 -1.000000
-1.000000 -1.000000
-1.000000 -1.000000
-1.000000 -1.000000
578.253174 195.003922
-1.000000 -1.000000
917.476685 458.990051
-1.000000 -1.000000
-1.000000 -1.000000
-1.000000 -1.000000
-1.000000 -1.000000
828.106323 381.468964
-1.000000 -1.000000
-1.000000 -1.000000
177.150604 427.137024
-1.000000 -1.000000
504.885620 317.308655
-1.000000 -1.000000
-1.000000 -1.000000
623.955017 471.789215
-1.000000 -1.000000
-1.000000 -1.000000
-1.000000 -1.000000
-1.000000 -1.000000
-1.000000 -1.000000
-1.000000 -1.000000
-1.000000 -1.000000
820.851013 398.285828
624.674072 179.704071
-1.000000 -1.000000
-1.000000 -1.000000
-1.000000 -1.000000
-1.000000 -1.000000
726.383972 235.171249
-1.000000 -1.000000
560.065063 648.834229
-1.000000 -1.000000
-1.000000 -1.000000
-1.000000 -1.000000
805.020447 398.493958
-1.000000 -1.000000
-1.000000 -1.000000
189.194702 498.942078
-1.000000 -1.000000
-1.000000 -1.000000
-1.000000 -1.000000
-1.000000 -1.000000
812.780212 382.805511
-1.000000 -1.000000
-1.000000 -1.000000
-1.000000 -1.000000
-1.000000 -1.000000
-1.000000 -1.000000
-1.000000 -1.000000
755.197937 264.003967
475.001892 454.367828
-1.000000 -1.000000
-1.000000 -1.000000
553.356689 249.797226
-1.000000 -1.000000
620.019165 431.643616
-1.000000 -1.000000
511.610504 332.019928
-1.000000 -1.000000
-1.000000 -1.000000
-1.000000 -1.000000
-1.000000 -1.000000
-1.000000 -1.000000
-1.000000 -1.000000
-1.000000 -1.000000
-1.000000 -1.000000
-1.000000 -1.000000
217.683060 248.631683
819.546387 416.310577
-1.000000 -1.000000
-1.000000 -1.000000
-1.000000 -1.000000
-1.000000 -1.000000
-1.000000 -1.000000
-1.000000 -1.000000
989.230103 271.513580
-1.000000 -1.000000
800.489685 415.219574
-1.000000 -1.000000
-1.000000 -1.000000
850.404785 260.992340
672.174133 190.738724
-1.000000 -1.000000
-1.000000 -1.000000
-1.000000 -1.000000
-1.000000 -1.000000
-1.000000 -1.000000
-1.000000 -1.000000
-1.000000 -1.000000
-1.000000 -1.000000
490.804749 362.734955
385.230377 274.871643
-1.000000 -1.000000
-1.000000 -1.000000
-1.000000 -1.000000
-1.000000 -1.000000
-1.000000 -1.000000
-1.000000 -1.000000
-1.000000 -1.000000
-1.000000 -1.000000
-1.000000 -1.000000
937.127319 239.387604
-1.000000 -1.000000
-1.000000 -1.000000
-1.000000 -1.000000
-1.000000 -1.000000
679.820007 427.876801
-1.000000 -1.000000
-1.000000 -1.000000
386.058350 502.764526
-1.000000 -1.000000
-1.000000 -1.000000
798.354370 383.178711
-1.000000 -1.000000
-1.000000 -1.000000
-1.000000 -1.000000
488.842194 343.610077
636.028503 413.410645
-1.000000 -1.000000
-1.000000 -1.000000
-1.000000 -1.000000
-1.000000 -1.000000
-1.000000 -1.000000
311.027802 175.496048
-1.000000 -1.000000
-1.000000 -1.000000
-1.000000 -1.000000
-1.000000 -1.000000
-1.000000 -1.000000
610.862122 164.133041
-1.000000 -1.000000
-1.000000 -1.000000
-1.000000 -1.000000
667.748596 417.358978
-1.000000 -1.000000
-1.000000 -1.000000
-1.000000 -1.000000
-1.000000 -1.000000
-1.000000 -1.000000
-1.000000 -1.000000
750.683838 266.119476
-1.000000 -1.000000
-1.000000 -1.000000
-1.000000 -1.000000
538.974426 165.627136
-1.000000 -1.000000
668.866638 430.418396
-1.000000 -1.000000
-1.000000 -1.000000
-1.000000 -1.000000
-1.000000 -1.000000
-1.000000 -1.000000
-1.000000 -1.000000
-1.000000 -1.000000
759.323853 409.987152
-1.000000 -1.000000
-1.000000 -1.000000
-1.000000 -1.000000
-1.000000 -1.000000
-1.000000 -1.000000
-1.000000 -1.000000
-1.000000 -1.000000
-1.000000 -1.000000
-1.000000 -1.000000
-1.000000 -1.000000
-1.000000 -1.000000
319.301239 241.472137
629.149353 465.004578
925.918701 252.411484
973.691650 273.907379
-1.000000 -1.000000
177.019943 441.846924
-1.000000 -1.000000
-1.000000 -1.000000
-1.000000 -1.000000
-1.000000 -1.000000
-1.000000 -1.000000
-1.000000 -1.000000
-1.000000 -1.000000
358.714355 491.009552
790.424988 398.585297
117.555206 515.636658
-1.000000 -1.000000
-1.000000 -1.000000
59.344616 424.044006
-1.000000 -1.000000
-1.000000 -1.000000
-1.000000 -1.000000
62.913483 430.354004
-1.000000 -1.000000
-1.000000 -1.000000
-1.000000 -1.000000
-1.000000 -1.000000
396.493103 505.360992
-1.000000 -1.000000
-1.000000 -1.000000
-1.000000 -1.000000
-1.000000 -1.000000
624.933350 470.615723
321.523041 234.556137
-1.000000 -1.000000
-1.000000 -1.000000
-1.000000 -1.000000
-1.000000 -1.000000
-1.000000 -1.000000
-1.000000 -1.000000
-1.000000 -1.000000
-1.000000 -1.000000
-1.000000 -1.000000
-1.000000 -1.000000
-1.000000 -1.000000
-1.000000 -1.000000
-1.000000 -1.000000
-1.000000 -1.000000
318.164978 185.154755
-1.000000 -1.000000
112.022423 510.728790
322.605164 264.084167
-1.000000 -1.000000
719.297119 210.011307
-1.000000 -1.000000
-1.000000 -1.000000
-1.000000 -1.000000
-1.000000 -1.000000
-1.000000 -1.000000
-1.000000 -1.000000
533.950867 106.771767
385.520050 249.847458
736.717224 146.447861
-1.000000 -1.000000
308.024597 153.199783
-1.000000 -1.000000
-1.000000 -1.000000
-1.000000 -1.000000
-1.000000 -1.000000
-1.000000 -1.000000
-1.000000 -1.000000
-1.000000 -1.000000
637.612732 466.547516
221.040680 263.432129
323.295837 176.655899
-1.000000 -1.000000
-1.000000 -1.000000
86.148399 491.343079
-1.000000 -1.000000
-1.000000 -1.000000
-1.000000 -1.000000
-1.000000 -1.000000
-1.000000 -1.000000
-1.000000 -1.000000
-1.000000 -1.000000
-1.000000 -1.000000
-1.000000 -1.000000
-1.000000 -1.000000
-1.000000 -1.000000
-1.000000 -1.000000
-1.000000 -1.000000
-1.000000 -1.000000
1006.777100 251.229736
520.789062 501.707733
-1.000000 -1.000000
-1.000000 -1.000000
729.994324 177.317917
-1.000000 -1.000000
-1.000000 -1.000000
-1.000000 -1.000000
319.964233 220.822021
-1.000000 -1.000000
924.860474 250.354263
-1.000000 -1.000000
-1.000000 -1.000000
-1.000000 -1.000000
-1.000000 -1.000000
-1.000000 -1.000000
-1.000000 -1.000000
-1.000000 -1.000000
-1.000000 -1.000000
753.033630 248.546906
631.323669 453.311401
-1.000000 -1.000000
-1.000000 -1.000000
-1.000000 -1.000000
-1.000000 -1.000000
-1.000000 -1.000000
-1.000000 -1.000000
481.960876 40.681442
-1.000000 -1.000000
-1.000000 -1.000000
-1.000000 -1.000000
-1.000000 -1.000000
-1.000000 -1.000000
475.540863 359.341339
-1.000000 -1.000000
361.937775 504.139832
-1.000000 -1.000000
-1.000000 -1.000000
-1.000000 -1.000000
-1.000000 -1.000000
-1.000000 -1.000000
-1.000000 -1.000000
-1.000000 -1.000000
-1.000000 -1.000000
-1.000000 -1.000000
-1.000000 -1.000000
-1.000000 -1.000000
-1.000000 -1.000000
-1.000000 -1.000000
-1.000000 -1.000000
-1.000000 -1.000000
-1.000000 -1.000000
645.310791 456.090057
-1.000000 -1.000000
-1.000000 -1.000000
-1.000000 -1.000000
656.586487 424.430664
672.025146 425.693573
-1.000000 -1.000000
-1.000000 -1.000000
-1.000000 -1.000000
628.310730 471.290955
-1.000000 -1.000000
-1.000000 -1.000000
-1.000000 -1.000000
736.025635 191.600464
-1.000000 -1.000000
-1.000000 -1.000000
734.043640 272.042938
-1.000000 -1.000000
171.051178 196.999908
318.340088 137.839218
-1.000000 -1.000000
-1.000000 -1.000000
-1.000000 -1.000000
500.564880 502.572754
-1.000000 -1.000000
471.116058 371.166840
371.289490 515.689209
-1.000000 -1.000000
-1.000000 -1.000000
-1.000000 -1.000000
-1.000000 -1.000000
776.684021 411.017395
-1.000000 -1.000000
-1.000000 -1.000000
903.458862 250.476669
-1.000000 -1.000000
54.066406 503.428040
-1.000000 -1.000000
-1.000000 -1.000000
-1.000000 -1.000000
-1.000000 -1.000000
549.544983 516.094238
-1.000000 -1.000000
477.559326 498.615997
-1.000000 -1.000000
-1.000000 -1.000000
-1.000000 -1.000000
-1.000000 -1.000000
-1.000000 -1.000000
331.578522 181.778793
320.727417 222.576157
-1.000000 -1.000000
573.249573 516.582825
-1.000000 -1.000000
-1.000000 -1.000000
634.179871 480.422180
-1.000000 -1.000000
-1.000000 -1.000000
-1.000000 -1.000000
-1.000000 -1.000000
55.379128 419.895721
-1.000000 -1.000000
75.227524 490.714661
-1.000000 -1.000000
-1.000000 -1.000000
321.927277 153.176056
-1.000000 -1.000000
-1.000000 -1.000000
-1.000000 -1.000000
-1.000000 -1.000000
321.731323 237.073624
-1.000000 -1.000000
-1.000000 -1.000000
481.129181 381.520081
-1.000000 -1.000000
-1.000000 -1.000000
-1.000000 -1.000000
-1.000000 -1.000000
-1.000000 -1.000000
739.124878 118.437462
-1.000000 -1.000000
-1.000000 -1.000000
-1.000000 -1.000000
-1.000000 -1.000000
-1.000000 -1.000000
537.853088 149.360901
-1.000000 -1.000000
-1.000000 -1.000000
-1.000000 -1.000000
-1.000000 -1.000000
-1.000000 -1.000000
-1.000000 -1.000000
-1.000000 -1.000000
-1.000000 -1.000000
-1.000000 -1.000000
741.749939 104.735970
405.178314 488.501740
385.503754 518.286194
-1.000000 -1.000000
-1.000000 -1.000000
-1.000000 -1.000000
-1.000000 -1.000000
-1.000000 -1.000000
938.424927 232.564911
-1.000000 -1.000000
-1.000000 -1.000000
-1.000000 -1.000000
-1.000000 -1.000000
-1.000000 -1.000000
728.194397 227.076202
-1.000000 -1.000000
-1.000000 -1.000000
-1.000000 -1.000000
-1.000000 -1.000000
962.515076 276.428925
-1.000000 -1.000000
-1.000000 -1.000000
-1.000000 -1.000000
-1.000000 -1.000000
218.101257 256.207489
-1.000000 -1.000000
-1.000000 -1.000000
836.278320 366.488007
-1.000000 -1.000000
63.477009 428.093140
-1.000000 -1.000000
-1.000000 -1.000000
398.415070 519.964172
-1.000000 -1.000000
-1.000000 -1.000000
-1.000000 -1.000000
-1.000000 -1.000000
-1.000000 -1.000000
-1.000000 -1.000000
209.263565 398.481445
337.768097 174.896393
-1.000000 -1.000000
-1.000000 -1.000000
-1.000000 -1.000000
-1.000000 -1.000000
-1.000000 -1.000000
-1.000000 -1.000000
-1.000000 -1.000000
-1.000000 -1.000000
-1.000000 -1.000000
675.237061 418.808441
-1.000000 -1.000000
-1.000000 -1.000000
-1.000000 -1.000000
-1.000000 -1.000000
-1.000000 -1.000000
456.833496 489.862488
-1.000000 -1.000000
-1.000000 -1.000000
