-1.000000 -1.000000
-1.000000 -1.000000
-1.000000 -1.000000
-1.000000 -1.000000
-1.000000 -1.000000
-1.000000 -1.000000
-1.000000 -1.000000
-1.000000 -1.000000
-1.000000 -1.000000
-1.000000 -1.000000
-1.000000 -1.000000
-1.000000 -1.000000
-1.000000 -1.000000
-1.000000 -1.000000
-1.000000 -1.000000
-1.000000 -1.000000
-1.000000 -1.000000
-1.000000 -1.000000
-1.000000 -1.000000
1090.449829 226.692276
-1.000000 -1.000000
-1.000000 -1.000000
1101.694702 183.438171
-1.000000 -1.000000
-1.000000 -1.000000
-1.000000 -1.000000
-1.000000 -1.000000
-1.000000 -1.000000
-1.000000 -1.000000
-1.000000 -1.000000
-1.000000 -1.000000
-1.000000 -1.000000
646.667053 386.755157
798.149841 99.981361
-1.000000 -1.000000
384.796082 229.368988
-1.000000 -1.000000
601.570496 466.939636
-1.000000 -1.000000
-1.000000 -1.000000
-1.000000 -1.000000
-1.000000 -1.000000
445.522736 271.641968
-1.000000 -1.000000
-1.000000 -1.000000
-1.000000 -1.000000
1072.396484 211.816879
-1.000000 -1.000000
-1.000000 -1.000000
-1.000000 -1.000000
-1.000000 -1.000000
940.987488 222.730530
-1.000000 -1.000000
825.945740 251.110779
1087.387817 211.410812
-1.000000 -1.000000
-1.000000 -1.000000
-1.000000 -1.000000
382.087097 213.579498
585.395386 466.692047
1106.326904 222.505417
-1.000000 -1.000000
-1.000000 -1.000000
-1.000000 -1.000000
-1.000000 -1.000000
-1.000000 -1.000000
-1.000000 -1.000000
-1.000000 -1.000000
741.462952 456.036621
-1.000000 -1.000000
-1.000000 -1.000000
378.452362 243.669373
585.066772 444.785431
-1.000000 -1.000000
-1.000000 -1.000000
-1.000000 -1.000000
-1.000000 -1.000000
-1.000000 -1.000000
-1.000000 -1.000000
-1.000000 -1.000000
-1.000000 -1.000000
946.488892 64.271156
731.709045 481.420898
-1.000000 -1.000000
-1.000000 -1.000000
-1.000000 -1.000000
-1.000000 -1.000000
-1.000000 -1.000000
-1.000000 -1.000000
-1.000000 -1.000000
982.836609 222.909119
646.426819 371.188782
-1.000000 -1.000000
-1.000000 -1.000000
-1.000000 -1.000000
-1.000000 -1.000000
-1.000000 -1.000000
-1.000000 -1.000000
-1.000000 -1.000000
629.291504 469.651031
443.144409 41.092953
-1.000000 -1.000000
-1.000000 -1.000000
-1.000000 -1.000000
-1.000000 -1.000000
443.108398 287.912109
752.428101 453.918854
-1.000000 -1.000000
-1.000000 -1.000000
-1.000000 -1.000000
-1.000000 -1.000000
-1.000000 -1.000000
617.479187 464.713501
-1.000000 -1.000000
-1.000000 -1.000000
-1.000000 -1.000000
-1.000000 -1.000000
-1.000000 -1.000000
-1.000000 -1.000000
1069.795898 510.473297
-1.000000 -1.000000
-1.000000 -1.000000
815.186523 261.856506
-1.000000 -1.000000
-1.000000 -1.000000
-1.000000 -1.000000
662.424438 472.697693
-1.000000 -1.000000
-1.000000 -1.000000
435.312653 273.706390
-1.000000 -1.000000
772.999573 438.986420
-1.000000 -1.000000
-1.000000 -1.000000
-1.000000 -1.000000
-1.000000 -1.000000
-1.000000 -1.000000
936.529480 239.990891
618.243652 448.100159
633.196350 455.061279
638.234070 474.156097
-1.000000 -1.000000
-1.000000 -1.000000
-1.000000 -1.000000
933.784546 469.967499
-1.000000 -1.000000
455.009460 292.408417
-1.000000 -1.000000
-1.000000 -1.000000
-1.000000 -1.000000
-1.000000 -1.000000
408.813721 215.674423
-1.000000 -1.000000
-1.000000 -1.000000
-1.000000 -1.000000
-1.000000 -1.000000
-1.000000 -1.000000
-1.000000 -1.000000
-1.000000 -1.000000
742.101929 486.938080
-1.000000 -1.000000
817.128540 245.733475
-1.000000 -1.000000
928.270508 491.145142
-1.000000 -1.000000
-1.000000 -1.000000
-1.000000 -1.000000
-1.000000 -1.000000
792.992920 439.155029
308.249084 238.473114
596.222229 370.313110
833.769653 255.631424
592.959534 384.980774
714.004517 477.559296
-1.000000 -1.000000
-1.000000 -1.000000
734.594299 468.753876
-1.000000 -1.000000
-1.000000 -1.000000
-1.000000 -1.000000
-1.000000 -1.000000
586.892761 425.239838
-1.000000 -1.000000
457.666107 278.041077
-1.000000 -1.000000
1026.822510 249.393219
-1.000000 -1.000000
247.449890 503.141388
-1.000000 -1.000000
-1.000000 -1.000000
-1.000000 -1.000000
-1.000000 -1.000000
-1.000000 -1.000000
432.630005 288.698761
376.825317 233.066132
599.359619 482.664124
759.387512 456.311768
-1.000000 -1.000000
-1.000000 -1.000000
245.688766 518.405640
747.254456 466.999573
-1.000000 -1.000000
407.361115 231.980286
-1.000000 -1.000000
-1.000000 -1.000000
-1.000000 -1.000000
289.048767 225.148880
266.721741 501.224548
-1.000000 -1.000000
-1.000000 -1.000000
-1.000000 -1.000000
-1.000000 -1.000000
928.530457 219.590744
-1.000000 -1.000000
-1.000000 -1.000000
-1.000000 -1.000000
915.459229 498.652863
-1.000000 -1.000000
635.481140 434.646027
-1.000000 -1.000000
-1.000000 -1.000000
918.496643 472.598969
-1.000000 -1.000000
231.755310 500.652039
-1.000000 -1.000000
-1.000000 -1.000000
-1.000000 -1.000000
-1.000000 -1.000000
-1.000000 -1.000000
265.027130 516.554382
-1.000000 -1.000000
-1.000000 -1.000000
649.261230 483.045715
-1.000000 -1.000000
813.458740 99.757133
-1.000000 -1.000000
-1.000000 -1.000000
-1.000000 -1.000000
-1.000000 -1.000000
-1.000000 -1.000000
-1.000000 -1.000000
1059.691650 526.573303
-1.000000 -1.000000
615.317566 480.201630
-1.000000 -1.000000
-1.000000 -1.000000
-1.000000 -1.000000
-1.000000 -1.000000
-1.000000 -1.000000
422.824707 215.451401
229.413086 516.338867
627.007202 488.057739
-1.000000 -1.000000
-1.000000 -1.000000
619.810669 429.430145
-1.000000 -1.000000
-1.000000 -1.000000
490.486511 444.794739
-1.000000 -1.000000
1023.809814 217.589493
-1.000000 -1.000000
-1.000000 -1.000000
949.255249 240.611221
-1.000000 -1.000000
824.419800 265.640503
-1.000000 -1.000000
-1.000000 -1.000000
582.660217 482.489746
-1.000000 -1.000000
-1.000000 -1.000000
-1.000000 -1.000000
405.631683 197.383682
-1.000000 -1.000000
-1.000000 -1.000000
-1.000000 -1.000000
-1.000000 -1.000000
1105.892334 236.851028
-1.000000 -1.000000
-1.000000 -1.000000
-1.000000 -1.000000
1003.549927 258.239044
648.346619 460.626617
-1.000000 -1.000000
-1.000000 -1.000000
-1.000000 -1.000000
807.017334 143.155930
1010.074768 222.547989
605.581543 364.678101
-1.000000 -1.000000
709.538208 451.184509
-1.000000 -1.000000
-1.000000 -1.000000
-1.000000 -1.000000
1102.330200 207.269928
-1.000000 -1.000000
-1.000000 -1.000000
-1.000000 -1.000000
-1.000000 -1.000000
-1.000000 -1.000000
-1.000000 -1.000000
242.891800 533.384766
-1.000000 -1.000000
-1.000000 -1.000000
-1.000000 -1.000000
-1.000000 -1.000000
-1.000000 -1.000000
-1.000000 -1.000000
-1.000000 -1.000000
-1.000000 -1.000000
-1.000000 -1.000000
-1.000000 -1.000000
-1.000000 -1.000000
-1.000000 -1.000000
-1.000000 -1.000000
420.810547 231.797028
810.402710 116.224236
-1.000000 -1.000000
740.004395 501.743347
227.014465 531.760376
-1.000000 -1.000000
-1.000000 -1.000000
-1.000000 -1.000000
-1.000000 -1.000000
-1.000000 -1.000000
-1.000000 -1.000000
-1.000000 -1.000000
-1.000000 -1.000000
-1.000000 -1.000000
690.439026 487.677368
651.352966 174.144821
-1.000000 -1.000000
-1.000000 -1.000000
-1.000000 -1.000000
-1.000000 -1.000000
928.129211 255.439911
261.064697 531.005676
379.817993 200.606506
-1.000000 -1.000000
-1.000000 -1.000000
-1.000000 -1.000000
-1.000000 -1.000000
650.382629 360.943512
-1.000000 -1.000000
-1.000000 -1.000000
-1.000000 -1.000000
638.896729 498.443787
-1.000000 -1.000000
-1.000000 -1.000000
-1.000000 -1.000000
-1.000000 -1.000000
717.626465 456.886108
-1.000000 -1.000000
922.508362 237.666382
831.443970 239.273560
-1.000000 -1.000000
-1.000000 -1.000000
-1.000000 -1.000000
682.238525 403.468231
305.519379 230.829834
798.770752 445.791504
-1.000000 -1.000000
-1.000000 -1.000000
-1.000000 -1.000000
-1.000000 -1.000000
-1.000000 -1.000000
-1.000000 -1.000000
-1.000000 -1.000000
-1.000000 -1.000000
-1.000000 -1.000000
-1.000000 -1.000000
-1.000000 -1.000000
731.403992 162.476044
-1.000000 -1.000000
-1.000000 -1.000000
807.227539 260.139465
-1.000000 -1.000000
-1.000000 -1.000000
-1.000000 -1.000000
-1.000000 -1.000000
-1.000000 -1.000000
-1.000000 -1.000000
-1.000000 -1.000000
-1.000000 -1.000000
437.502960 214.518417
419.604218 199.419540
-1.000000 -1.000000
-1.000000 -1.000000
-1.000000 -1.000000
833.672363 428.745605
-1.000000 -1.000000
308.354950 414.062042
-1.000000 -1.000000
-1.000000 -1.000000
293.445648 412.962646
806.054199 187.497818
-1.000000 -1.000000
-1.000000 -1.000000
309.313477 399.180908
-1.000000 -1.000000
-1.000000 -1.000000
-1.000000 -1.000000
635.122864 173.519241
-1.000000 -1.000000
-1.000000 -1.000000
-1.000000 -1.000000
-1.000000 -1.000000
-1.000000 -1.000000
-1.000000 -1.000000
-1.000000 -1.000000
-1.000000 -1.000000
348.580566 408.382507
-1.000000 -1.000000
-1.000000 -1.000000
293.335022 427.716064
657.790405 497.904297
-1.000000 -1.000000
363.673828 408.324890
-1.000000 -1.000000
333.692261 409.281891
-1.000000 -1.000000
1021.382874 236.598770
469.015808 280.181152
340.645752 393.534729
-1.000000 -1.000000
420.562469 267.128174
310.223480 428.632324
-1.000000 -1.000000
355.689697 393.619598
-1.000000 -1.000000
-1.000000 -1.000000
568.241577 462.349091
-1.000000 -1.000000
467.050323 293.859467
-1.000000 -1.000000
-1.000000 -1.000000
-1.000000 -1.000000
270.742554 204.824326
-1.000000 -1.000000
435.374786 229.338593
348.681366 423.252350
465.995056 489.990997
799.751404 158.745270
-1.000000 -1.000000
-1.000000 -1.000000
756.690491 469.743927
-1.000000 -1.000000
-1.000000 -1.000000
-1.000000 -1.000000
-1.000000 -1.000000
-1.000000 -1.000000
-1.000000 -1.000000
729.897644 495.118164
-1.000000 -1.000000
-1.000000 -1.000000
-1.000000 -1.000000
333.809570 424.130280
-1.000000 -1.000000
-1.000000 -1.000000
-1.000000 -1.000000
363.718903 423.192078
-1.000000 -1.000000
-1.000000 -1.000000
-1.000000 -1.000000
712.766663 144.756973
-1.000000 -1.000000
615.709595 224.835129
-1.000000 -1.000000
-1.000000 -1.000000
-1.000000 -1.000000
-1.000000 -1.000000
-1.000000 -1.000000
-1.000000 -1.000000
599.937439 355.261505
-1.000000 -1.000000
-1.000000 -1.000000
-1.000000 -1.000000
791.163879 262.143799
-1.000000 -1.000000
256.121124 488.012207
-1.000000 -1.000000
-1.000000 -1.000000
-1.000000 -1.000000
1009.260925 238.039490
-1.000000 -1.000000
452.971252 226.053970
-1.000000 -1.000000
-1.000000 -1.000000
-1.000000 -1.000000
-1.000000 -1.000000
325.849640 394.358734
-1.000000 -1.000000
-1.000000 -1.000000
-1.000000 -1.000000
-1.000000 -1.000000
-1.000000 -1.000000
-1.000000 -1.000000
-1.000000 -1.000000
-1.000000 -1.000000
-1.000000 -1.000000
679.517090 362.301575
-1.000000 -1.000000
-1.000000 -1.000000
-1.000000 -1.000000
-1.000000 -1.000000
-1.000000 -1.000000
-1.000000 -1.000000
911.517334 491.470703
712.457764 159.597504
-1.000000 -1.000000
-1.000000 -1.000000
-1.000000 -1.000000
694.976074 145.207443
438.861725 242.203613
-1.000000 -1.000000
-1.000000 -1.000000
726.692139 176.938049
-1.000000 -1.000000
-1.000000 -1.000000
-1.000000 -1.000000
566.786926 477.440033
605.869507 666.064880
919.557251 519.282043
-1.000000 -1.000000
-1.000000 -1.000000
300.186249 226.567139
418.002808 284.256073
-1.000000 -1.000000
-1.000000 -1.000000
-1.000000 -1.000000
-1.000000 -1.000000
582.814148 366.734039
-1.000000 -1.000000
-1.000000 -1.000000
438.859833 302.965698
-1.000000 -1.000000
661.997803 189.970490
-1.000000 -1.000000
1005.174377 460.803925
-1.000000 -1.000000
-1.000000 -1.000000
-1.000000 -1.000000
-1.000000 -1.000000
924.651794 382.386719
-1.000000 -1.000000
-1.000000 -1.000000
278.158386 414.185730
-1.000000 -1.000000
597.730713 307.842072
-1.000000 -1.000000
-1.000000 -1.000000
718.190369 467.380402
-1.000000 -1.000000
-1.000000 -1.000000
-1.000000 -1.000000
615.798096 355.920654
-1.000000 -1.000000
-1.000000 -1.000000
-1.000000 -1.000000
917.181458 398.830841
709.255676 174.615692
-1.000000 -1.000000
-1.000000 -1.000000
-1.000000 -1.000000
-1.000000 -1.000000
810.907715 232.147583
-1.000000 -1.000000
606.039612 653.028442
-1.000000 -1.000000
-1.000000 -1.000000
-1.000000 -1.000000
901.351074 398.840179
-1.000000 -1.000000
-1.000000 -1.000000
287.816528 485.098755
-1.000000 -1.000000
-1.000000 -1.000000
-1.000000 -1.000000
-1.000000 -1.000000
909.283264 383.279480
-1.000000 -1.000000
-1.000000 -1.000000
-1.000000 -1.000000
-1.000000 -1.000000
-1.000000 -1.000000
-1.000000 -1.000000
839.844849 261.183014
566.059570 447.987640
-1.000000 -1.000000
-1.000000 -1.000000
636.836975 244.705002
-1.000000 -1.000000
711.269165 427.708954
-1.000000 -1.000000
603.784912 322.615631
434.525848 200.746552
-1.000000 -1.000000
429.832489 303.518707
-1.000000 -1.000000
-1.000000 -1.000000
-1.000000 -1.000000
-1.000000 -1.000000
-1.000000 -1.000000
-1.000000 -1.000000
310.845612 239.274780
914.817078 417.984070
-1.000000 -1.000000
-1.000000 -1.000000
-1.000000 -1.000000
-1.000000 -1.000000
-1.000000 -1.000000
-1.000000 -1.000000
1085.811646 271.600281
-1.000000 -1.000000
895.622131 416.594482
-1.000000 -1.000000
-1.000000 -1.000000
941.877197 256.376190
756.579224 186.444794
-1.000000 -1.000000
-1.000000 -1.000000
-1.000000 -1.000000
-1.000000 -1.000000
613.638550 664.397095
-1.000000 -1.000000
-1.000000 -1.000000
-1.000000 -1.000000
581.180603 355.215607
483.873108 270.343658
-1.000000 -1.000000
-1.000000 -1.000000
-1.000000 -1.000000
-1.000000 -1.000000
-1.000000 -1.000000
-1.000000 -1.000000
-1.000000 -1.000000
454.062195 270.575500
-1.000000 -1.000000
1026.863770 239.114990
-1.000000 -1.000000
-1.000000 -1.000000
-1.000000 -1.000000
-1.000000 -1.000000
768.511292 426.201660
-1.000000 -1.000000
-1.000000 -1.000000
479.543549 493.945129
-1.000000 -1.000000
-1.000000 -1.000000
894.306030 383.445953
-1.000000 -1.000000
-1.000000 -1.000000
-1.000000 -1.000000
580.381531 334.615601
724.132507 410.611206
-1.000000 -1.000000
-1.000000 -1.000000
-1.000000 -1.000000
-1.000000 -1.000000
605.536438 677.510132
400.025391 167.415649
-1.000000 -1.000000
-1.000000 -1.000000
415.336853 299.143463
-1.000000 -1.000000
-1.000000 -1.000000
695.715881 158.967148
-1.000000 -1.000000
-1.000000 -1.000000
-1.000000 -1.000000
756.493469 415.100067
-1.000000 -1.000000
-1.000000 -1.000000
-1.000000 -1.000000
-1.000000 -1.000000
-1.000000 -1.000000
-1.000000 -1.000000
835.199158 263.267670
-1.000000 -1.000000
-1.000000 -1.000000
-1.000000 -1.000000
623.570618 160.223404
-1.000000 -1.000000
757.895386 428.758759
-1.000000 -1.000000
-1.000000 -1.000000
-1.000000 -1.000000
-1.000000 -1.000000
-1.000000 -1.000000
-1.000000 -1.000000
-1.000000 -1.000000
850.830078 409.699707
-1.000000 -1.000000
-1.000000 -1.000000
-1.000000 -1.000000
-1.000000 -1.000000
-1.000000 -1.000000
-1.000000 -1.000000
-1.000000 -1.000000
613.362427 651.485596
-1.000000 -1.000000
-1.000000 -1.000000
-1.000000 -1.000000
375.384308 239.225540
724.217041 460.012268
1015.495605 251.985611
1070.612061 274.026184
-1.000000 -1.000000
278.053070 428.936279
-1.000000 -1.000000
-1.000000 -1.000000
-1.000000 -1.000000
471.931244 267.738129
-1.000000 -1.000000
-1.000000 -1.000000
-1.000000 -1.000000
451.761414 480.792755
886.149109 398.801086
220.400070 498.535431
-1.000000 -1.000000
-1.000000 -1.000000
166.062500 405.210541
-1.000000 -1.000000
-1.000000 -1.000000
-1.000000 -1.000000
169.535217 411.561798
-1.000000 -1.000000
-1.000000 -1.000000
-1.000000 -1.000000
-1.000000 -1.000000
490.723816 496.441833
-1.000000 -1.000000
-1.000000 -1.000000
-1.000000 -1.000000
-1.000000 -1.000000
719.454041 465.982147
399.085114 231.382553
-1.000000 -1.000000
-1.000000 -1.000000
-1.000000 -1.000000
-1.000000 -1.000000
-1.000000 -1.000000
-1.000000 -1.000000
-1.000000 -1.000000
-1.000000 -1.000000
-1.000000 -1.000000
-1.000000 -1.000000
-1.000000 -1.000000
-1.000000 -1.000000
-1.000000 -1.000000
-1.000000 -1.000000
406.361481 180.902954
-1.000000 -1.000000
215.086945 493.438416
397.232086 251.673828
-1.000000 -1.000000
804.009888 206.260391
-1.000000 -1.000000
-1.000000 -1.000000
449.175934 269.364838
-1.000000 -1.000000
-1.000000 -1.000000
-1.000000 -1.000000
619.484863 101.552696
487.007935 242.894379
822.476685 141.706436
549.492004 257.003906
397.437775 146.813110
-1.000000 -1.000000
-1.000000 -1.000000
-1.000000 -1.000000
-1.000000 -1.000000
-1.000000 -1.000000
596.753601 665.381165
-1.000000 -1.000000
732.866089 462.870941
313.237122 254.577805
412.116089 168.735031
-1.000000 -1.000000
-1.000000 -1.000000
190.888107 473.769196
-1.000000 -1.000000
-1.000000 -1.000000
-1.000000 -1.000000
-1.000000 -1.000000
-1.000000 -1.000000
-1.000000 -1.000000
-1.000000 -1.000000
-1.000000 -1.000000
-1.000000 -1.000000
-1.000000 -1.000000
596.100037 677.420105
-1.000000 -1.000000
-1.000000 -1.000000
-1.000000 -1.000000
1102.221069 251.333435
611.554688 496.033173
-1.000000 -1.000000
-1.000000 -1.000000
815.240784 172.996918
-1.000000 -1.000000
-1.000000 -1.000000
-1.000000 -1.000000
398.289093 216.722382
-1.000000 -1.000000
1014.395081 249.906921
-1.000000 -1.000000
-1.000000 -1.000000
447.440308 286.324371
-1.000000 -1.000000
578.842834 300.392426
-1.000000 -1.000000
-1.000000 -1.000000
-1.000000 -1.000000
837.570740 245.724030
726.195862 448.406555
-1.000000 -1.000000
-1.000000 -1.000000
-1.000000 -1.000000
-1.000000 -1.000000
-1.000000 -1.000000
452.476044 254.210876
567.061035 40.329014
-1.000000 -1.000000
-1.000000 -1.000000
613.905457 676.735657
460.535736 265.461914
-1.000000 -1.000000
567.070984 352.128845
-1.000000 -1.000000
455.125671 494.235535
-1.000000 -1.000000
-1.000000 -1.000000
-1.000000 -1.000000
-1.000000 -1.000000
-1.000000 -1.000000
-1.000000 -1.000000
-1.000000 -1.000000
591.035889 662.006592
-1.000000 -1.000000
-1.000000 -1.000000
-1.000000 -1.000000
-1.000000 -1.000000
-1.000000 -1.000000
-1.000000 -1.000000
-1.000000 -1.000000
-1.000000 -1.000000
740.149292 452.329712
-1.000000 -1.000000
-1.000000 -1.000000
-1.000000 -1.000000
745.221252 422.381744
760.958679 423.833618
-1.000000 -1.000000
-1.000000 -1.000000
590.606628 676.064087
723.308655 466.862061
-1.000000 -1.000000
-1.000000 -1.000000
-1.000000 -1.000000
821.090759 187.363159
597.314453 652.353271
-1.000000 -1.000000
818.429138 269.103485
-1.000000 -1.000000
265.890076 191.589798
407.820862 132.007523
-1.000000 -1.000000
-1.000000 -1.000000
-1.000000 -1.000000
591.264221 496.537689
-1.000000 -1.000000
563.313354 365.057281
464.905670 505.752014
-1.000000 -1.000000
-1.000000 -1.000000
-1.000000 -1.000000
-1.000000 -1.000000
868.417053 411.244934
-1.000000 -1.000000
-1.000000 -1.000000
992.889526 249.869354
-1.000000 -1.000000
158.564255 485.329132
-1.000000 -1.000000
-1.000000 -1.000000
-1.000000 -1.000000
-1.000000 -1.000000
639.982239 510.614685
-1.000000 -1.000000
568.265808 492.169037
-1.000000 -1.000000
-1.000000 -1.000000
-1.000000 -1.000000
-1.000000 -1.000000
-1.000000 -1.000000
420.890808 180.808746
400.554382 218.948608
-1.000000 -1.000000
663.259521 511.517334
-1.000000 -1.000000
-1.000000 -1.000000
729.555176 477.844391
-1.000000 -1.000000
-1.000000 -1.000000
-1.000000 -1.000000
-1.000000 -1.000000
162.156662 401.066254
-1.000000 -1.000000
180.169998 473.218506
-1.000000 -1.000000
-1.000000 -1.000000
411.156555 147.781204
-1.000000 -1.000000
-1.000000 -1.000000
-1.000000 -1.000000
-1.000000 -1.000000
401.074310 234.023590
-1.000000 -1.000000
-1.000000 -1.000000
572.493103 373.100983
-1.000000 -1.000000
-1.000000 -1.000000
-1.000000 -1.000000
-1.000000 -1.000000
-1.000000 -1.000000
825.431519 113.937317
-1.000000 -1.000000
-1.000000 -1.000000
-1.000000 -1.000000
-1.000000 -1.000000
567.398254 309.883575
622.904907 144.030884
-1.000000 -1.000000
-1.000000 -1.000000
-1.000000 -1.000000
591.025574 648.564026
-1.000000 -1.000000
-1.000000 -1.000000
-1.000000 -1.000000
-1.000000 -1.000000
-1.000000 -1.000000
828.352112 99.205299
499.135742 479.548767
479.415497 508.669830
-1.000000 -1.000000
-1.000000 -1.000000
-1.000000 -1.000000
-1.000000 -1.000000
-1.000000 -1.000000
1028.093140 232.265381
625.143738 668.398987
-1.000000 -1.000000
-1.000000 -1.000000
-1.000000 -1.000000
-1.000000 -1.000000
812.749573 224.023468
-1.000000 -1.000000
-1.000000 -1.000000
-1.000000 -1.000000
-1.000000 -1.000000
1059.592773 276.659485
-1.000000 -1.000000
-1.000000 -1.000000
-1.000000 -1.000000
-1.000000 -1.000000
311.200745 246.795059
-1.000000 -1.000000
-1.000000 -1.000000
933.679932 369.101440
-1.000000 -1.000000
170.133636 409.287292
-1.000000 -1.000000
-1.000000 -1.000000
492.981476 510.579132
-1.000000 -1.000000
-1.000000 -1.000000
-1.000000 -1.000000
-1.000000 -1.000000
-1.000000 -1.000000
-1.000000 -1.000000
310.008881 385.728027
426.712494 168.546112
-1.000000 -1.000000
-1.000000 -1.000000
-1.000000 -1.000000
-1.000000 -1.000000
-1.000000 -1.000000
-1.000000 -1.000000
-1.000000 -1.000000
-1.000000 -1.000000
-1.000000 -1.000000
764.004272 416.754120
-1.000000 -1.000000
-1.000000 -1.000000
-1.000000 -1.000000
-1.000000 -1.000000
-1.000000 -1.000000
548.361328 482.329163
-1.000000 -1.000000
-1.000000 -1.000000
