-1.000000 -1.000000
-1.000000 -1.000000
-1.000000 -1.000000
-1.000000 -1.000000
-1.000000 -1.000000
-1.000000 -1.000000
-1.000000 -1.000000
-1.000000 -1.000000
-1.000000 -1.000000
-1.000000 -1.000000
-1.000000 -1.000000
-1.000000 -1.000000
-1.000000 -1.000000
-1.000000 -1.000000
-1.000000 -1.000000
-1.000000 -1.000000
-1.000000 -1.000000
-1.000000 -1.000000
-1.000000 -1.000000
972.487549 227.863632
-1.000000 -1.000000
-1.000000 -1.000000
982.424988 186.970795
-1.000000 -1.000000
-1.000000 -1.000000
-1.000000 -1.000000
-1.000000 -1.000000
-1.000000 -1.000000
-1.000000 -1.000000
-1.000000 -1.000000
-1.000000 -1.000000
-1.000000 -1.000000
-1.000000 -1.000000
689.828186 106.259613
-1.000000 -1.000000
329.571259 232.623825
-1.000000 -1.000000
486.224426 469.828613
-1.000000 -1.000000
-1.000000 -1.000000
-1.000000 -1.000000
-1.000000 -1.000000
-1.000000 -1.000000
-1.000000 -1.000000
-1.000000 -1.000000
-1.000000 -1.000000
954.138611 213.457840
-1.000000 -1.000000
-1.000000 -1.000000
-1.000000 -1.000000
-1.000000 -1.000000
832.092102 225.089462
-1.000000 -1.000000
720.382202 253.470184
969.120544 212.679550
-1.000000 -1.000000
-1.000000 -1.000000
-1.000000 -1.000000
325.946014 220.082535
469.069183 469.931732
987.706299 223.341782
-1.000000 -1.000000
-1.000000 -1.000000
-1.000000 -1.000000
-1.000000 -1.000000
-1.000000 -1.000000
-1.000000 -1.000000
-1.000000 -1.000000
618.366699 457.178894
-1.000000 -1.000000
-1.000000 -1.000000
327.898132 245.876984
469.368103 447.752197
-1.000000 -1.000000
-1.000000 -1.000000
-1.000000 -1.000000
-1.000000 -1.000000
-1.000000 -1.000000
-1.000000 -1.000000
-1.000000 -1.000000
-1.000000 -1.000000
835.143005 72.622795
608.007507 481.123688
-1.000000 -1.000000
-1.000000 -1.000000
-1.000000 -1.000000
-1.000000 -1.000000
-1.000000 -1.000000
-1.000000 -1.000000
-1.000000 -1.000000
872.797668 225.689514
-1.000000 -1.000000
-1.000000 -1.000000
-1.000000 -1.000000
-1.000000 -1.000000
-1.000000 -1.000000
-1.000000 -1.000000
-1.000000 -1.000000
-1.000000 -1.000000
514.040405 471.474457
328.849426 41.102264
-1.000000 -1.000000
-1.000000 -1.000000
-1.000000 -1.000000
-1.000000 -1.000000
-1.000000 -1.000000
629.926086 453.896973
-1.000000 -1.000000
-1.000000 -1.000000
-1.000000 -1.000000
-1.000000 -1.000000
-1.000000 -1.000000
502.495331 466.996979
-1.000000 -1.000000
-1.000000 -1.000000
-1.000000 -1.000000
-1.000000 -1.000000
-1.000000 -1.000000
-1.000000 -1.000000
938.963013 499.073944
-1.000000 -1.000000
-1.000000 -1.000000
709.568420 264.226990
-1.000000 -1.000000
-1.000000 -1.000000
-1.000000 -1.000000
547.085632 474.607941
-1.000000 -1.000000
-1.000000 -1.000000
349.854340 247.929108
-1.000000 -1.000000
660.279663 437.873383
-1.000000 -1.000000
-1.000000 -1.000000
-1.000000 -1.000000
-1.000000 -1.000000
-1.000000 -1.000000
824.393005 245.990692
504.120087 450.154114
518.626099 456.747192
522.745117 475.972046
-1.000000 -1.000000
-1.000000 -1.000000
-1.000000 -1.000000
811.114563 464.873779
-1.000000 -1.000000
-1.000000 -1.000000
-1.000000 -1.000000
-1.000000 -1.000000
-1.000000 -1.000000
-1.000000 -1.000000
330.921509 218.950806
-1.000000 -1.000000
-1.000000 -1.000000
-1.000000 -1.000000
-1.000000 -1.000000
-1.000000 -1.000000
-1.000000 -1.000000
-1.000000 -1.000000
618.020630 485.816650
-1.000000 -1.000000
711.548950 248.109222
-1.000000 -1.000000
802.425232 485.317017
-1.000000 -1.000000
-1.000000 -1.000000
-1.000000 -1.000000
-1.000000 -1.000000
677.653503 439.302704
191.013992 246.074631
480.072754 377.435944
728.244812 257.985962
475.633514 393.105225
594.656311 478.747772
-1.000000 -1.000000
-1.000000 -1.000000
611.211975 470.061249
-1.000000 -1.000000
-1.000000 -1.000000
-1.000000 -1.000000
-1.000000 -1.000000
471.633423 426.799988
-1.000000 -1.000000
-1.000000 -1.000000
-1.000000 -1.000000
914.744202 250.635330
-1.000000 -1.000000
116.942909 515.701172
-1.000000 -1.000000
-1.000000 -1.000000
-1.000000 -1.000000
-1.000000 -1.000000
-1.000000 -1.000000
342.653748 261.378479
329.286865 235.503372
483.003418 485.870667
636.629883 455.012512
-1.000000 -1.000000
-1.000000 -1.000000
114.812675 531.110596
623.853333 466.188141
-1.000000 -1.000000
333.360626 233.081146
-1.000000 -1.000000
-1.000000 -1.000000
-1.000000 -1.000000
171.491425 233.767838
-1.000000 -1.000000
-1.000000 -1.000000
-1.000000 -1.000000
-1.000000 -1.000000
-1.000000 -1.000000
819.767273 221.370834
-1.000000 -1.000000
-1.000000 -1.000000
-1.000000 -1.000000
787.574768 492.825806
-1.000000 -1.000000
522.422058 435.750519
-1.000000 -1.000000
-1.000000 -1.000000
793.864197 467.227814
-1.000000 -1.000000
101.039520 513.298157
-1.000000 -1.000000
-1.000000 -1.000000
-1.000000 -1.000000
-1.000000 -1.000000
-1.000000 -1.000000
-1.000000 -1.000000
-1.000000 -1.000000
-1.000000 -1.000000
533.971497 485.143799
-1.000000 -1.000000
705.121826 106.184280
-1.000000 -1.000000
-1.000000 -1.000000
-1.000000 -1.000000
-1.000000 -1.000000
-1.000000 -1.000000
-1.000000 -1.000000
928.011536 515.610229
-1.000000 -1.000000
499.764740 482.883209
-1.000000 -1.000000
-1.000000 -1.000000
-1.000000 -1.000000
-1.000000 -1.000000
-1.000000 -1.000000
339.346680 218.194748
98.342941 529.312988
511.554565 490.508331
-1.000000 -1.000000
-1.000000 -1.000000
507.213928 431.681152
-1.000000 -1.000000
-1.000000 -1.000000
-1.000000 -1.000000
-1.000000 -1.000000
912.425537 220.568695
-1.000000 -1.000000
-1.000000 -1.000000
837.027405 246.210968
-1.000000 -1.000000
718.676880 267.975739
-1.000000 -1.000000
-1.000000 -1.000000
465.825500 485.842865
-1.000000 -1.000000
-1.000000 -1.000000
-1.000000 -1.000000
315.956451 203.929001
-1.000000 -1.000000
-1.000000 -1.000000
-1.000000 -1.000000
-1.000000 -1.000000
987.490967 237.846069
-1.000000 -1.000000
-1.000000 -1.000000
-1.000000 -1.000000
891.417053 259.560974
532.807800 462.373077
-1.000000 -1.000000
-1.000000 -1.000000
-1.000000 -1.000000
699.704712 148.724716
898.408020 224.289871
489.921600 370.859344
-1.000000 -1.000000
593.370544 452.132843
-1.000000 -1.000000
-1.000000 -1.000000
-1.000000 -1.000000
983.723083 208.284912
-1.000000 -1.000000
-1.000000 -1.000000
-1.000000 -1.000000
-1.000000 -1.000000
-1.000000 -1.000000
-1.000000 -1.000000
111.741554 546.141479
-1.000000 -1.000000
-1.000000 -1.000000
-1.000000 -1.000000
-1.000000 -1.000000
-1.000000 -1.000000
-1.000000 -1.000000
-1.000000 -1.000000
-1.000000 -1.000000
-1.000000 -1.000000
-1.000000 -1.000000
-1.000000 -1.000000
-1.000000 -1.000000
-1.000000 -1.000000
340.485260 228.754257
702.520813 122.076355
-1.000000 -1.000000
616.207581 500.604156
95.687042 544.824158
-1.000000 -1.000000
-1.000000 -1.000000
-1.000000 -1.000000
-1.000000 -1.000000
-1.000000 -1.000000
-1.000000 -1.000000
-1.000000 -1.000000
-1.000000 -1.000000
-1.000000 -1.000000
588.851257 493.004822
545.715698 179.354279
-1.000000 -1.000000
-1.000000 -1.000000
-1.000000 -1.000000
-1.000000 -1.000000
813.631042 261.494904
130.647919 542.889954
320.062866 213.369415
-1.000000 -1.000000
-1.000000 -1.000000
-1.000000 -1.000000
-1.000000 -1.000000
-1.000000 -1.000000
-1.000000 -1.000000
-1.000000 -1.000000
-1.000000 -1.000000
522.970398 501.022614
-1.000000 -1.000000
-1.000000 -1.000000
-1.000000 -1.000000
-1.000000 -1.000000
596.531128 459.552277
-1.000000 -1.000000
810.491455 243.430237
725.772766 241.619675
-1.000000 -1.000000
-1.000000 -1.000000
-1.000000 -1.000000
570.097717 405.837891
188.156189 238.458267
680.495056 445.651245
-1.000000 -1.000000
-1.000000 -1.000000
-1.000000 -1.000000
-1.000000 -1.000000
-1.000000 -1.000000
-1.000000 -1.000000
-1.000000 -1.000000
-1.000000 -1.000000
-1.000000 -1.000000
-1.000000 -1.000000
-1.000000 -1.000000
-1.000000 -1.000000
-1.000000 -1.000000
-1.000000 -1.000000
701.674500 262.578369
-1.000000 -1.000000
-1.000000 -1.000000
-1.000000 -1.000000
-1.000000 -1.000000
-1.000000 -1.000000
-1.000000 -1.000000
-1.000000 -1.000000
-1.000000 -1.000000
-1.000000 -1.000000
-1.000000 -1.000000
-1.000000 -1.000000
-1.000000 -1.000000
-1.000000 -1.000000
712.733459 427.690399
-1.000000 -1.000000
179.120331 423.366241
-1.000000 -1.000000
-1.000000 -1.000000
164.181213 422.354797
699.637695 192.208405
-1.000000 -1.000000
-1.000000 -1.000000
180.097153 408.467194
-1.000000 -1.000000
-1.000000 -1.000000
-1.000000 -1.000000
529.495728 178.832352
-1.000000 -1.000000
-1.000000 -1.000000
-1.000000 -1.000000
-1.000000 -1.000000
-1.000000 -1.000000
-1.000000 -1.000000
-1.000000 -1.000000
-1.000000 -1.000000
221.533981 417.183441
-1.000000 -1.000000
-1.000000 -1.000000
164.067322 437.113098
542.648193 500.916290
-1.000000 -1.000000
236.589783 417.031525
-1.000000 -1.000000
206.632721 418.214386
-1.000000 -1.000000
909.644409 237.956924
-1.000000 -1.000000
213.554413 402.394379
-1.000000 -1.000000
344.755035 254.305695
180.999542 437.954681
-1.000000 -1.000000
228.590546 402.337341
-1.000000 -1.000000
-1.000000 -1.000000
451.308990 465.852234
-1.000000 -1.000000
-1.000000 -1.000000
-1.000000 -1.000000
-1.000000 -1.000000
-1.000000 -1.000000
152.633667 213.695175
-1.000000 -1.000000
349.918518 222.934357
221.679916 432.056122
345.917908 495.936707
692.782104 163.621246
-1.000000 -1.000000
-1.000000 -1.000000
633.252625 468.805237
-1.000000 -1.000000
-1.000000 -1.000000
-1.000000 -1.000000
-1.000000 -1.000000
-1.000000 -1.000000
-1.000000 -1.000000
606.146301 494.512878
-1.000000 -1.000000
-1.000000 -1.000000
-1.000000 -1.000000
206.723724 433.078796
-1.000000 -1.000000
-1.000000 -1.000000
-1.000000 -1.000000
236.625992 431.901672
-1.000000 -1.000000
-1.000000 -1.000000
-1.000000 -1.000000
606.912476 149.958069
-1.000000 -1.000000
512.037415 231.180130
-1.000000 -1.000000
-1.000000 -1.000000
-1.000000 -1.000000
-1.000000 -1.000000
-1.000000 -1.000000
-1.000000 -1.000000
484.758820 362.979828
-1.000000 -1.000000
-1.000000 -1.000000
-1.000000 -1.000000
685.846375 264.815491
-1.000000 -1.000000
126.448372 499.451752
-1.000000 -1.000000
-1.000000 -1.000000
-1.000000 -1.000000
897.501343 239.476501
-1.000000 -1.000000
369.777771 222.986023
-1.000000 -1.000000
-1.000000 -1.000000
-1.000000 -1.000000
-1.000000 -1.000000
198.676437 403.306183
-1.000000 -1.000000
-1.000000 -1.000000
-1.000000 -1.000000
-1.000000 -1.000000
-1.000000 -1.000000
-1.000000 -1.000000
-1.000000 -1.000000
-1.000000 -1.000000
-1.000000 -1.000000
567.138794 365.736969
-1.000000 -1.000000
-1.000000 -1.000000
-1.000000 -1.000000
-1.000000 -1.000000
-1.000000 -1.000000
-1.000000 -1.000000
784.283997 486.289734
606.755981 164.702454
-1.000000 -1.000000
-1.000000 -1.000000
-1.000000 -1.000000
589.212769 150.276382
353.359589 227.918564
-1.000000 -1.000000
-1.000000 -1.000000
621.334106 181.831955
-1.000000 -1.000000
-1.000000 -1.000000
-1.000000 -1.000000
449.744751 480.894440
534.969421 658.164978
783.318665 508.087830
-1.000000 -1.000000
-1.000000 -1.000000
182.750854 234.287567
-1.000000 -1.000000
-1.000000 -1.000000
-1.000000 -1.000000
-1.000000 -1.000000
-1.000000 -1.000000
466.657562 373.858307
-1.000000 -1.000000
-1.000000 -1.000000
-1.000000 -1.000000
-1.000000 -1.000000
556.701599 195.089752
-1.000000 -1.000000
895.785645 457.628113
-1.000000 -1.000000
-1.000000 -1.000000
-1.000000 -1.000000
-1.000000 -1.000000
801.346802 379.124207
-1.000000 -1.000000
-1.000000 -1.000000
148.887619 423.555695
-1.000000 -1.000000
479.211090 318.427521
-1.000000 -1.000000
-1.000000 -1.000000
596.757629 469.588318
-1.000000 -1.000000
-1.000000 -1.000000
-1.000000 -1.000000
-1.000000 -1.000000
-1.000000 -1.000000
-1.000000 -1.000000
-1.000000 -1.000000
794.252747 396.139526
603.840271 179.622498
-1.000000 -1.000000
-1.000000 -1.000000
-1.000000 -1.000000
-1.000000 -1.000000
705.131226 234.664780
-1.000000 -1.000000
535.042480 645.104736
-1.000000 -1.000000
-1.000000 -1.000000
-1.000000 -1.000000
778.498047 396.375031
-1.000000 -1.000000
-1.000000 -1.000000
162.841064 494.710571
-1.000000 -1.000000
-1.000000 -1.000000
-1.000000 -1.000000
-1.000000 -1.000000
786.082947 380.651001
-1.000000 -1.000000
-1.000000 -1.000000
-1.000000 -1.000000
-1.000000 -1.000000
-1.000000 -1.000000
-1.000000 -1.000000
734.322327 263.524902
448.997437 451.462738
-1.000000 -1.000000
-1.000000 -1.000000
533.076111 249.580383
-1.000000 -1.000000
593.463440 429.542908
-1.000000 -1.000000
485.808441 332.669037
-1.000000 -1.000000
-1.000000 -1.000000
-1.000000 -1.000000
-1.000000 -1.000000
-1.000000 -1.000000
-1.000000 -1.000000
-1.000000 -1.000000
-1.000000 -1.000000
-1.000000 -1.000000
193.592087 246.919037
793.310608 413.791901
-1.000000 -1.000000
-1.000000 -1.000000
-1.000000 -1.000000
-1.000000 -1.000000
-1.000000 -1.000000
-1.000000 -1.000000
963.189209 272.650635
-1.000000 -1.000000
774.393921 412.827057
-1.000000 -1.000000
-1.000000 -1.000000
827.068848 262.710754
651.367676 191.128891
-1.000000 -1.000000
-1.000000 -1.000000
-1.000000 -1.000000
-1.000000 -1.000000
-1.000000 -1.000000
-1.000000 -1.000000
-1.000000 -1.000000
-1.000000 -1.000000
465.600403 361.750031
365.283386 268.638763
-1.000000 -1.000000
-1.000000 -1.000000
-1.000000 -1.000000
-1.000000 -1.000000
-1.000000 -1.000000
-1.000000 -1.000000
-1.000000 -1.000000
-1.000000 -1.000000
-1.000000 -1.000000
914.973206 240.406082
-1.000000 -1.000000
-1.000000 -1.000000
-1.000000 -1.000000
-1.000000 -1.000000
654.966248 425.543060
-1.000000 -1.000000
-1.000000 -1.000000
359.442627 499.143372
-1.000000 -1.000000
-1.000000 -1.000000
771.830750 381.072723
-1.000000 -1.000000
-1.000000 -1.000000
-1.000000 -1.000000
463.012054 343.761139
609.626343 411.561279
-1.000000 -1.000000
-1.000000 -1.000000
-1.000000 -1.000000
-1.000000 -1.000000
-1.000000 -1.000000
289.102936 171.847137
-1.000000 -1.000000
-1.000000 -1.000000
-1.000000 -1.000000
-1.000000 -1.000000
-1.000000 -1.000000
590.154602 164.028534
-1.000000 -1.000000
-1.000000 -1.000000
-1.000000 -1.000000
642.740967 415.226898
-1.000000 -1.000000
-1.000000 -1.000000
-1.000000 -1.000000
-1.000000 -1.000000
-1.000000 -1.000000
-1.000000 -1.000000
729.626099 265.612549
-1.000000 -1.000000
-1.000000 -1.000000
-1.000000 -1.000000
517.532776 165.692322
-1.000000 -1.000000
643.473877 427.913574
-1.000000 -1.000000
-1.000000 -1.000000
-1.000000 -1.000000
-1.000000 -1.000000
-1.000000 -1.000000
-1.000000 -1.000000
-1.000000 -1.000000
734.131287 407.830780
-1.000000 -1.000000
-1.000000 -1.000000
-1.000000 -1.000000
-1.000000 -1.000000
-1.000000 -1.000000
-1.000000 -1.000000
-1.000000 -1.000000
-1.000000 -1.000000
-1.000000 -1.000000
-1.000000 -1.000000
-1.000000 -1.000000
328.447906 240.871140
601.334106 463.147522
903.526184 253.320618
946.694824 274.918701
-1.000000 -1.000000
148.778702 438.304932
-1.000000 -1.000000
-1.000000 -1.000000
-1.000000 -1.000000
-1.000000 -1.000000
-1.000000 -1.000000
-1.000000 -1.000000
-1.000000 -1.000000
332.153320 487.530182
764.133240 396.456635
89.635834 511.339050
-1.000000 -1.000000
-1.000000 -1.000000
-1.000000 -1.000000
-1.000000 -1.000000
-1.000000 -1.000000
-1.000000 -1.000000
-1.000000 -1.000000
-1.000000 -1.000000
-1.000000 -1.000000
-1.000000 -1.000000
-1.000000 -1.000000
369.710449 501.801270
-1.000000 -1.000000
-1.000000 -1.000000
-1.000000 -1.000000
-1.000000 -1.000000
597.567200 468.477966
330.716492 234.220840
-1.000000 -1.000000
-1.000000 -1.000000
-1.000000 -1.000000
-1.000000 -1.000000
-1.000000 -1.000000
-1.000000 -1.000000
-1.000000 -1.000000
-1.000000 -1.000000
-1.000000 -1.000000
-1.000000 -1.000000
-1.000000 -1.000000
-1.000000 -1.000000
-1.000000 -1.000000
-1.000000 -1.000000
303.990295 190.171066
-1.000000 -1.000000
84.120659 506.367798
327.712830 261.149353
-1.000000 -1.000000
698.064758 210.315247
-1.000000 -1.000000
-1.000000 -1.000000
-1.000000 -1.000000
-1.000000 -1.000000
-1.000000 -1.000000
-1.000000 -1.000000
512.167969 106.873634
377.736511 244.126038
715.121521 147.550980
-1.000000 -1.000000
285.369812 152.354828
-1.000000 -1.000000
-1.000000 -1.000000
-1.000000 -1.000000
-1.000000 -1.000000
-1.000000 -1.000000
-1.000000 -1.000000
-1.000000 -1.000000
609.499023 464.684875
197.276886 262.330627
301.136475 168.949936
-1.000000 -1.000000
-1.000000 -1.000000
57.495327 487.156403
-1.000000 -1.000000
-1.000000 -1.000000
-1.000000 -1.000000
-1.000000 -1.000000
-1.000000 -1.000000
-1.000000 -1.000000
-1.000000 -1.000000
-1.000000 -1.000000
-1.000000 -1.000000
-1.000000 -1.000000
-1.000000 -1.000000
-1.000000 -1.000000
-1.000000 -1.000000
-1.000000 -1.000000
983.545227 252.376968
494.694916 498.862793
-1.000000 -1.000000
-1.000000 -1.000000
708.518433 178.141983
-1.000000 -1.000000
-1.000000 -1.000000
-1.000000 -1.000000
327.668976 220.663162
-1.000000 -1.000000
902.477356 251.264084
-1.000000 -1.000000
-1.000000 -1.000000
-1.000000 -1.000000
-1.000000 -1.000000
-1.000000 -1.000000
-1.000000 -1.000000
-1.000000 -1.000000
-1.000000 -1.000000
731.984497 248.067245
603.385559 451.566040
-1.000000 -1.000000
-1.000000 -1.000000
-1.000000 -1.000000
-1.000000 -1.000000
-1.000000 -1.000000
-1.000000 -1.000000
461.179840 40.418182
-1.000000 -1.000000
-1.000000 -1.000000
-1.000000 -1.000000
-1.000000 -1.000000
-1.000000 -1.000000
449.790924 357.912201
-1.000000 -1.000000
335.470459 500.592712
-1.000000 -1.000000
-1.000000 -1.000000
-1.000000 -1.000000
-1.000000 -1.000000
-1.000000 -1.000000
-1.000000 -1.000000
-1.000000 -1.000000
-1.000000 -1.000000
-1.000000 -1.000000
-1.000000 -1.000000
-1.000000 -1.000000
-1.000000 -1.000000
-1.000000 -1.000000
-1.000000 -1.000000
-1.000000 -1.000000
-1.000000 -1.000000
617.218567 454.168732
-1.000000 -1.000000
-1.000000 -1.000000
-1.000000 -1.000000
630.587036 422.242310
646.834290 423.383423
-1.000000 -1.000000
-1.000000 -1.000000
-1.000000 -1.000000
600.568176 469.237915
-1.000000 -1.000000
-1.000000 -1.000000
-1.000000 -1.000000
714.663391 192.312851
-1.000000 -1.000000
-1.000000 -1.000000
712.436584 271.414368
-1.000000 -1.000000
147.161423 200.201416
295.398285 137.293777
-1.000000 -1.000000
-1.000000 -1.000000
-1.000000 -1.000000
473.730957 499.782471
-1.000000 -1.000000
445.034912 368.556030
344.889526 512.107849
-1.000000 -1.000000
-1.000000 -1.000000
-1.000000 -1.000000
-1.000000 -1.000000
751.940918 408.858978
-1.000000 -1.000000
-1.000000 -1.000000
881.006226 251.289627
-1.000000 -1.000000
-1.000000 -1.000000
-1.000000 -1.000000
-1.000000 -1.000000
-1.000000 -1.000000
-1.000000 -1.000000
523.723816 513.482727
-1.000000 -1.000000
450.686035 495.716309
-1.000000 -1.000000
-1.000000 -1.000000
-1.000000 -1.000000
-1.000000 -1.000000
-1.000000 -1.000000
311.984161 175.636765
328.589569 221.971252
-1.000000 -1.000000
547.230591 514.288513
-1.000000 -1.000000
-1.000000 -1.000000
606.102844 477.985229
-1.000000 -1.000000
-1.000000 -1.000000
-1.000000 -1.000000
-1.000000 -1.000000
-1.000000 -1.000000
-1.000000 -1.000000
46.599678 486.652496
-1.000000 -1.000000
-1.000000 -1.000000
299.182587 152.539566
-1.000000 -1.000000
-1.000000 -1.000000
-1.000000 -1.000000
-1.000000 -1.000000
330.851868 236.658295
-1.000000 -1.000000
-1.000000 -1.000000
455.577881 381.288635
-1.000000 -1.000000
-1.000000 -1.000000
-1.000000 -1.000000
-1.000000 -1.000000
-1.000000 -1.000000
717.466064 119.695663
-1.000000 -1.000000
-1.000000 -1.000000
-1.000000 -1.000000
-1.000000 -1.000000
-1.000000 -1.000000
516.456482 149.291260
-1.000000 -1.000000
-1.000000 -1.000000
-1.000000 -1.000000
-1.000000 -1.000000
-1.000000 -1.000000
-1.000000 -1.000000
-1.000000 -1.000000
-1.000000 -1.000000
-1.000000 -1.000000
720.073669 106.098282
378.208557 485.032257
359.089844 514.722290
-1.000000 -1.000000
-1.000000 -1.000000
-1.000000 -1.000000
-1.000000 -1.000000
-1.000000 -1.000000
916.219238 233.583191
-1.000000 -1.000000
-1.000000 -1.000000
-1.000000 -1.000000
-1.000000 -1.000000
-1.000000 -1.000000
706.938110 226.634613
-1.000000 -1.000000
-1.000000 -1.000000
-1.000000 -1.000000
-1.000000 -1.000000
934.975891 277.213440
-1.000000 -1.000000
-1.000000 -1.000000
-1.000000 -1.000000
-1.000000 -1.000000
194.150406 254.571320
-1.000000 -1.000000
-1.000000 -1.000000
809.156799 363.950134
-1.000000 -1.000000
-1.000000 -1.000000
-1.000000 -1.000000
-1.000000 -1.000000
371.886810 516.317627
-1.000000 -1.000000
-1.000000 -1.000000
-1.000000 -1.000000
-1.000000 -1.000000
-1.000000 -1.000000
-1.000000 -1.000000
180.840347 394.958130
315.120880 164.494431
-1.000000 -1.000000
-1.000000 -1.000000
-1.000000 -1.000000
-1.000000 -1.000000
-1.000000 -1.000000
-1.000000 -1.000000
-1.000000 -1.000000
-1.000000 -1.000000
-1.000000 -1.000000
650.354248 416.644623
-1.000000 -1.000000
-1.000000 -1.000000
-1.000000 -1.000000
-1.000000 -1.000000
-1.000000 -1.000000
430.124542 486.536163
-1.000000 -1.000000
-1.000000 -1.000000
