-1.000000 -1.000000
-1.000000 -1.000000
-1.000000 -1.000000
-1.000000 -1.000000
-1.000000 -1.000000
-1.000000 -1.000000
-1.000000 -1.000000
-1.000000 -1.000000
-1.000000 -1.000000
-1.000000 -1.000000
-1.000000 -1.000000
-1.000000 -1.000000
-1.000000 -1.000000
-1.000000 -1.000000
-1.000000 -1.000000
-1.000000 -1.000000
-1.000000 -1.000000
-1.000000 -1.000000
-1.000000 -1.000000
1139.423218 194.546188
-1.000000 -1.000000
-1.000000 -1.000000
1150.961914 152.696884
-1.000000 -1.000000
-1.000000 -1.000000
-1.000000 -1.000000
-1.000000 -1.000000
-1.000000 -1.000000
-1.000000 -1.000000
-1.000000 -1.000000
-1.000000 -1.000000
-1.000000 -1.000000
729.711304 361.033783
827.224121 68.911911
-1.000000 -1.000000
345.525299 213.277786
-1.000000 -1.000000
706.694275 444.297516
-1.000000 -1.000000
-1.000000 -1.000000
-1.000000 -1.000000
-1.000000 -1.000000
481.319733 248.780869
-1.000000 -1.000000
-1.000000 -1.000000
-1.000000 -1.000000
1121.271729 179.296478
-1.000000 -1.000000
-1.000000 -1.000000
-1.000000 -1.000000
-1.000000 -1.000000
967.162842 191.495010
-1.000000 -1.000000
-1.000000 -1.000000
1136.479126 178.774658
-1.000000 -1.000000
-1.000000 -1.000000
-1.000000 -1.000000
344.180817 198.486923
690.294373 444.087555
1155.738892 190.013245
329.829773 216.433502
-1.000000 -1.000000
-1.000000 -1.000000
-1.000000 -1.000000
-1.000000 -1.000000
-1.000000 -1.000000
-1.000000 -1.000000
896.537903 434.991241
-1.000000 -1.000000
-1.000000 -1.000000
344.589966 227.496872
689.029419 422.965912
-1.000000 -1.000000
-1.000000 -1.000000
-1.000000 -1.000000
-1.000000 -1.000000
-1.000000 -1.000000
-1.000000 -1.000000
-1.000000 -1.000000
328.532257 202.404205
971.924988 41.672146
890.792603 475.895935
-1.000000 -1.000000
-1.000000 -1.000000
-1.000000 -1.000000
-1.000000 -1.000000
-1.000000 -1.000000
-1.000000 -1.000000
-1.000000 -1.000000
1007.195007 192.991180
729.478760 344.626648
-1.000000 -1.000000
-1.000000 -1.000000
-1.000000 -1.000000
-1.000000 -1.000000
-1.000000 -1.000000
-1.000000 -1.000000
-1.000000 -1.000000
738.956360 447.010406
475.379181 40.864662
-1.000000 -1.000000
-1.000000 -1.000000
-1.000000 -1.000000
-1.000000 -1.000000
479.258026 263.761688
909.833130 434.193390
-1.000000 -1.000000
-1.000000 -1.000000
-1.000000 -1.000000
-1.000000 -1.000000
-1.000000 -1.000000
724.288452 442.497284
-1.000000 -1.000000
-1.000000 -1.000000
-1.000000 -1.000000
-1.000000 -1.000000
-1.000000 -1.000000
-1.000000 -1.000000
1226.515991 487.780609
-1.000000 -1.000000
-1.000000 -1.000000
-1.000000 -1.000000
-1.000000 -1.000000
-1.000000 -1.000000
-1.000000 -1.000000
774.466919 447.148468
-1.000000 -1.000000
-1.000000 -1.000000
466.693848 248.878754
-1.000000 -1.000000
913.694885 413.652313
-1.000000 -1.000000
-1.000000 -1.000000
-1.000000 -1.000000
-1.000000 -1.000000
-1.000000 -1.000000
963.862671 206.309525
722.792786 426.961853
739.905151 432.787262
752.238892 450.254913
-1.000000 -1.000000
-1.000000 -1.000000
-1.000000 -1.000000
1089.024536 439.720642
-1.000000 -1.000000
563.609741 266.281708
-1.000000 -1.000000
-1.000000 -1.000000
-1.000000 -1.000000
-1.000000 -1.000000
437.831024 189.726044
-1.000000 -1.000000
-1.000000 -1.000000
-1.000000 -1.000000
-1.000000 -1.000000
-1.000000 -1.000000
-1.000000 -1.000000
-1.000000 -1.000000
901.897278 481.604919
-1.000000 -1.000000
-1.000000 -1.000000
-1.000000 -1.000000
1108.225830 468.223480
-1.000000 -1.000000
-1.000000 -1.000000
-1.000000 -1.000000
-1.000000 -1.000000
925.468933 416.584167
270.973511 223.732880
704.149353 341.464661
-1.000000 -1.000000
702.135742 355.887573
796.125793 447.210602
-1.000000 -1.000000
-1.000000 -1.000000
892.191772 455.270355
-1.000000 -1.000000
-1.000000 -1.000000
-1.000000 -1.000000
-1.000000 -1.000000
689.612000 405.710052
-1.000000 -1.000000
566.593750 251.633072
-1.000000 -1.000000
1060.794800 218.718353
-1.000000 -1.000000
351.509888 484.870605
-1.000000 -1.000000
-1.000000 -1.000000
-1.000000 -1.000000
-1.000000 -1.000000
-1.000000 -1.000000
464.473602 263.960114
329.773773 225.717941
704.782349 462.019318
920.810913 437.714355
-1.000000 -1.000000
-1.000000 -1.000000
350.955658 500.687195
906.625671 452.038910
-1.000000 -1.000000
435.937378 205.465714
-1.000000 -1.000000
880.868652 41.583931
-1.000000 -1.000000
268.585480 197.001633
366.691345 482.450104
-1.000000 -1.000000
-1.000000 -1.000000
-1.000000 -1.000000
-1.000000 -1.000000
952.267273 189.182419
-1.000000 -1.000000
-1.000000 -1.000000
-1.000000 -1.000000
1119.993164 493.515381
-1.000000 -1.000000
739.697754 414.791138
-1.000000 -1.000000
-1.000000 -1.000000
-1.000000 -1.000000
-1.000000 -1.000000
336.617523 481.820831
-1.000000 -1.000000
-1.000000 -1.000000
-1.000000 -1.000000
-1.000000 -1.000000
-1.000000 -1.000000
366.105713 498.877380
-1.000000 -1.000000
-1.000000 -1.000000
765.748596 458.929382
-1.000000 -1.000000
842.324951 68.908180
-1.000000 -1.000000
-1.000000 -1.000000
-1.000000 -1.000000
-1.000000 -1.000000
-1.000000 -1.000000
344.963104 241.414261
1219.441650 503.779816
-1.000000 -1.000000
723.063477 459.076904
-1.000000 -1.000000
315.116302 211.132645
-1.000000 -1.000000
-1.000000 -1.000000
-1.000000 -1.000000
452.096100 189.438354
335.157715 498.782684
742.879517 464.273132
-1.000000 -1.000000
-1.000000 -1.000000
721.283630 408.070770
-1.000000 -1.000000
-1.000000 -1.000000
599.193970 413.444641
-1.000000 -1.000000
1043.731934 186.000046
-1.000000 -1.000000
-1.000000 -1.000000
978.981445 206.593094
-1.000000 -1.000000
-1.000000 -1.000000
-1.000000 -1.000000
-1.000000 -1.000000
687.675415 461.702759
-1.000000 -1.000000
-1.000000 -1.000000
-1.000000 -1.000000
434.941864 173.642624
-1.000000 -1.000000
-1.000000 -1.000000
-1.000000 -1.000000
-1.000000 -1.000000
1156.171631 205.391998
-1.000000 -1.000000
-1.000000 -1.000000
-1.000000 -1.000000
1059.927124 231.692673
761.693298 435.440582
-1.000000 -1.000000
-1.000000 -1.000000
-1.000000 -1.000000
836.212280 114.014572
1029.011353 188.120850
711.117615 334.500732
-1.000000 -1.000000
789.261414 429.475891
-1.000000 -1.000000
-1.000000 -1.000000
-1.000000 -1.000000
1151.589355 174.597443
-1.000000 -1.000000
-1.000000 -1.000000
-1.000000 -1.000000
-1.000000 -1.000000
-1.000000 -1.000000
-1.000000 -1.000000
348.161530 516.954041
-1.000000 -1.000000
268.383759 182.142014
-1.000000 -1.000000
-1.000000 -1.000000
313.901367 201.443588
-1.000000 -1.000000
-1.000000 -1.000000
-1.000000 -1.000000
-1.000000 -1.000000
-1.000000 -1.000000
-1.000000 -1.000000
-1.000000 -1.000000
-1.000000 -1.000000
450.133759 205.245697
839.285278 85.373894
-1.000000 -1.000000
899.479126 496.295227
332.757477 514.862488
232.442123 253.257843
-1.000000 -1.000000
-1.000000 -1.000000
-1.000000 -1.000000
-1.000000 -1.000000
-1.000000 -1.000000
-1.000000 -1.000000
-1.000000 -1.000000
-1.000000 -1.000000
784.866882 458.582642
686.538696 145.879440
-1.000000 -1.000000
-1.000000 -1.000000
-1.000000 -1.000000
940.973572 41.272526
957.867493 221.112900
364.710022 514.892578
343.291931 184.824036
-1.000000 -1.000000
-1.000000 -1.000000
-1.000000 -1.000000
-1.000000 -1.000000
734.697571 330.422760
-1.000000 -1.000000
-1.000000 -1.000000
-1.000000 -1.000000
758.149231 474.545990
-1.000000 -1.000000
-1.000000 -1.000000
-1.000000 -1.000000
237.633987 237.948242
806.234802 429.286865
-1.000000 -1.000000
945.565613 202.874847
-1.000000 -1.000000
-1.000000 -1.000000
-1.000000 -1.000000
-1.000000 -1.000000
769.888428 379.742432
283.990479 218.107239
935.745911 422.596283
-1.000000 -1.000000
-1.000000 -1.000000
841.022766 229.758575
-1.000000 -1.000000
-1.000000 -1.000000
281.862579 195.363861
-1.000000 -1.000000
-1.000000 -1.000000
-1.000000 -1.000000
-1.000000 -1.000000
-1.000000 -1.000000
766.069092 132.899567
-1.000000 -1.000000
-1.000000 -1.000000
-1.000000 -1.000000
-1.000000 -1.000000
-1.000000 -1.000000
-1.000000 -1.000000
-1.000000 -1.000000
-1.000000 -1.000000
-1.000000 -1.000000
-1.000000 -1.000000
-1.000000 -1.000000
466.871704 189.286011
449.210144 173.952560
-1.000000 -1.000000
-1.000000 -1.000000
-1.000000 -1.000000
949.332092 399.360931
-1.000000 -1.000000
408.855896 389.481445
-1.000000 -1.000000
-1.000000 -1.000000
393.806366 388.391602
835.032593 159.251846
-1.000000 -1.000000
205.940536 268.822693
409.859711 374.514221
-1.000000 -1.000000
-1.000000 -1.000000
-1.000000 -1.000000
671.058533 145.685791
-1.000000 -1.000000
-1.000000 -1.000000
-1.000000 -1.000000
-1.000000 -1.000000
-1.000000 -1.000000
-1.000000 -1.000000
-1.000000 -1.000000
-1.000000 -1.000000
455.307098 383.195374
920.970520 40.243065
-1.000000 -1.000000
393.880768 403.562225
775.303955 472.683563
-1.000000 -1.000000
470.194519 383.198578
-1.000000 -1.000000
440.274170 384.088074
905.212280 40.564121
1042.538818 202.249222
579.335754 252.169907
447.239655 368.122040
328.108459 190.115219
451.706360 243.172882
410.967041 404.805115
-1.000000 -1.000000
462.227997 368.273285
217.638702 260.943054
-1.000000 -1.000000
672.672241 440.126953
-1.000000 -1.000000
577.204712 266.225830
-1.000000 -1.000000
-1.000000 -1.000000
-1.000000 -1.000000
255.498871 182.815338
-1.000000 -1.000000
464.898254 204.621902
455.258118 398.300690
572.993774 472.324524
829.045105 129.665100
-1.000000 -1.000000
-1.000000 -1.000000
918.577209 453.727173
-1.000000 -1.000000
-1.000000 -1.000000
-1.000000 -1.000000
294.723328 216.208542
-1.000000 -1.000000
-1.000000 -1.000000
888.953186 490.752319
-1.000000 -1.000000
284.315674 232.634201
-1.000000 -1.000000
440.219666 399.207336
-1.000000 -1.000000
-1.000000 -1.000000
-1.000000 -1.000000
470.107147 398.311432
-1.000000 -1.000000
-1.000000 -1.000000
-1.000000 -1.000000
749.180725 114.779617
-1.000000 -1.000000
662.580200 176.545609
-1.000000 -1.000000
-1.000000 -1.000000
-1.000000 -1.000000
-1.000000 -1.000000
-1.000000 -1.000000
-1.000000 -1.000000
702.395325 318.643799
-1.000000 -1.000000
-1.000000 -1.000000
-1.000000 -1.000000
835.598633 248.570862
-1.000000 -1.000000
354.488892 468.087311
-1.000000 -1.000000
-1.000000 -1.000000
-1.000000 -1.000000
1029.398438 203.562759
-1.000000 -1.000000
490.066254 233.322617
-1.000000 -1.000000
-1.000000 -1.000000
-1.000000 -1.000000
-1.000000 -1.000000
431.685425 369.027893
-1.000000 -1.000000
-1.000000 -1.000000
-1.000000 -1.000000
-1.000000 -1.000000
-1.000000 -1.000000
-1.000000 -1.000000
-1.000000 -1.000000
-1.000000 -1.000000
-1.000000 -1.000000
766.045227 329.630280
265.844604 167.149002
-1.000000 -1.000000
315.515106 216.953049
-1.000000 -1.000000
-1.000000 -1.000000
-1.000000 -1.000000
1087.166382 461.087036
749.435486 130.180786
-1.000000 -1.000000
-1.000000 -1.000000
-1.000000 -1.000000
732.205261 113.706711
469.799744 222.065140
-1.000000 -1.000000
-1.000000 -1.000000
761.986206 148.411591
-1.000000 -1.000000
-1.000000 -1.000000
-1.000000 -1.000000
671.580627 456.181244
711.278687 647.561768
1131.415283 515.581848
-1.000000 -1.000000
-1.000000 -1.000000
270.154846 210.392365
449.637573 260.035583
-1.000000 -1.000000
-1.000000 -1.000000
-1.000000 -1.000000
-1.000000 -1.000000
690.086365 334.425293
-1.000000 -1.000000
-1.000000 -1.000000
477.166321 278.738647
-1.000000 -1.000000
694.814819 161.826523
-1.000000 -1.000000
-1.000000 -1.000000
-1.000000 -1.000000
-1.000000 -1.000000
-1.000000 -1.000000
-1.000000 -1.000000
1047.900879 354.615021
-1.000000 -1.000000
-1.000000 -1.000000
378.898193 389.454041
-1.000000 -1.000000
702.631836 263.413544
-1.000000 -1.000000
-1.000000 -1.000000
817.605591 439.094116
-1.000000 -1.000000
-1.000000 -1.000000
-1.000000 -1.000000
716.607849 315.936676
-1.000000 -1.000000
-1.000000 -1.000000
-1.000000 -1.000000
1043.479980 370.595062
745.661072 145.378265
-1.000000 -1.000000
-1.000000 -1.000000
-1.000000 -1.000000
-1.000000 -1.000000
841.392090 212.913315
-1.000000 -1.000000
710.980774 632.960999
-1.000000 -1.000000
-1.000000 -1.000000
281.943817 180.427155
1028.345825 370.857056
-1.000000 -1.000000
-1.000000 -1.000000
371.756836 467.207672
-1.000000 -1.000000
-1.000000 -1.000000
-1.000000 -1.000000
-1.000000 -1.000000
1032.874023 355.243774
-1.000000 -1.000000
-1.000000 -1.000000
-1.000000 -1.000000
218.497025 247.984009
-1.000000 -1.000000
241.611282 193.907227
882.585693 229.014999
671.321472 425.007050
-1.000000 -1.000000
-1.000000 -1.000000
687.520569 201.971741
-1.000000 -1.000000
785.218750 408.938446
-1.000000 -1.000000
704.585876 291.555939
464.003876 174.626511
-1.000000 -1.000000
462.397583 278.943756
-1.000000 -1.000000
-1.000000 -1.000000
-1.000000 -1.000000
-1.000000 -1.000000
-1.000000 -1.000000
-1.000000 -1.000000
295.599548 230.853500
1038.742432 386.273987
-1.000000 -1.000000
-1.000000 -1.000000
-1.000000 -1.000000
-1.000000 -1.000000
-1.000000 -1.000000
-1.000000 -1.000000
1136.988770 243.108154
-1.000000 -1.000000
1019.201477 388.616425
-1.000000 -1.000000
-1.000000 -1.000000
976.061829 221.542984
792.149048 157.566605
-1.000000 -1.000000
-1.000000 -1.000000
298.222961 204.018280
-1.000000 -1.000000
723.447632 646.444214
-1.000000 -1.000000
-1.000000 -1.000000
-1.000000 -1.000000
685.892029 320.689972
594.952576 235.188461
-1.000000 -1.000000
-1.000000 -1.000000
-1.000000 -1.000000
-1.000000 -1.000000
-1.000000 -1.000000
-1.000000 -1.000000
-1.000000 -1.000000
560.752197 245.241333
-1.000000 -1.000000
1050.419434 205.984695
-1.000000 -1.000000
-1.000000 -1.000000
-1.000000 -1.000000
-1.000000 -1.000000
868.382385 405.180084
-1.000000 -1.000000
-1.000000 -1.000000
588.374512 477.471893
-1.000000 -1.000000
-1.000000 -1.000000
1018.741333 355.305786
-1.000000 -1.000000
-1.000000 -1.000000
-1.000000 -1.000000
683.779907 300.971893
803.182800 386.462128
-1.000000 -1.000000
-1.000000 -1.000000
-1.000000 -1.000000
-1.000000 -1.000000
710.921387 661.447998
427.896271 141.308655
-1.000000 -1.000000
-1.000000 -1.000000
447.428589 275.061188
-1.000000 -1.000000
-1.000000 -1.000000
733.863281 129.381531
-1.000000 -1.000000
-1.000000 -1.000000
-1.000000 -1.000000
830.919922 391.163116
-1.000000 -1.000000
-1.000000 -1.000000
-1.000000 -1.000000
-1.000000 -1.000000
-1.000000 -1.000000
-1.000000 -1.000000
-1.000000 -1.000000
-1.000000 -1.000000
-1.000000 -1.000000
-1.000000 -1.000000
660.472168 130.821030
-1.000000 -1.000000
855.012817 405.143250
-1.000000 -1.000000
-1.000000 -1.000000
-1.000000 -1.000000
-1.000000 -1.000000
-1.000000 -1.000000
-1.000000 -1.000000
-1.000000 -1.000000
964.865845 381.554321
-1.000000 -1.000000
-1.000000 -1.000000
-1.000000 -1.000000
-1.000000 -1.000000
-1.000000 -1.000000
-1.000000 -1.000000
-1.000000 -1.000000
722.758179 631.807678
-1.000000 -1.000000
-1.000000 -1.000000
-1.000000 -1.000000
331.189026 231.828033
865.629578 418.783966
1045.623169 220.035355
1117.144897 244.482544
-1.000000 -1.000000
378.965942 404.602325
-1.000000 -1.000000
-1.000000 -1.000000
-1.000000 -1.000000
582.564819 234.637955
-1.000000 -1.000000
-1.000000 -1.000000
-1.000000 -1.000000
549.693787 457.841064
1013.389954 370.777039
324.050781 478.746429
-1.000000 -1.000000
-1.000000 -1.000000
154.234497 392.323883
-1.000000 -1.000000
-1.000000 -1.000000
-1.000000 -1.000000
165.837601 394.963959
-1.000000 -1.000000
-1.000000 -1.000000
-1.000000 -1.000000
-1.000000 -1.000000
603.409668 477.710388
-1.000000 -1.000000
-1.000000 -1.000000
-1.000000 -1.000000
-1.000000 -1.000000
837.224915 437.039978
391.405304 208.442841
-1.000000 -1.000000
-1.000000 -1.000000
-1.000000 -1.000000
-1.000000 -1.000000
-1.000000 -1.000000
252.264053 167.799820
-1.000000 -1.000000
-1.000000 -1.000000
-1.000000 -1.000000
884.458191 236.256775
-1.000000 -1.000000
-1.000000 -1.000000
-1.000000 -1.000000
249.275482 247.526321
435.885681 156.419235
-1.000000 -1.000000
312.956604 473.695587
391.254578 223.069916
-1.000000 -1.000000
832.955994 178.018417
-1.000000 -1.000000
-1.000000 -1.000000
496.148102 248.634125
-1.000000 -1.000000
-1.000000 -1.000000
-1.000000 -1.000000
656.153870 68.378784
597.819092 206.201660
851.302307 113.001823
656.383545 217.615829
426.255981 117.313927
-1.000000 -1.000000
-1.000000 -1.000000
-1.000000 -1.000000
-1.000000 -1.000000
-1.000000 -1.000000
701.178101 646.861328
223.476120 231.917709
888.622437 446.469788
283.958038 247.746246
441.011200 142.695023
-1.000000 -1.000000
-1.000000 -1.000000
283.874329 455.639099
-1.000000 -1.000000
-1.000000 -1.000000
-1.000000 -1.000000
-1.000000 -1.000000
-1.000000 -1.000000
-1.000000 -1.000000
313.708710 191.520401
-1.000000 -1.000000
-1.000000 -1.000000
-1.000000 -1.000000
700.660767 661.288269
-1.000000 -1.000000
-1.000000 -1.000000
-1.000000 -1.000000
1155.393555 220.502274
711.716309 477.967041
-1.000000 -1.000000
-1.000000 -1.000000
844.153137 143.830414
-1.000000 -1.000000
-1.000000 -1.000000
-1.000000 -1.000000
389.841949 193.264969
-1.000000 -1.000000
1041.073608 216.913452
-1.000000 -1.000000
-1.000000 -1.000000
493.941925 263.638947
-1.000000 -1.000000
689.077393 253.503281
-1.000000 -1.000000
-1.000000 -1.000000
-1.000000 -1.000000
-1.000000 -1.000000
836.134827 412.106781
-1.000000 -1.000000
-1.000000 -1.000000
-1.000000 -1.000000
-1.000000 -1.000000
-1.000000 -1.000000
554.092529 235.650940
601.744568 40.809284
-1.000000 -1.000000
-1.000000 -1.000000
723.624451 660.572998
569.363586 236.306793
-1.000000 -1.000000
672.416626 318.983673
-1.000000 -1.000000
558.984070 475.965454
-1.000000 -1.000000
-1.000000 -1.000000
-1.000000 -1.000000
-1.000000 -1.000000
-1.000000 -1.000000
-1.000000 -1.000000
616.767578 40.835514
687.294006 643.921204
-1.000000 -1.000000
292.695923 193.222382
-1.000000 -1.000000
-1.000000 -1.000000
-1.000000 -1.000000
-1.000000 -1.000000
-1.000000 -1.000000
-1.000000 -1.000000
891.083984 422.029144
-1.000000 -1.000000
-1.000000 -1.000000
-1.000000 -1.000000
819.388367 401.137878
847.232605 402.113220
-1.000000 -1.000000
-1.000000 -1.000000
687.251709 659.040222
876.764648 450.953735
-1.000000 -1.000000
-1.000000 -1.000000
-1.000000 -1.000000
850.071350 159.533813
701.111267 632.101379
298.925873 221.625931
872.706360 242.945541
-1.000000 -1.000000
279.176147 165.653183
437.383545 103.521873
-1.000000 -1.000000
-1.000000 -1.000000
-1.000000 -1.000000
690.921509 479.034363
-1.000000 -1.000000
672.180725 334.901855
573.110779 487.681946
-1.000000 -1.000000
-1.000000 -1.000000
-1.000000 -1.000000
-1.000000 -1.000000
981.576965 383.588623
-1.000000 -1.000000
-1.000000 -1.000000
1024.657349 218.618744
-1.000000 -1.000000
249.986237 467.809479
-1.000000 -1.000000
-1.000000 -1.000000
-1.000000 -1.000000
-1.000000 -1.000000
757.874756 490.282928
-1.000000 -1.000000
671.573181 473.739777
-1.000000 -1.000000
238.097122 179.234207
-1.000000 -1.000000
-1.000000 -1.000000
-1.000000 -1.000000
450.444214 156.615417
405.668152 192.909439
-1.000000 -1.000000
781.492859 489.724182
-1.000000 -1.000000
-1.000000 -1.000000
888.339294 470.488068
-1.000000 -1.000000
-1.000000 -1.000000
-1.000000 -1.000000
-1.000000 -1.000000
166.622574 380.540222
-1.000000 -1.000000
271.133179 455.025879
-1.000000 -1.000000
-1.000000 -1.000000
440.393250 118.985550
-1.000000 -1.000000
-1.000000 -1.000000
-1.000000 -1.000000
-1.000000 -1.000000
406.789520 208.590027
-1.000000 -1.000000
-1.000000 -1.000000
682.149353 343.996277
-1.000000 -1.000000
-1.000000 -1.000000
-1.000000 -1.000000
-1.000000 -1.000000
-1.000000 -1.000000
854.312561 84.375473
-1.000000 -1.000000
-1.000000 -1.000000
-1.000000 -1.000000
-1.000000 -1.000000
677.790894 266.827972
660.416382 109.837227
-1.000000 -1.000000
1186.085571 228.175659
-1.000000 -1.000000
685.948242 628.381714
-1.000000 -1.000000
-1.000000 -1.000000
-1.000000 -1.000000
-1.000000 -1.000000
-1.000000 -1.000000
857.321533 69.030014
610.539734 455.320923
590.856689 491.964844
-1.000000 -1.000000
-1.000000 -1.000000
-1.000000 -1.000000
-1.000000 -1.000000
-1.000000 -1.000000
1050.302368 198.469666
738.648132 647.456543
-1.000000 -1.000000
-1.000000 -1.000000
-1.000000 -1.000000
-1.000000 -1.000000
841.964111 197.754868
-1.000000 -1.000000
-1.000000 -1.000000
-1.000000 -1.000000
-1.000000 -1.000000
1101.835815 246.996246
-1.000000 -1.000000
-1.000000 -1.000000
-1.000000 -1.000000
-1.000000 -1.000000
298.512573 237.705353
-1.000000 -1.000000
-1.000000 -1.000000
1049.450073 341.324432
-1.000000 -1.000000
217.879913 372.998749
-1.000000 -1.000000
-1.000000 -1.000000
606.437439 492.964294
-1.000000 -1.000000
-1.000000 -1.000000
-1.000000 -1.000000
-1.000000 -1.000000
-1.000000 -1.000000
-1.000000 -1.000000
412.110016 359.102875
455.624756 142.630920
-1.000000 -1.000000
-1.000000 -1.000000
-1.000000 -1.000000
-1.000000 -1.000000
-1.000000 -1.000000
-1.000000 -1.000000
-1.000000 -1.000000
-1.000000 -1.000000
184.385666 333.605347
843.166992 392.732574
-1.000000 -1.000000
-1.000000 -1.000000
-1.000000 -1.000000
710.720642 674.269653
-1.000000 -1.000000
653.790283 460.049286
-1.000000 -1.000000
-1.000000 -1.000000
