-1.000000 -1.000000
-1.000000 -1.000000
-1.000000 -1.000000
-1.000000 -1.000000
-1.000000 -1.000000
-1.000000 -1.000000
-1.000000 -1.000000
-1.000000 -1.000000
-1.000000 -1.000000
-1.000000 -1.000000
-1.000000 -1.000000
-1.000000 -1.000000
-1.000000 -1.000000
-1.000000 -1.000000
-1.000000 -1.000000
-1.000000 -1.000000
-1.000000 -1.000000
-1.000000 -1.000000
-1.000000 -1.000000
1165.485840 178.373444
-1.000000 -1.000000
-1.000000 -1.000000
1177.247803 133.827637
-1.000000 -1.000000
-1.000000 -1.000000
-1.000000 -1.000000
-1.000000 -1.000000
-1.000000 -1.000000
-1.000000 -1.000000
-1.000000 -1.000000
-1.000000 -1.000000
-1.000000 -1.000000
731.632446 352.158630
852.912476 53.053761
-1.000000 -1.000000
359.656555 203.769150
-1.000000 -1.000000
698.929443 436.398956
-1.000000 -1.000000
-1.000000 -1.000000
-1.000000 -1.000000
-1.000000 -1.000000
504.076538 241.220322
-1.000000 -1.000000
-1.000000 -1.000000
-1.000000 -1.000000
1147.294312 163.030807
-1.000000 -1.000000
-1.000000 -1.000000
-1.000000 -1.000000
-1.000000 -1.000000
998.149170 180.487106
-1.000000 -1.000000
881.915161 207.676422
1162.451294 162.635284
-1.000000 -1.000000
-1.000000 -1.000000
-1.000000 -1.000000
357.976471 189.755661
682.529663 436.180298
1181.965820 173.879333
-1.000000 -1.000000
-1.000000 -1.000000
-1.000000 -1.000000
-1.000000 -1.000000
-1.000000 -1.000000
-1.000000 -1.000000
-1.000000 -1.000000
877.462219 426.316681
-1.000000 -1.000000
-1.000000 -1.000000
359.376404 215.829514
681.463501 414.532776
-1.000000 -1.000000
-1.000000 -1.000000
-1.000000 -1.000000
-1.000000 -1.000000
-1.000000 -1.000000
-1.000000 -1.000000
-1.000000 -1.000000
-1.000000 -1.000000
1001.676147 41.522263
869.683716 465.667145
-1.000000 -1.000000
-1.000000 -1.000000
-1.000000 -1.000000
-1.000000 -1.000000
-1.000000 -1.000000
-1.000000 -1.000000
-1.000000 -1.000000
1040.145630 180.717529
731.207397 335.988434
-1.000000 -1.000000
-1.000000 -1.000000
-1.000000 -1.000000
-1.000000 -1.000000
-1.000000 -1.000000
-1.000000 -1.000000
-1.000000 -1.000000
729.723450 438.966095
495.717804 40.842552
-1.000000 -1.000000
-1.000000 -1.000000
-1.000000 -1.000000
-1.000000 -1.000000
502.004181 256.197723
890.084351 426.247803
-1.000000 -1.000000
-1.000000 -1.000000
-1.000000 -1.000000
-1.000000 -1.000000
-1.000000 -1.000000
716.248901 434.470551
-1.000000 -1.000000
-1.000000 -1.000000
-1.000000 -1.000000
-1.000000 -1.000000
-1.000000 -1.000000
-1.000000 -1.000000
1213.373535 481.360809
-1.000000 -1.000000
-1.000000 -1.000000
873.427002 218.891968
-1.000000 -1.000000
-1.000000 -1.000000
-1.000000 -1.000000
765.398376 440.366974
-1.000000 -1.000000
-1.000000 -1.000000
489.558289 241.532181
-1.000000 -1.000000
899.250610 404.206482
-1.000000 -1.000000
-1.000000 -1.000000
-1.000000 -1.000000
-1.000000 -1.000000
-1.000000 -1.000000
994.920837 195.361572
715.406555 418.401978
731.746216 424.498932
740.531311 442.962402
-1.000000 -1.000000
-1.000000 -1.000000
-1.000000 -1.000000
1051.522339 425.088654
-1.000000 -1.000000
549.417358 260.334839
-1.000000 -1.000000
-1.000000 -1.000000
-1.000000 -1.000000
-1.000000 -1.000000
460.022064 179.371887
-1.000000 -1.000000
-1.000000 -1.000000
-1.000000 -1.000000
-1.000000 -1.000000
-1.000000 -1.000000
-1.000000 -1.000000
-1.000000 -1.000000
880.272095 472.174652
-1.000000 -1.000000
873.357056 202.407425
-1.000000 -1.000000
1057.878052 451.536469
-1.000000 -1.000000
-1.000000 -1.000000
-1.000000 -1.000000
-1.000000 -1.000000
909.184998 407.823822
323.439636 208.031326
692.554810 332.603912
889.693848 212.144897
690.051636 346.749390
807.886719 443.718872
-1.000000 -1.000000
-1.000000 -1.000000
872.194214 446.092621
-1.000000 -1.000000
-1.000000 -1.000000
-1.000000 -1.000000
-1.000000 -1.000000
682.415039 395.991058
-1.000000 -1.000000
552.053223 246.270660
-1.000000 -1.000000
1084.523438 203.856201
-1.000000 -1.000000
342.884979 477.747253
-1.000000 -1.000000
-1.000000 -1.000000
-1.000000 -1.000000
-1.000000 -1.000000
-1.000000 -1.000000
487.338745 256.594818
347.345978 207.689423
697.005188 453.755493
899.486938 431.005280
-1.000000 -1.000000
-1.000000 -1.000000
342.160095 493.346863
886.366638 443.586426
-1.000000 -1.000000
458.396332 195.366425
-1.000000 -1.000000
905.905518 41.450653
-1.000000 -1.000000
320.791748 180.297424
360.588531 475.644318
-1.000000 -1.000000
-1.000000 -1.000000
-1.000000 -1.000000
-1.000000 -1.000000
984.415466 178.352890
-1.000000 -1.000000
-1.000000 -1.000000
-1.000000 -1.000000
1062.482910 470.887238
-1.000000 -1.000000
731.892456 405.531158
-1.000000 -1.000000
-1.000000 -1.000000
1040.842407 430.136017
-1.000000 -1.000000
327.330353 474.968445
-1.000000 -1.000000
-1.000000 -1.000000
-1.000000 -1.000000
-1.000000 -1.000000
-1.000000 -1.000000
359.810822 491.509918
-1.000000 -1.000000
-1.000000 -1.000000
753.040100 451.252563
-1.000000 -1.000000
868.127563 52.791695
-1.000000 -1.000000
-1.000000 -1.000000
-1.000000 -1.000000
-1.000000 -1.000000
-1.000000 -1.000000
360.210144 225.789291
1205.129028 497.568481
-1.000000 -1.000000
714.570557 450.854309
-1.000000 -1.000000
-1.000000 -1.000000
-1.000000 -1.000000
-1.000000 -1.000000
-1.000000 -1.000000
474.210632 178.986053
325.740570 491.469757
730.736572 456.979004
-1.000000 -1.000000
-1.000000 -1.000000
714.357788 398.718781
-1.000000 -1.000000
-1.000000 -1.000000
588.021362 409.337067
-1.000000 -1.000000
1079.692139 174.173798
-1.000000 -1.000000
-1.000000 -1.000000
1009.393066 195.546219
-1.000000 -1.000000
880.964294 222.212677
-1.000000 -1.000000
-1.000000 -1.000000
679.956787 453.500732
-1.000000 -1.000000
-1.000000 -1.000000
-1.000000 -1.000000
456.846313 163.244751
-1.000000 -1.000000
-1.000000 -1.000000
-1.000000 -1.000000
-1.000000 -1.000000
1182.368774 189.000793
-1.000000 -1.000000
-1.000000 -1.000000
-1.000000 -1.000000
1074.920776 215.805984
750.907593 428.734589
-1.000000 -1.000000
-1.000000 -1.000000
-1.000000 -1.000000
862.356567 98.063713
1065.366577 177.240585
700.563721 326.214966
-1.000000 -1.000000
802.557617 417.090759
-1.000000 -1.000000
-1.000000 -1.000000
-1.000000 -1.000000
1177.630737 158.450943
-1.000000 -1.000000
-1.000000 -1.000000
-1.000000 -1.000000
-1.000000 -1.000000
-1.000000 -1.000000
-1.000000 -1.000000
338.941467 509.366150
-1.000000 -1.000000
317.427551 165.305496
-1.000000 -1.000000
-1.000000 -1.000000
333.184204 173.621902
-1.000000 -1.000000
-1.000000 -1.000000
-1.000000 -1.000000
-1.000000 -1.000000
-1.000000 -1.000000
-1.000000 -1.000000
-1.000000 -1.000000
-1.000000 -1.000000
472.506500 195.053619
865.275696 69.636963
-1.000000 -1.000000
876.636353 486.097229
323.124023 507.467041
-1.000000 -1.000000
-1.000000 -1.000000
-1.000000 -1.000000
-1.000000 -1.000000
-1.000000 -1.000000
-1.000000 -1.000000
-1.000000 -1.000000
-1.000000 -1.000000
-1.000000 -1.000000
777.789795 451.046082
707.269104 132.678940
-1.000000 -1.000000
-1.000000 -1.000000
-1.000000 -1.000000
972.728577 41.275742
988.983765 210.267136
356.780273 507.109039
357.891785 179.445206
-1.000000 -1.000000
-1.000000 -1.000000
-1.000000 -1.000000
-1.000000 -1.000000
736.595825 322.136047
-1.000000 -1.000000
-1.000000 -1.000000
-1.000000 -1.000000
745.121155 466.722961
-1.000000 -1.000000
-1.000000 -1.000000
-1.000000 -1.000000
295.399109 225.730743
819.706116 417.925110
-1.000000 -1.000000
978.352600 192.422058
887.458740 195.810165
-1.000000 -1.000000
-1.000000 -1.000000
-1.000000 -1.000000
770.391418 370.085175
324.081421 198.434341
918.971924 415.002686
-1.000000 -1.000000
-1.000000 -1.000000
-1.000000 -1.000000
-1.000000 -1.000000
-1.000000 -1.000000
321.168579 177.812881
-1.000000 -1.000000
-1.000000 -1.000000
-1.000000 -1.000000
-1.000000 -1.000000
-1.000000 -1.000000
788.465759 118.724113
-1.000000 -1.000000
-1.000000 -1.000000
865.961304 217.482178
-1.000000 -1.000000
-1.000000 -1.000000
-1.000000 -1.000000
-1.000000 -1.000000
-1.000000 -1.000000
-1.000000 -1.000000
-1.000000 -1.000000
-1.000000 -1.000000
488.937469 178.659912
471.045410 163.544785
-1.000000 -1.000000
-1.000000 -1.000000
-1.000000 -1.000000
944.437439 392.759277
-1.000000 -1.000000
399.751617 384.210358
-1.000000 -1.000000
-1.000000 -1.000000
384.735046 383.137238
861.739685 143.689163
-1.000000 -1.000000
-1.000000 -1.000000
400.734436 369.275970
-1.000000 -1.000000
-1.000000 -1.000000
-1.000000 -1.000000
691.388489 132.507568
-1.000000 -1.000000
-1.000000 -1.000000
-1.000000 -1.000000
-1.000000 -1.000000
-1.000000 -1.000000
-1.000000 -1.000000
-1.000000 -1.000000
-1.000000 -1.000000
443.550201 378.029968
944.936157 40.284454
-1.000000 -1.000000
384.753082 398.167419
762.713684 464.693695
-1.000000 -1.000000
458.520691 377.980865
-1.000000 -1.000000
428.582825 379.002686
928.956848 40.558479
1077.036499 190.748428
564.749084 246.204422
435.539948 363.104248
-1.000000 -1.000000
474.624908 236.279083
401.775513 399.249084
-1.000000 -1.000000
450.523438 363.139648
-1.000000 -1.000000
-1.000000 -1.000000
664.766724 432.095520
-1.000000 -1.000000
562.789246 259.503693
-1.000000 -1.000000
-1.000000 -1.000000
-1.000000 -1.000000
310.111603 168.091721
-1.000000 -1.000000
487.184052 193.883499
443.598358 393.016815
563.242310 464.274841
855.313904 114.180717
-1.000000 -1.000000
-1.000000 -1.000000
897.398132 445.842834
-1.000000 -1.000000
-1.000000 -1.000000
-1.000000 -1.000000
-1.000000 -1.000000
-1.000000 -1.000000
-1.000000 -1.000000
867.161682 480.290588
-1.000000 -1.000000
324.721863 214.493546
-1.000000 -1.000000
428.632996 394.003052
-1.000000 -1.000000
-1.000000 -1.000000
-1.000000 -1.000000
458.527222 392.947144
-1.000000 -1.000000
-1.000000 -1.000000
-1.000000 -1.000000
770.353882 100.831253
-1.000000 -1.000000
679.419617 173.042816
-1.000000 -1.000000
-1.000000 -1.000000
-1.000000 -1.000000
-1.000000 -1.000000
-1.000000 -1.000000
-1.000000 -1.000000
693.164734 312.518860
-1.000000 -1.000000
-1.000000 -1.000000
-1.000000 -1.000000
855.618164 222.791229
-1.000000 -1.000000
349.164368 462.039062
-1.000000 -1.000000
-1.000000 -1.000000
-1.000000 -1.000000
1065.240479 192.766235
-1.000000 -1.000000
513.077576 224.384293
-1.000000 -1.000000
-1.000000 -1.000000
-1.000000 -1.000000
-1.000000 -1.000000
420.242432 363.992523
-1.000000 -1.000000
-1.000000 -1.000000
-1.000000 -1.000000
-1.000000 -1.000000
-1.000000 -1.000000
-1.000000 -1.000000
-1.000000 -1.000000
-1.000000 -1.000000
-1.000000 -1.000000
767.258362 321.381683
313.103943 151.328156
-1.000000 -1.000000
-1.000000 -1.000000
-1.000000 -1.000000
-1.000000 -1.000000
-1.000000 -1.000000
1041.453247 450.910675
770.767456 116.453133
-1.000000 -1.000000
-1.000000 -1.000000
-1.000000 -1.000000
752.979614 100.573914
492.152039 211.033112
-1.000000 -1.000000
-1.000000 -1.000000
784.141418 134.104675
-1.000000 -1.000000
-1.000000 -1.000000
-1.000000 -1.000000
663.652527 448.022034
705.943237 638.213257
1090.092529 504.981293
-1.000000 -1.000000
-1.000000 -1.000000
322.811127 190.761490
472.556641 253.116974
-1.000000 -1.000000
-1.000000 -1.000000
-1.000000 -1.000000
-1.000000 -1.000000
678.810486 327.489166
-1.000000 -1.000000
-1.000000 -1.000000
499.947906 271.225830
-1.000000 -1.000000
716.881592 148.470673
-1.000000 -1.000000
1076.785522 413.114227
-1.000000 -1.000000
-1.000000 -1.000000
-1.000000 -1.000000
-1.000000 -1.000000
1041.924683 345.231079
-1.000000 -1.000000
-1.000000 -1.000000
369.718384 384.265839
-1.000000 -1.000000
690.230713 260.102966
-1.000000 -1.000000
-1.000000 -1.000000
827.199402 433.542114
-1.000000 -1.000000
-1.000000 -1.000000
-1.000000 -1.000000
707.984802 310.731506
-1.000000 -1.000000
-1.000000 -1.000000
-1.000000 -1.000000
1035.915161 361.852386
767.286804 131.713501
-1.000000 -1.000000
-1.000000 -1.000000
-1.000000 -1.000000
-1.000000 -1.000000
867.104065 188.904587
-1.000000 -1.000000
705.778381 624.468323
-1.000000 -1.000000
-1.000000 -1.000000
318.014191 161.411606
1020.615051 362.284790
-1.000000 -1.000000
-1.000000 -1.000000
371.036438 460.295319
-1.000000 -1.000000
-1.000000 -1.000000
-1.000000 -1.000000
-1.000000 -1.000000
1027.015625 346.620392
-1.000000 -1.000000
-1.000000 -1.000000
-1.000000 -1.000000
-1.000000 -1.000000
-1.000000 -1.000000
297.440155 181.148346
896.075562 217.668655
663.079407 417.270203
-1.000000 -1.000000
-1.000000 -1.000000
700.372925 199.587921
-1.000000 -1.000000
800.590576 395.136322
-1.000000 -1.000000
696.525391 282.458649
485.895538 164.702393
-1.000000 -1.000000
485.412903 271.638214
-1.000000 -1.000000
-1.000000 -1.000000
-1.000000 -1.000000
-1.000000 -1.000000
-1.000000 -1.000000
-1.000000 -1.000000
325.088257 209.712982
1032.751709 378.318268
-1.000000 -1.000000
-1.000000 -1.000000
-1.000000 -1.000000
-1.000000 -1.000000
-1.000000 -1.000000
-1.000000 -1.000000
1165.859863 226.415100
-1.000000 -1.000000
1012.772949 380.870148
-1.000000 -1.000000
-1.000000 -1.000000
1006.300171 210.570099
814.443909 142.949493
-1.000000 -1.000000
-1.000000 -1.000000
322.769562 177.413300
-1.000000 -1.000000
715.840027 637.004456
-1.000000 -1.000000
-1.000000 -1.000000
-1.000000 -1.000000
675.623779 314.567413
580.125732 230.976578
-1.000000 -1.000000
-1.000000 -1.000000
-1.000000 -1.000000
-1.000000 -1.000000
-1.000000 -1.000000
-1.000000 -1.000000
-1.000000 -1.000000
546.165649 240.201157
-1.000000 -1.000000
1083.013794 193.258514
-1.000000 -1.000000
-1.000000 -1.000000
-1.000000 -1.000000
-1.000000 -1.000000
863.670593 397.268890
-1.000000 -1.000000
-1.000000 -1.000000
577.638245 469.293213
-1.000000 -1.000000
-1.000000 -1.000000
1012.378845 346.883362
-1.000000 -1.000000
-1.000000 -1.000000
-1.000000 -1.000000
675.104614 293.414825
812.614990 376.539001
-1.000000 -1.000000
-1.000000 -1.000000
-1.000000 -1.000000
-1.000000 -1.000000
705.662537 650.705811
449.830536 129.947327
-1.000000 -1.000000
-1.000000 -1.000000
470.556702 268.324219
-1.000000 -1.000000
-1.000000 -1.000000
754.685791 115.943008
-1.000000 -1.000000
-1.000000 -1.000000
-1.000000 -1.000000
841.130554 381.258453
-1.000000 -1.000000
-1.000000 -1.000000
-1.000000 -1.000000
-1.000000 -1.000000
-1.000000 -1.000000
-1.000000 -1.000000
890.977722 219.739899
-1.000000 -1.000000
-1.000000 -1.000000
-1.000000 -1.000000
680.225220 118.195358
-1.000000 -1.000000
854.751709 397.913971
-1.000000 -1.000000
-1.000000 -1.000000
-1.000000 -1.000000
-1.000000 -1.000000
-1.000000 -1.000000
-1.000000 -1.000000
-1.000000 -1.000000
960.330261 373.398041
-1.000000 -1.000000
-1.000000 -1.000000
-1.000000 -1.000000
-1.000000 -1.000000
-1.000000 -1.000000
-1.000000 -1.000000
-1.000000 -1.000000
715.292847 623.324280
-1.000000 -1.000000
-1.000000 -1.000000
-1.000000 -1.000000
348.825500 213.307693
855.738159 413.937012
1074.953979 207.131790
1146.337036 228.264191
-1.000000 -1.000000
369.717133 399.282227
-1.000000 -1.000000
-1.000000 -1.000000
-1.000000 -1.000000
567.802673 230.216278
-1.000000 -1.000000
-1.000000 -1.000000
-1.000000 -1.000000
544.548279 451.432526
1005.438538 362.288177
315.196411 472.333466
-1.000000 -1.000000
-1.000000 -1.000000
220.233612 370.835693
-1.000000 -1.000000
-1.000000 -1.000000
-1.000000 -1.000000
225.592087 373.838226
-1.000000 -1.000000
-1.000000 -1.000000
-1.000000 -1.000000
-1.000000 -1.000000
591.709473 470.164337
-1.000000 -1.000000
-1.000000 -1.000000
-1.000000 -1.000000
-1.000000 -1.000000
843.715515 430.936310
415.977905 198.879684
-1.000000 -1.000000
-1.000000 -1.000000
-1.000000 -1.000000
-1.000000 -1.000000
-1.000000 -1.000000
306.795532 153.960037
-1.000000 -1.000000
-1.000000 -1.000000
-1.000000 -1.000000
-1.000000 -1.000000
-1.000000 -1.000000
-1.000000 -1.000000
-1.000000 -1.000000
-1.000000 -1.000000
457.031982 143.695114
-1.000000 -1.000000
306.397278 467.129913
415.814148 213.258728
-1.000000 -1.000000
859.817627 162.822556
-1.000000 -1.000000
-1.000000 -1.000000
519.620911 240.801697
-1.000000 -1.000000
-1.000000 -1.000000
-1.000000 -1.000000
674.977478 55.723946
583.204712 202.649872
877.637756 96.760590
646.427002 213.974655
447.191437 108.041611
-1.000000 -1.000000
-1.000000 -1.000000
-1.000000 -1.000000
-1.000000 -1.000000
-1.000000 -1.000000
696.320557 637.553223
281.575012 221.039688
869.458923 438.316803
326.235931 227.044937
462.334442 131.352692
-1.000000 -1.000000
-1.000000 -1.000000
280.519531 448.092957
-1.000000 -1.000000
-1.000000 -1.000000
-1.000000 -1.000000
-1.000000 -1.000000
-1.000000 -1.000000
-1.000000 -1.000000
-1.000000 -1.000000
-1.000000 -1.000000
-1.000000 -1.000000
-1.000000 -1.000000
695.915039 650.648682
-1.000000 -1.000000
-1.000000 -1.000000
-1.000000 -1.000000
1181.258911 203.977951
707.614807 468.719116
-1.000000 -1.000000
-1.000000 -1.000000
870.810852 128.449631
-1.000000 -1.000000
-1.000000 -1.000000
-1.000000 -1.000000
414.593140 183.877502
-1.000000 -1.000000
1072.953613 204.953461
-1.000000 -1.000000
-1.000000 -1.000000
517.132385 255.868240
-1.000000 -1.000000
675.391724 254.266632
-1.000000 -1.000000
1223.043579 92.622986
-1.000000 -1.000000
893.795288 202.247147
838.669922 405.716797
-1.000000 -1.000000
-1.000000 -1.000000
-1.000000 -1.000000
-1.000000 -1.000000
-1.000000 -1.000000
539.547791 230.793030
618.582520 41.149700
-1.000000 -1.000000
-1.000000 -1.000000
715.915649 649.802734
554.640808 231.629150
-1.000000 -1.000000
662.708435 313.120087
-1.000000 -1.000000
550.710632 468.147400
-1.000000 -1.000000
-1.000000 -1.000000
-1.000000 -1.000000
-1.000000 -1.000000
-1.000000 -1.000000
-1.000000 -1.000000
634.021729 41.241932
687.958130 634.155579
-1.000000 -1.000000
320.791382 171.496201
-1.000000 -1.000000
-1.000000 -1.000000
-1.000000 -1.000000
-1.000000 -1.000000
-1.000000 -1.000000
-1.000000 -1.000000
873.850037 413.749390
-1.000000 -1.000000
-1.000000 -1.000000
-1.000000 -1.000000
829.204834 390.849915
851.148560 393.764374
-1.000000 -1.000000
-1.000000 -1.000000
687.816101 648.934326
859.370667 441.977325
-1.000000 -1.000000
-1.000000 -1.000000
-1.000000 -1.000000
876.813232 143.954651
696.385620 623.750305
-1.000000 -1.000000
879.506958 226.317383
-1.000000 -1.000000
313.952240 148.806717
457.825012 94.261490
-1.000000 -1.000000
-1.000000 -1.000000
-1.000000 -1.000000
685.773560 469.901031
-1.000000 -1.000000
660.816101 328.432739
562.731201 479.855133
-1.000000 -1.000000
-1.000000 -1.000000
-1.000000 -1.000000
-1.000000 -1.000000
977.793335 375.207275
-1.000000 -1.000000
-1.000000 -1.000000
1059.633179 207.366287
-1.000000 -1.000000
247.771317 460.381989
-1.000000 -1.000000
-1.000000 -1.000000
-1.000000 -1.000000
-1.000000 -1.000000
744.952271 481.939514
-1.000000 -1.000000
664.922791 464.695221
-1.000000 -1.000000
294.323059 166.587265
-1.000000 -1.000000
-1.000000 -1.000000
-1.000000 -1.000000
471.649658 144.116882
430.906738 182.886917
-1.000000 -1.000000
769.009888 480.502106
-1.000000 -1.000000
-1.000000 -1.000000
867.527344 460.136688
-1.000000 -1.000000
-1.000000 -1.000000
-1.000000 -1.000000
-1.000000 -1.000000
223.896027 361.721313
-1.000000 -1.000000
269.135559 447.726288
-1.000000 -1.000000
-1.000000 -1.000000
461.173981 109.765312
-1.000000 -1.000000
-1.000000 -1.000000
-1.000000 -1.000000
-1.000000 -1.000000
431.636749 198.776001
-1.000000 -1.000000
-1.000000 -1.000000
670.061340 336.214417
-1.000000 -1.000000
-1.000000 -1.000000
-1.000000 -1.000000
-1.000000 -1.000000
-1.000000 -1.000000
880.295349 68.059875
-1.000000 -1.000000
-1.000000 -1.000000
-1.000000 -1.000000
-1.000000 -1.000000
665.446777 269.681488
679.512024 98.541718
-1.000000 -1.000000
1212.136230 211.121613
-1.000000 -1.000000
686.699524 619.136169
-1.000000 -1.000000
-1.000000 -1.000000
-1.000000 -1.000000
-1.000000 -1.000000
-1.000000 -1.000000
883.061951 52.584778
598.733826 449.098541
579.296814 483.655029
-1.000000 -1.000000
-1.000000 -1.000000
-1.000000 -1.000000
-1.000000 -1.000000
-1.000000 -1.000000
1083.961182 186.200394
730.032532 641.162170
-1.000000 -1.000000
-1.000000 -1.000000
-1.000000 -1.000000
-1.000000 -1.000000
868.773499 180.703476
-1.000000 -1.000000
-1.000000 -1.000000
-1.000000 -1.000000
-1.000000 -1.000000
1130.854126 230.852509
-1.000000 -1.000000
-1.000000 -1.000000
-1.000000 -1.000000
-1.000000 -1.000000
325.769592 215.250931
-1.000000 -1.000000
-1.000000 -1.000000
1047.191895 333.455261
-1.000000 -1.000000
233.736664 367.534821
-1.000000 -1.000000
-1.000000 -1.000000
594.668091 484.916534
-1.000000 -1.000000
-1.000000 -1.000000
-1.000000 -1.000000
-1.000000 -1.000000
-1.000000 -1.000000
-1.000000 -1.000000
402.513611 354.516846
476.918701 131.281204
-1.000000 -1.000000
-1.000000 -1.000000
-1.000000 -1.000000
-1.000000 -1.000000
-1.000000 -1.000000
-1.000000 -1.000000
-1.000000 -1.000000
-1.000000 -1.000000
222.748062 326.378632
851.190735 383.375702
-1.000000 -1.000000
-1.000000 -1.000000
-1.000000 -1.000000
704.749084 659.102966
-1.000000 -1.000000
645.854309 453.369293
-1.000000 -1.000000
-1.000000 -1.000000
