-1.000000 -1.000000
-1.000000 -1.000000
-1.000000 -1.000000
-1.000000 -1.000000
-1.000000 -1.000000
-1.000000 -1.000000
-1.000000 -1.000000
-1.000000 -1.000000
-1.000000 -1.000000
-1.000000 -1.000000
-1.000000 -1.000000
-1.000000 -1.000000
-1.000000 -1.000000
-1.000000 -1.000000
-1.000000 -1.000000
-1.000000 -1.000000
-1.000000 -1.000000
-1.000000 -1.000000
-1.000000 -1.000000
975.227173 208.684128
-1.000000 -1.000000
-1.000000 -1.000000
984.259888 168.094345
-1.000000 -1.000000
-1.000000 -1.000000
-1.000000 -1.000000
-1.000000 -1.000000
-1.000000 -1.000000
-1.000000 -1.000000
-1.000000 -1.000000
-1.000000 -1.000000
-1.000000 -1.000000
-1.000000 -1.000000
689.679443 87.944221
-1.000000 -1.000000
-1.000000 -1.000000
-1.000000 -1.000000
480.732819 449.007172
-1.000000 -1.000000
-1.000000 -1.000000
-1.000000 -1.000000
-1.000000 -1.000000
-1.000000 -1.000000
-1.000000 -1.000000
-1.000000 -1.000000
-1.000000 -1.000000
956.521484 194.140396
-1.000000 -1.000000
-1.000000 -1.000000
-1.000000 -1.000000
-1.000000 -1.000000
836.144165 208.177017
-1.000000 -1.000000
-1.000000 -1.000000
971.479736 193.069412
-1.000000 -1.000000
-1.000000 -1.000000
-1.000000 -1.000000
-1.000000 -1.000000
461.724182 449.643097
990.043091 203.478714
-1.000000 -1.000000
-1.000000 -1.000000
-1.000000 -1.000000
-1.000000 -1.000000
-1.000000 -1.000000
-1.000000 -1.000000
-1.000000 -1.000000
-1.000000 -1.000000
-1.000000 -1.000000
-1.000000 -1.000000
-1.000000 -1.000000
462.496368 427.293915
-1.000000 -1.000000
-1.000000 -1.000000
-1.000000 -1.000000
-1.000000 -1.000000
-1.000000 -1.000000
-1.000000 -1.000000
-1.000000 -1.000000
-1.000000 -1.000000
837.778442 77.015144
595.527527 461.237396
-1.000000 -1.000000
-1.000000 -1.000000
-1.000000 -1.000000
-1.000000 -1.000000
-1.000000 -1.000000
-1.000000 -1.000000
-1.000000 -1.000000
877.407959 208.691681
-1.000000 -1.000000
-1.000000 -1.000000
-1.000000 -1.000000
-1.000000 -1.000000
-1.000000 -1.000000
-1.000000 -1.000000
-1.000000 -1.000000
-1.000000 -1.000000
508.175018 450.864044
328.478943 40.883793
-1.000000 -1.000000
-1.000000 -1.000000
-1.000000 -1.000000
-1.000000 -1.000000
-1.000000 -1.000000
615.680420 434.830261
-1.000000 -1.000000
-1.000000 -1.000000
-1.000000 -1.000000
-1.000000 -1.000000
-1.000000 -1.000000
497.151215 445.947784
-1.000000 -1.000000
-1.000000 -1.000000
-1.000000 -1.000000
-1.000000 -1.000000
-1.000000 -1.000000
-1.000000 -1.000000
929.658020 476.267242
-1.000000 -1.000000
-1.000000 -1.000000
-1.000000 -1.000000
-1.000000 -1.000000
-1.000000 -1.000000
-1.000000 -1.000000
540.138428 454.422302
-1.000000 -1.000000
-1.000000 -1.000000
-1.000000 -1.000000
-1.000000 -1.000000
651.107483 419.668793
-1.000000 -1.000000
-1.000000 -1.000000
-1.000000 -1.000000
-1.000000 -1.000000
-1.000000 -1.000000
825.282166 230.727051
499.868866 428.913940
513.593323 436.113922
516.286499 455.514465
-1.000000 -1.000000
-1.000000 -1.000000
-1.000000 -1.000000
-1.000000 -1.000000
-1.000000 -1.000000
-1.000000 -1.000000
-1.000000 -1.000000
-1.000000 -1.000000
-1.000000 -1.000000
-1.000000 -1.000000
-1.000000 -1.000000
-1.000000 -1.000000
-1.000000 -1.000000
-1.000000 -1.000000
-1.000000 -1.000000
-1.000000 -1.000000
-1.000000 -1.000000
-1.000000 -1.000000
605.286133 465.883606
-1.000000 -1.000000
-1.000000 -1.000000
-1.000000 -1.000000
786.526062 464.797729
-1.000000 -1.000000
-1.000000 -1.000000
-1.000000 -1.000000
-1.000000 -1.000000
666.302795 421.806030
-1.000000 -1.000000
473.536926 362.782074
-1.000000 -1.000000
468.459503 377.475189
583.973328 458.990814
-1.000000 -1.000000
-1.000000 -1.000000
-1.000000 -1.000000
-1.000000 -1.000000
-1.000000 -1.000000
-1.000000 -1.000000
-1.000000 -1.000000
464.843323 405.935669
-1.000000 -1.000000
-1.000000 -1.000000
-1.000000 -1.000000
916.503601 232.222870
-1.000000 -1.000000
116.927032 493.533386
-1.000000 -1.000000
-1.000000 -1.000000
-1.000000 -1.000000
-1.000000 -1.000000
-1.000000 -1.000000
-1.000000 -1.000000
-1.000000 -1.000000
475.880554 465.686035
622.350891 435.490540
-1.000000 -1.000000
-1.000000 -1.000000
114.482239 508.732056
610.358215 445.683380
-1.000000 -1.000000
-1.000000 -1.000000
-1.000000 -1.000000
-1.000000 -1.000000
-1.000000 -1.000000
-1.000000 -1.000000
-1.000000 -1.000000
-1.000000 -1.000000
-1.000000 -1.000000
-1.000000 -1.000000
-1.000000 -1.000000
822.920288 204.361618
-1.000000 -1.000000
-1.000000 -1.000000
-1.000000 -1.000000
768.822571 473.551483
-1.000000 -1.000000
520.395447 414.237518
-1.000000 -1.000000
-1.000000 -1.000000
-1.000000 -1.000000
-1.000000 -1.000000
101.355507 490.877045
-1.000000 -1.000000
-1.000000 -1.000000
-1.000000 -1.000000
-1.000000 -1.000000
-1.000000 -1.000000
-1.000000 -1.000000
-1.000000 -1.000000
-1.000000 -1.000000
527.080139 465.011688
-1.000000 -1.000000
704.889221 87.849823
-1.000000 -1.000000
-1.000000 -1.000000
-1.000000 -1.000000
-1.000000 -1.000000
-1.000000 -1.000000
-1.000000 -1.000000
917.066467 493.866852
-1.000000 -1.000000
493.405853 462.355072
-1.000000 -1.000000
-1.000000 -1.000000
-1.000000 -1.000000
-1.000000 -1.000000
-1.000000 -1.000000
-1.000000 -1.000000
98.394020 506.946228
504.785645 470.251404
-1.000000 -1.000000
-1.000000 -1.000000
505.111969 410.938324
-1.000000 -1.000000
-1.000000 -1.000000
-1.000000 -1.000000
-1.000000 -1.000000
915.973999 203.835312
-1.000000 -1.000000
-1.000000 -1.000000
840.040527 229.764206
-1.000000 -1.000000
-1.000000 -1.000000
-1.000000 -1.000000
-1.000000 -1.000000
457.773468 465.710419
-1.000000 -1.000000
-1.000000 -1.000000
-1.000000 -1.000000
-1.000000 -1.000000
-1.000000 -1.000000
-1.000000 -1.000000
-1.000000 -1.000000
-1.000000 -1.000000
990.490417 218.659927
-1.000000 -1.000000
-1.000000 -1.000000
-1.000000 -1.000000
894.840393 241.388809
525.913513 441.904755
-1.000000 -1.000000
-1.000000 -1.000000
-1.000000 -1.000000
700.384827 130.913376
901.492981 206.202408
483.918976 354.314026
-1.000000 -1.000000
582.713867 431.358734
-1.000000 -1.000000
-1.000000 -1.000000
-1.000000 -1.000000
985.868652 188.422836
-1.000000 -1.000000
-1.000000 -1.000000
-1.000000 -1.000000
-1.000000 -1.000000
-1.000000 -1.000000
-1.000000 -1.000000
111.110924 524.065430
-1.000000 -1.000000
-1.000000 -1.000000
-1.000000 -1.000000
-1.000000 -1.000000
-1.000000 -1.000000
-1.000000 -1.000000
-1.000000 -1.000000
-1.000000 -1.000000
-1.000000 -1.000000
-1.000000 -1.000000
-1.000000 -1.000000
-1.000000 -1.000000
-1.000000 -1.000000
-1.000000 -1.000000
702.592896 103.472755
-1.000000 -1.000000
604.225403 480.874023
95.092995 522.674622
-1.000000 -1.000000
-1.000000 -1.000000
-1.000000 -1.000000
-1.000000 -1.000000
-1.000000 -1.000000
-1.000000 -1.000000
-1.000000 -1.000000
-1.000000 -1.000000
-1.000000 -1.000000
583.095703 474.304962
547.507812 162.088776
-1.000000 -1.000000
-1.000000 -1.000000
-1.000000 -1.000000
-1.000000 -1.000000
811.807251 246.843582
129.373993 521.802979
-1.000000 -1.000000
-1.000000 -1.000000
-1.000000 -1.000000
-1.000000 -1.000000
-1.000000 -1.000000
-1.000000 -1.000000
-1.000000 -1.000000
-1.000000 -1.000000
-1.000000 -1.000000
516.314270 481.279663
-1.000000 -1.000000
-1.000000 -1.000000
-1.000000 -1.000000
-1.000000 -1.000000
585.113831 439.133270
-1.000000 -1.000000
810.467834 228.156677
-1.000000 -1.000000
-1.000000 -1.000000
-1.000000 -1.000000
-1.000000 -1.000000
566.202942 387.350739
-1.000000 -1.000000
667.646851 427.928986
-1.000000 -1.000000
-1.000000 -1.000000
-1.000000 -1.000000
-1.000000 -1.000000
-1.000000 -1.000000
-1.000000 -1.000000
-1.000000 -1.000000
-1.000000 -1.000000
-1.000000 -1.000000
-1.000000 -1.000000
-1.000000 -1.000000
-1.000000 -1.000000
-1.000000 -1.000000
-1.000000 -1.000000
-1.000000 -1.000000
-1.000000 -1.000000
-1.000000 -1.000000
-1.000000 -1.000000
-1.000000 -1.000000
-1.000000 -1.000000
-1.000000 -1.000000
-1.000000 -1.000000
-1.000000 -1.000000
-1.000000 -1.000000
-1.000000 -1.000000
-1.000000 -1.000000
-1.000000 -1.000000
-1.000000 -1.000000
701.016296 408.777069
-1.000000 -1.000000
173.762238 403.514648
-1.000000 -1.000000
-1.000000 -1.000000
158.758331 402.541626
700.694763 174.446793
-1.000000 -1.000000
-1.000000 -1.000000
174.786774 388.569702
-1.000000 -1.000000
-1.000000 -1.000000
-1.000000 -1.000000
531.575500 161.704987
-1.000000 -1.000000
-1.000000 -1.000000
-1.000000 -1.000000
-1.000000 -1.000000
-1.000000 -1.000000
-1.000000 -1.000000
-1.000000 -1.000000
-1.000000 -1.000000
217.420761 397.187958
-1.000000 -1.000000
-1.000000 -1.000000
158.731903 417.443634
536.461975 481.896332
-1.000000 -1.000000
232.402405 397.019409
-1.000000 -1.000000
202.452744 398.204041
-1.000000 -1.000000
912.905029 219.666672
-1.000000 -1.000000
209.398727 382.309448
-1.000000 -1.000000
-1.000000 -1.000000
175.749939 418.327484
-1.000000 -1.000000
224.434921 382.300446
-1.000000 -1.000000
-1.000000 -1.000000
443.391724 445.836823
-1.000000 -1.000000
-1.000000 -1.000000
-1.000000 -1.000000
-1.000000 -1.000000
-1.000000 -1.000000
156.635193 201.956497
-1.000000 -1.000000
401.249573 195.496597
217.522003 412.122284
340.315765 474.830200
693.680054 145.550415
-1.000000 -1.000000
-1.000000 -1.000000
619.557068 448.078308
-1.000000 -1.000000
-1.000000 -1.000000
-1.000000 -1.000000
-1.000000 -1.000000
-1.000000 -1.000000
-1.000000 -1.000000
594.391968 474.769135
-1.000000 -1.000000
-1.000000 -1.000000
-1.000000 -1.000000
202.486160 413.141479
-1.000000 -1.000000
-1.000000 -1.000000
-1.000000 -1.000000
232.412537 411.966614
-1.000000 -1.000000
-1.000000 -1.000000
-1.000000 -1.000000
609.883362 131.820465
-1.000000 -1.000000
516.397461 214.528244
-1.000000 -1.000000
-1.000000 -1.000000
-1.000000 -1.000000
-1.000000 -1.000000
-1.000000 -1.000000
-1.000000 -1.000000
478.684631 347.229950
-1.000000 -1.000000
-1.000000 -1.000000
-1.000000 -1.000000
-1.000000 -1.000000
-1.000000 -1.000000
126.910118 477.457214
-1.000000 -1.000000
-1.000000 -1.000000
-1.000000 -1.000000
900.653381 221.197739
-1.000000 -1.000000
-1.000000 -1.000000
-1.000000 -1.000000
-1.000000 -1.000000
-1.000000 -1.000000
-1.000000 -1.000000
194.329834 383.240295
-1.000000 -1.000000
-1.000000 -1.000000
-1.000000 -1.000000
-1.000000 -1.000000
-1.000000 -1.000000
-1.000000 -1.000000
-1.000000 -1.000000
-1.000000 -1.000000
-1.000000 -1.000000
563.640991 345.112823
-1.000000 -1.000000
-1.000000 -1.000000
-1.000000 -1.000000
-1.000000 -1.000000
-1.000000 -1.000000
-1.000000 -1.000000
765.201538 467.204926
610.157593 146.643127
-1.000000 -1.000000
-1.000000 -1.000000
-1.000000 -1.000000
592.158997 131.687988
-1.000000 -1.000000
-1.000000 -1.000000
-1.000000 -1.000000
624.271362 164.243912
-1.000000 -1.000000
-1.000000 -1.000000
-1.000000 -1.000000
441.682526 460.753784
530.655273 634.935120
760.855957 487.659454
-1.000000 -1.000000
-1.000000 -1.000000
-1.000000 -1.000000
-1.000000 -1.000000
-1.000000 -1.000000
-1.000000 -1.000000
-1.000000 -1.000000
-1.000000 -1.000000
459.961426 359.151093
-1.000000 -1.000000
-1.000000 -1.000000
-1.000000 -1.000000
-1.000000 -1.000000
558.109314 177.792816
-1.000000 -1.000000
-1.000000 -1.000000
-1.000000 -1.000000
-1.000000 -1.000000
-1.000000 -1.000000
-1.000000 -1.000000
791.486267 358.837433
-1.000000 -1.000000
-1.000000 -1.000000
143.551407 403.855194
-1.000000 -1.000000
471.143250 304.177979
-1.000000 -1.000000
-1.000000 -1.000000
585.125854 449.699066
-1.000000 -1.000000
-1.000000 -1.000000
-1.000000 -1.000000
-1.000000 -1.000000
-1.000000 -1.000000
-1.000000 -1.000000
-1.000000 -1.000000
784.935303 375.950287
606.989197 161.677307
-1.000000 -1.000000
-1.000000 -1.000000
-1.000000 -1.000000
-1.000000 -1.000000
706.510803 216.313766
-1.000000 -1.000000
530.697266 622.081543
-1.000000 -1.000000
-1.000000 -1.000000
-1.000000 -1.000000
769.330383 376.283325
-1.000000 -1.000000
-1.000000 -1.000000
162.496674 472.869324
-1.000000 -1.000000
-1.000000 -1.000000
-1.000000 -1.000000
-1.000000 -1.000000
776.367065 360.668427
-1.000000 -1.000000
-1.000000 -1.000000
-1.000000 -1.000000
-1.000000 -1.000000
-1.000000 -1.000000
-1.000000 -1.000000
736.621277 245.328247
441.107819 431.329376
-1.000000 -1.000000
-1.000000 -1.000000
537.241089 231.583298
-1.000000 -1.000000
577.896851 411.637146
-1.000000 -1.000000
478.305634 318.214813
-1.000000 -1.000000
-1.000000 -1.000000
-1.000000 -1.000000
-1.000000 -1.000000
-1.000000 -1.000000
-1.000000 -1.000000
-1.000000 -1.000000
-1.000000 -1.000000
-1.000000 -1.000000
-1.000000 -1.000000
784.935181 392.249451
-1.000000 -1.000000
-1.000000 -1.000000
-1.000000 -1.000000
-1.000000 -1.000000
-1.000000 -1.000000
-1.000000 -1.000000
962.190796 254.742172
-1.000000 -1.000000
766.440369 391.641327
-1.000000 -1.000000
-1.000000 -1.000000
825.937866 248.014709
654.760254 173.290604
-1.000000 -1.000000
-1.000000 -1.000000
-1.000000 -1.000000
-1.000000 -1.000000
-1.000000 -1.000000
-1.000000 -1.000000
-1.000000 -1.000000
-1.000000 -1.000000
459.294800 345.566528
-1.000000 -1.000000
-1.000000 -1.000000
-1.000000 -1.000000
-1.000000 -1.000000
-1.000000 -1.000000
-1.000000 -1.000000
-1.000000 -1.000000
-1.000000 -1.000000
-1.000000 -1.000000
-1.000000 -1.000000
918.356384 222.156387
-1.000000 -1.000000
-1.000000 -1.000000
-1.000000 -1.000000
-1.000000 -1.000000
-1.000000 -1.000000
-1.000000 -1.000000
-1.000000 -1.000000
353.969421 477.263824
-1.000000 -1.000000
-1.000000 -1.000000
762.292175 361.194000
-1.000000 -1.000000
-1.000000 -1.000000
-1.000000 -1.000000
455.398621 328.709686
600.376038 392.891571
-1.000000 -1.000000
-1.000000 -1.000000
-1.000000 -1.000000
-1.000000 -1.000000
-1.000000 -1.000000
288.286072 154.884384
-1.000000 -1.000000
-1.000000 -1.000000
-1.000000 -1.000000
-1.000000 -1.000000
-1.000000 -1.000000
593.869812 145.991608
-1.000000 -1.000000
-1.000000 -1.000000
-1.000000 -1.000000
634.832397 396.145325
-1.000000 -1.000000
-1.000000 -1.000000
-1.000000 -1.000000
-1.000000 -1.000000
-1.000000 -1.000000
-1.000000 -1.000000
-1.000000 -1.000000
-1.000000 -1.000000
-1.000000 -1.000000
-1.000000 -1.000000
519.499146 148.181107
-1.000000 -1.000000
632.401245 408.895386
-1.000000 -1.000000
-1.000000 -1.000000
-1.000000 -1.000000
-1.000000 -1.000000
-1.000000 -1.000000
-1.000000 -1.000000
-1.000000 -1.000000
730.326965 387.898376
-1.000000 -1.000000
-1.000000 -1.000000
-1.000000 -1.000000
-1.000000 -1.000000
-1.000000 -1.000000
-1.000000 -1.000000
-1.000000 -1.000000
-1.000000 -1.000000
-1.000000 -1.000000
-1.000000 -1.000000
-1.000000 -1.000000
-1.000000 -1.000000
-1.000000 -1.000000
905.838867 234.952316
939.328064 256.197296
-1.000000 -1.000000
143.561890 418.722260
-1.000000 -1.000000
-1.000000 -1.000000
-1.000000 -1.000000
-1.000000 -1.000000
-1.000000 -1.000000
-1.000000 -1.000000
-1.000000 -1.000000
325.908234 466.115295
755.428345 376.385742
89.905197 488.738403
-1.000000 -1.000000
-1.000000 -1.000000
-1.000000 -1.000000
-1.000000 -1.000000
-1.000000 -1.000000
-1.000000 -1.000000
-1.000000 -1.000000
-1.000000 -1.000000
-1.000000 -1.000000
-1.000000 -1.000000
-1.000000 -1.000000
364.139771 479.781189
-1.000000 -1.000000
-1.000000 -1.000000
-1.000000 -1.000000
-1.000000 -1.000000
-1.000000 -1.000000
-1.000000 -1.000000
-1.000000 -1.000000
-1.000000 -1.000000
-1.000000 -1.000000
-1.000000 -1.000000
-1.000000 -1.000000
-1.000000 -1.000000
-1.000000 -1.000000
-1.000000 -1.000000
-1.000000 -1.000000
-1.000000 -1.000000
-1.000000 -1.000000
-1.000000 -1.000000
-1.000000 -1.000000
-1.000000 -1.000000
303.403473 180.438370
-1.000000 -1.000000
84.945786 483.614227
-1.000000 -1.000000
-1.000000 -1.000000
699.261963 192.332397
-1.000000 -1.000000
-1.000000 -1.000000
-1.000000 -1.000000
-1.000000 -1.000000
-1.000000 -1.000000
-1.000000 -1.000000
513.104248 88.480080
-1.000000 -1.000000
715.669189 129.924789
-1.000000 -1.000000
284.590210 131.211426
-1.000000 -1.000000
-1.000000 -1.000000
-1.000000 -1.000000
-1.000000 -1.000000
-1.000000 -1.000000
-1.000000 -1.000000
-1.000000 -1.000000
-1.000000 -1.000000
201.825882 245.568115
300.629486 156.986588
-1.000000 -1.000000
-1.000000 -1.000000
-1.000000 -1.000000
-1.000000 -1.000000
-1.000000 -1.000000
-1.000000 -1.000000
-1.000000 -1.000000
-1.000000 -1.000000
-1.000000 -1.000000
-1.000000 -1.000000
-1.000000 -1.000000
-1.000000 -1.000000
-1.000000 -1.000000
-1.000000 -1.000000
-1.000000 -1.000000
-1.000000 -1.000000
-1.000000 -1.000000
987.736755 233.666595
485.641663 478.615417
-1.000000 -1.000000
-1.000000 -1.000000
709.438293 160.065750
-1.000000 -1.000000
-1.000000 -1.000000
-1.000000 -1.000000
-1.000000 -1.000000
-1.000000 -1.000000
905.074829 232.937881
-1.000000 -1.000000
-1.000000 -1.000000
-1.000000 -1.000000
-1.000000 -1.000000
-1.000000 -1.000000
-1.000000 -1.000000
-1.000000 -1.000000
-1.000000 -1.000000
-1.000000 -1.000000
590.145508 432.020538
-1.000000 -1.000000
-1.000000 -1.000000
-1.000000 -1.000000
-1.000000 -1.000000
-1.000000 -1.000000
-1.000000 -1.000000
458.852356 40.067329
-1.000000 -1.000000
-1.000000 -1.000000
-1.000000 -1.000000
-1.000000 -1.000000
-1.000000 -1.000000
441.200500 340.791016
-1.000000 -1.000000
329.742920 479.663239
-1.000000 -1.000000
-1.000000 -1.000000
-1.000000 -1.000000
-1.000000 -1.000000
-1.000000 -1.000000
-1.000000 -1.000000
-1.000000 -1.000000
-1.000000 -1.000000
-1.000000 -1.000000
-1.000000 -1.000000
-1.000000 -1.000000
-1.000000 -1.000000
-1.000000 -1.000000
-1.000000 -1.000000
-1.000000 -1.000000
-1.000000 -1.000000
-1.000000 -1.000000
-1.000000 -1.000000
-1.000000 -1.000000
-1.000000 -1.000000
619.496521 403.306274
637.907959 404.117401
-1.000000 -1.000000
-1.000000 -1.000000
-1.000000 -1.000000
-1.000000 -1.000000
-1.000000 -1.000000
-1.000000 -1.000000
-1.000000 -1.000000
715.720154 174.684219
-1.000000 -1.000000
-1.000000 -1.000000
714.094360 253.106216
-1.000000 -1.000000
151.474243 192.998199
294.414276 116.820976
-1.000000 -1.000000
-1.000000 -1.000000
-1.000000 -1.000000
464.189026 479.623566
-1.000000 -1.000000
436.378387 349.857147
339.629974 490.667603
-1.000000 -1.000000
-1.000000 -1.000000
-1.000000 -1.000000
-1.000000 -1.000000
746.675781 388.499878
-1.000000 -1.000000
-1.000000 -1.000000
884.940796 233.417435
-1.000000 -1.000000
-1.000000 -1.000000
-1.000000 -1.000000
-1.000000 -1.000000
-1.000000 -1.000000
-1.000000 -1.000000
516.961365 493.705566
-1.000000 -1.000000
440.861176 475.702606
-1.000000 -1.000000
-1.000000 -1.000000
-1.000000 -1.000000
-1.000000 -1.000000
-1.000000 -1.000000
315.690399 178.360855
-1.000000 -1.000000
-1.000000 -1.000000
540.323730 495.662720
-1.000000 -1.000000
-1.000000 -1.000000
593.616638 458.110870
-1.000000 -1.000000
-1.000000 -1.000000
-1.000000 -1.000000
-1.000000 -1.000000
-1.000000 -1.000000
-1.000000 -1.000000
-1.000000 -1.000000
-1.000000 -1.000000
-1.000000 -1.000000
298.251190 132.431686
-1.000000 -1.000000
-1.000000 -1.000000
-1.000000 -1.000000
-1.000000 -1.000000
-1.000000 -1.000000
-1.000000 -1.000000
-1.000000 -1.000000
448.148346 369.083801
-1.000000 -1.000000
-1.000000 -1.000000
-1.000000 -1.000000
-1.000000 -1.000000
-1.000000 -1.000000
717.499084 101.624458
-1.000000 -1.000000
-1.000000 -1.000000
-1.000000 -1.000000
-1.000000 -1.000000
-1.000000 -1.000000
518.264526 130.391205
-1.000000 -1.000000
-1.000000 -1.000000
-1.000000 -1.000000
-1.000000 -1.000000
-1.000000 -1.000000
-1.000000 -1.000000
-1.000000 -1.000000
-1.000000 -1.000000
-1.000000 -1.000000
719.919983 88.133781
372.788879 462.763885
353.926941 493.171356
-1.000000 -1.000000
-1.000000 -1.000000
-1.000000 -1.000000
-1.000000 -1.000000
-1.000000 -1.000000
919.614685 215.240509
-1.000000 -1.000000
-1.000000 -1.000000
-1.000000 -1.000000
-1.000000 -1.000000
-1.000000 -1.000000
708.221497 208.273575
-1.000000 -1.000000
-1.000000 -1.000000
-1.000000 -1.000000
-1.000000 -1.000000
923.993286 257.931641
-1.000000 -1.000000
-1.000000 -1.000000
-1.000000 -1.000000
-1.000000 -1.000000
-1.000000 -1.000000
-1.000000 -1.000000
-1.000000 -1.000000
798.257568 341.692596
-1.000000 -1.000000
-1.000000 -1.000000
-1.000000 -1.000000
-1.000000 -1.000000
367.018219 494.489777
-1.000000 -1.000000
-1.000000 -1.000000
-1.000000 -1.000000
-1.000000 -1.000000
-1.000000 -1.000000
-1.000000 -1.000000
176.139740 374.495239
314.964722 155.783844
-1.000000 -1.000000
-1.000000 -1.000000
-1.000000 -1.000000
-1.000000 -1.000000
-1.000000 -1.000000
-1.000000 -1.000000
-1.000000 -1.000000
-1.000000 -1.000000
-1.000000 -1.000000
642.592957 397.506805
-1.000000 -1.000000
-1.000000 -1.000000
-1.000000 -1.000000
-1.000000 -1.000000
-1.000000 -1.000000
420.687286 465.459045
-1.000000 -1.000000
-1.000000 -1.000000
