-1.000000 -1.000000
-1.000000 -1.000000
-1.000000 -1.000000
-1.000000 -1.000000
-1.000000 -1.000000
-1.000000 -1.000000
-1.000000 -1.000000
-1.000000 -1.000000
-1.000000 -1.000000
167.970840 660.471313
-1.000000 -1.000000
-1.000000 -1.000000
-1.000000 -1.000000
165.558212 675.574036
-1.000000 -1.000000
1141.918823 120.457809
-1.000000 -1.000000
-1.000000 -1.000000
-1.000000 -1.000000
1096.062256 170.077301
302.887604 342.853882
760.626648 329.483582
1106.896240 130.299957
-1.000000 -1.000000
-1.000000 -1.000000
183.872482 659.071350
1165.604370 40.673359
1078.312988 171.872177
1149.374023 105.580132
181.605270 675.223083
306.809052 358.012115
-1.000000 -1.000000
744.527466 329.251282
788.617737 54.501122
-1.000000 -1.000000
333.003479 203.240341
1137.995361 135.401718
733.527039 404.997742
152.216705 659.533264
-1.000000 -1.000000
-1.000000 -1.000000
-1.000000 -1.000000
459.748718 225.555939
-1.000000 -1.000000
-1.000000 -1.000000
1180.488525 302.486694
1077.759155 155.426407
279.151398 325.115265
732.216858 389.931458
149.868973 674.557556
1061.342285 172.758270
921.716125 160.698547
-1.000000 -1.000000
836.897583 217.462479
1092.940796 154.743195
-1.000000 -1.000000
1165.418335 302.456116
-1.000000 -1.000000
330.606781 188.236649
718.085266 404.876648
1112.016235 165.370148
317.835114 207.210602
-1.000000 -1.000000
1091.906738 128.230164
763.979370 314.326141
256.554169 272.111816
1106.811646 115.326492
1226.967529 208.553604
921.535278 389.825348
-1.000000 -1.000000
-1.000000 -1.000000
333.356262 218.126114
716.813660 384.605896
606.167175 394.966492
785.944763 71.570244
1158.624634 130.053162
1180.980347 424.861664
761.182251 344.899414
882.399109 337.376007
318.092438 40.079189
315.453613 192.247452
923.608643 40.923656
919.502686 423.809753
-1.000000 -1.000000
1226.152100 219.365891
1206.446899 135.110138
1152.088379 90.302208
-1.000000 -1.000000
-1.000000 -1.000000
-1.000000 -1.000000
959.819885 161.832687
746.662170 313.836151
1179.320679 266.933411
316.527008 373.355164
1195.596924 302.503845
-1.000000 -1.000000
731.886719 374.410431
-1.000000 -1.000000
317.014648 343.503845
765.139587 404.747986
453.607971 40.963745
1090.947876 185.570206
609.126465 379.742065
283.675232 350.349091
867.719116 338.349792
457.875946 240.581680
936.411377 387.561829
-1.000000 -1.000000
-1.000000 -1.000000
1181.836914 440.014526
-1.000000 -1.000000
961.001221 40.912094
749.412231 402.433868
1225.851318 669.364502
783.277832 98.809906
137.191696 659.385681
-1.000000 -1.000000
-1.000000 -1.000000
897.546021 334.346588
1219.874390 421.982208
-1.000000 -1.000000
-1.000000 -1.000000
833.404846 232.736389
-1.000000 -1.000000
745.521484 344.946899
-1.000000 -1.000000
796.219727 403.339417
-1.000000 -1.000000
1072.383911 187.047089
444.849487 225.682068
176.755188 335.538086
932.061401 371.594116
871.959229 317.727081
599.854065 248.751663
240.430710 268.328186
1227.347656 232.991119
1171.942749 403.542908
918.419678 175.540939
747.837280 387.499512
764.418762 390.636597
779.812622 406.401855
1091.734497 113.272118
621.247620 394.551788
1180.513428 317.734375
1156.279541 401.248596
936.870361 159.595459
601.836609 234.290680
168.869934 645.035278
320.870087 357.751312
280.675232 368.759308
-1.000000 -1.000000
416.412842 179.702621
1179.576538 332.731262
1165.432739 317.699219
270.934540 285.457520
-1.000000 -1.000000
1165.559570 111.763115
-1.000000 -1.000000
886.729126 318.769836
934.437805 428.899963
1196.572998 150.775787
821.259644 217.273193
624.126526 378.528503
1164.855225 421.358826
1217.615723 119.037003
-1.000000 -1.000000
-1.000000 -1.000000
-1.000000 -1.000000
947.107117 371.150116
221.451996 219.935699
729.932495 312.654419
851.692749 215.216507
727.584473 327.693909
811.767578 402.949768
294.590363 368.836273
-1.000000 -1.000000
918.553650 404.686401
304.205933 372.903595
263.904663 364.566681
109.709541 509.404602
-1.000000 -1.000000
716.853577 369.196777
1062.458740 156.044403
602.914673 219.209839
605.072815 411.045624
1054.650513 187.737915
1178.450806 287.150299
411.518402 446.649536
-1.000000 -1.000000
1211.730713 664.393311
-1.000000 -1.000000
-1.000000 -1.000000
1167.339600 96.150833
442.975739 240.741531
318.261322 221.819824
732.576538 420.251190
950.839966 387.843231
901.960022 319.626282
1149.722046 40.838070
411.319733 461.800293
936.084839 401.855194
272.295013 268.294067
414.686829 194.725250
1228.692627 198.301712
838.383179 40.916935
163.695221 328.798401
220.008759 190.863983
426.631409 444.374390
198.962341 659.197998
-1.000000 -1.000000
1190.191772 137.194672
171.427399 349.531647
906.438232 158.620895
-1.000000 -1.000000
589.343750 404.132141
-1.000000 -1.000000
1164.754761 436.409821
-1.000000 -1.000000
763.557617 374.583405
184.365036 644.007690
-1.000000 -1.000000
1139.992432 397.815338
661.054016 145.895432
396.633942 444.582184
896.959290 349.791077
-1.000000 -1.000000
-1.000000 -1.000000
782.755554 144.250809
-1.000000 -1.000000
426.433563 459.776398
1164.437988 267.918945
-1.000000 -1.000000
793.340027 417.171051
-1.000000 -1.000000
803.642029 54.398293
938.268066 40.971848
881.900940 352.643768
1136.853271 90.118668
957.865967 176.903488
-1.000000 -1.000000
335.664337 232.609528
1214.095093 437.397888
636.344116 393.328522
749.510864 417.075562
610.253235 41.132053
302.810242 207.620773
1193.480591 287.174072
176.034912 628.512268
834.864563 248.283463
431.219543 179.455399
396.178986 459.864929
774.376343 420.646149
-1.000000 -1.000000
777.683289 331.544739
747.502502 371.614716
1164.482422 332.693695
1134.474243 105.294243
639.247559 378.530731
1163.419556 287.101990
993.438721 154.673294
1215.120972 234.905396
-1.000000 -1.000000
933.846619 175.615784
590.128479 388.948151
848.585205 232.502045
220.601929 234.731873
-1.000000 -1.000000
716.859131 420.360199
93.745918 513.513916
1086.649048 200.942566
908.933289 40.859638
413.178040 164.666351
1150.348145 302.433899
1195.605591 317.714203
206.904694 191.563324
609.056091 363.839874
1112.250488 180.523651
334.835358 450.351379
947.288452 352.581512
1194.219116 267.936890
1055.609253 201.879364
782.757263 392.042114
-1.000000 -1.000000
335.272156 465.664490
1230.149170 185.758606
798.447632 98.772171
978.505920 156.801193
735.814880 299.337372
1214.938232 203.811539
799.791260 387.904480
1213.972534 222.139832
-1.000000 -1.000000
334.089233 480.666260
1107.906860 150.347015
1112.804565 100.286568
1190.875610 456.469330
918.210876 374.104126
866.780518 353.371826
-1.000000 -1.000000
776.072266 114.110245
410.068024 476.911102
645.367065 146.086670
219.863495 175.982544
158.329208 343.712372
932.113525 355.043701
300.461975 192.747437
623.993286 362.765076
584.890320 258.720123
-1.000000 -1.000000
1202.385742 112.733673
728.090576 55.339325
781.046448 316.421844
296.057678 480.194733
733.357239 102.616295
429.469269 194.420883
800.973083 70.433388
100.665314 528.314697
934.883484 444.662811
394.875183 474.966949
180.651794 247.194702
662.793152 159.515594
658.594421 56.652714
-1.000000 -1.000000
238.971283 280.113525
849.516724 248.371887
153.514145 643.837402
320.180817 450.452118
856.457397 315.574249
808.322449 416.945221
659.829224 130.987473
858.210388 288.891144
1225.190063 657.987915
-1.000000 -1.000000
893.857178 40.854256
912.335754 190.428955
426.263123 474.957733
328.316986 172.930832
748.494690 93.090340
149.864105 326.912567
620.175842 410.979553
911.482605 339.456879
751.505310 299.089874
781.526062 129.081100
1191.191772 407.169312
306.018555 392.073242
792.031006 431.980042
208.230865 212.255554
296.179352 465.162659
415.048737 209.918991
184.058167 232.880554
815.708191 387.288788
173.252258 363.907959
900.434265 172.696365
836.843140 202.797897
320.366638 465.761627
296.111267 352.655396
86.541176 527.035400
777.490112 346.669037
234.850754 215.616714
961.064758 371.572784
-1.000000 -1.000000
774.809387 435.225922
806.142517 216.218674
191.031647 628.804871
293.316345 336.263275
233.771210 189.412247
652.973450 186.423737
1217.280396 404.872040
763.772522 92.932602
311.226532 480.881744
-1.000000 -1.000000
732.389160 117.730316
1212.327148 149.997482
-1.000000 -1.000000
817.921753 232.553787
759.691284 111.357399
1176.660278 164.824387
660.754761 76.023331
-1.000000 -1.000000
593.499634 373.237396
-1.000000 -1.000000
733.078674 82.314987
153.893448 267.795624
446.100342 179.401535
428.038330 164.693420
1194.655396 332.724915
305.396057 449.491119
586.305176 244.335388
961.674683 352.821075
949.257080 430.831543
462.991089 355.079376
675.272888 57.206867
-1.000000 -1.000000
447.982452 354.145050
797.975647 143.172714
193.324829 212.975845
154.820801 256.937164
463.999176 340.072083
184.712952 350.031494
299.123199 356.082397
1173.974854 388.424927
644.504822 131.113190
448.988220 339.136017
1181.380981 116.274872
819.823853 248.228745
1207.175537 208.008316
129.693344 497.511261
1215.331543 191.265625
1133.472412 157.126556
1156.213379 385.898224
505.150116 348.834839
876.738831 40.844765
638.994263 362.794678
448.019440 369.187195
807.857971 431.869659
614.349976 248.425598
520.130615 348.807251
1198.806885 664.530823
490.138824 349.872803
861.167969 40.884033
993.629639 169.763992
615.788879 217.910263
497.146790 333.833893
313.396729 176.454056
429.881073 221.752991
465.032684 370.149689
900.730225 303.468750
512.144226 333.811127
166.718704 252.792755
1160.469238 167.044189
702.416016 400.286621
-1.000000 -1.000000
615.541138 232.930603
258.609833 259.946259
1220.771606 133.903229
192.571014 537.507812
206.471710 176.740662
872.502014 291.338837
444.409180 194.231003
505.147217 363.887817
611.846130 429.962006
791.612488 113.944435
-1.000000 -1.000000
-1.000000 -1.000000
950.609802 402.278595
680.889099 95.310066
734.309753 242.752853
189.654480 335.641022
249.301590 216.350983
949.892090 446.580109
749.874878 203.579071
920.181763 439.230011
-1.000000 -1.000000
234.394974 230.517593
845.706238 287.969482
490.133514 364.937378
199.221939 268.764191
821.015442 202.154251
678.395752 75.293518
520.130188 363.844055
157.838257 358.144073
663.059021 90.909004
643.384705 55.702812
716.836609 100.015450
1134.065674 40.819164
645.765747 159.602524
690.424438 57.000217
207.037430 227.885635
748.186035 77.899445
832.945374 263.952301
1222.683105 103.973473
-1.000000 -1.000000
730.693665 284.798096
160.758667 628.563660
1076.928467 127.127106
-1.000000 -1.000000
801.037903 231.928604
1229.016479 449.236359
412.087738 431.439331
851.902527 336.459747
40.601105 393.751251
743.603271 62.901028
978.717957 171.879044
177.185822 614.016418
468.573730 210.435715
744.116333 218.255112
-1.000000 -1.000000
1201.977051 223.788803
144.293228 341.572723
481.956268 334.897278
-1.000000 -1.000000
591.075012 229.140823
882.439453 181.770416
1228.653076 166.399994
178.194061 211.926208
-1.000000 -1.000000
777.340942 205.169769
715.615479 156.796127
743.368469 47.974472
771.773438 298.915833
217.253922 160.988007
288.200745 275.986053
303.220215 221.876816
1172.935913 146.792999
434.002472 339.214539
352.413727 438.829651
1149.525879 418.691895
717.054443 115.196945
1122.065063 84.875565
1150.388428 317.626160
647.829651 203.214508
700.637024 99.209366
449.706421 210.525467
911.450134 354.650452
1149.504272 264.778931
729.411987 132.956696
294.454712 318.255829
886.207642 167.707611
1135.038940 172.177444
701.482178 415.653809
738.626831 598.552124
1166.483032 451.937744
1229.906494 389.572449
1096.406128 98.326790
221.135406 205.856552
427.998047 236.854935
1182.895996 100.626053
780.683228 220.004013
774.809265 174.488358
645.584045 77.144547
719.692749 300.650421
734.373352 153.225815
760.161255 175.532501
456.042053 255.609802
140.613937 479.276764
672.855042 146.117752
759.716736 126.343094
1138.467407 382.171692
1214.638306 389.310577
780.797485 159.423798
-1.000000 -1.000000
859.241516 274.266449
1047.240234 311.940613
286.724274 296.138885
141.646286 293.906006
433.000458 355.223267
730.490723 204.463776
718.791443 240.004349
1154.799927 147.373520
952.456360 337.623230
830.532959 394.571381
744.641174 136.483780
295.147400 495.500275
337.800598 434.895752
744.952332 284.215210
709.857971 172.850601
693.692139 80.067604
79.766876 512.528992
1044.091309 327.265106
713.964111 130.365570
156.580124 481.038055
-1.000000 -1.000000
192.240784 612.554749
-1.000000 -1.000000
805.852905 200.974472
-1.000000 -1.000000
738.546082 583.660278
183.886581 372.774933
841.446716 314.962677
233.954849 174.579727
1029.165039 327.160553
1202.219482 249.024338
-1.000000 -1.000000
428.527313 429.415710
648.063599 103.898338
846.557495 263.731873
318.178558 391.784058
727.496521 341.965179
1031.609375 311.933350
1076.667847 112.248032
786.088440 235.906784
-1.000000 -1.000000
166.271530 241.318787
638.280762 177.202682
192.378860 187.972107
879.416870 196.949448
701.240784 385.270569
872.964478 277.046082
352.765808 454.258209
681.345398 173.697113
294.903198 391.018250
784.048706 375.199158
693.831360 159.006897
728.482056 263.050903
442.984375 164.762619
350.426697 213.652756
441.216888 255.800644
268.023041 387.454315
763.537048 77.786438
187.673218 440.792816
-1.000000 -1.000000
1171.148682 251.612915
206.733337 536.636108
247.807205 231.629929
1041.059448 344.097351
1035.900146 202.334824
725.075439 225.714493
759.573364 160.682678
924.389832 340.325165
800.095886 247.885162
296.492188 339.832550
1093.699219 217.445602
-1.000000 -1.000000
1026.115845 343.585510
976.734924 354.115082
834.573853 279.076294
930.775330 190.616516
759.814087 141.352005
1238.975342 495.235962
350.514343 198.749405
264.334015 213.379471
186.319458 597.861633
752.983276 596.812744
330.699158 371.406372
444.039978 450.692230
199.266113 644.902405
715.413086 285.353210
630.803467 202.996765
686.882690 143.795547
-1.000000 -1.000000
-1.000000 -1.000000
1185.860596 251.597794
636.293518 410.486389
263.544281 483.319733
-1.000000 -1.000000
594.853455 213.545013
167.547089 547.195374
1037.079102 172.876205
712.255554 187.674301
138.677612 643.080139
1149.296753 433.288055
74.679779 529.046692
880.274719 367.326477
712.680603 55.742046
227.516769 269.325073
627.276001 433.013428
775.175720 189.591522
222.142426 381.640320
1016.957886 312.009399
1205.113159 193.476395
198.264877 378.626221
188.526184 425.239349
712.157227 267.742340
796.215332 352.880066
744.642151 264.613708
94.570572 542.567688
307.546906 327.773010
134.140961 449.665955
737.683960 613.222046
404.470215 133.252563
350.442596 474.451355
230.931824 465.749695
426.213257 251.946152
966.648132 387.074036
-1.000000 -1.000000
702.023926 114.483971
1210.661377 302.729462
-1.000000 -1.000000
220.357101 535.874207
825.292053 357.039673
155.540909 496.228455
173.206223 442.420502
413.234039 225.205536
145.505203 355.397614
790.465454 180.647049
108.653954 411.643250
863.119812 219.164795
1055.907227 346.156158
850.901611 351.193970
123.763458 413.423187
633.270752 116.300819
818.911255 264.718140
866.316589 367.799835
219.923065 249.040665
402.644135 179.950592
1186.597778 227.133240
759.033081 62.782143
629.682556 153.700760
116.918121 524.525208
397.665619 429.398102
967.313171 337.534027
353.464569 423.869812
157.887283 465.944153
741.903503 182.098511
663.329956 115.991234
743.874390 167.578720
1121.831055 393.725250
884.975159 400.725067
752.813416 581.932556
335.032867 495.802032
348.398438 183.949677
324.070007 435.283722
320.543671 235.953781
872.846375 382.828217
1035.511963 187.721649
1076.364380 217.261490
859.243652 259.501862
433.027557 370.273163
758.892944 47.711926
1149.445312 332.671936
229.009277 450.697815
617.027344 202.137222
956.937622 191.955826
290.878265 449.826141
1192.377441 208.713806
589.375549 419.015839
1014.373779 327.147827
382.704956 442.491943
1148.366577 287.125244
400.209198 93.989235
110.148483 386.574005
253.028214 468.097565
135.131912 321.752991
174.410812 426.502716
128.073074 396.156555
400.783783 196.029480
196.428864 521.550354
1135.486206 187.178864
1081.322510 97.381729
642.415039 433.641052
192.386154 401.596649
893.944580 364.826355
201.335358 598.177063
-1.000000 -1.000000
846.688354 392.873688
366.377930 198.467346
171.234161 599.671143
886.374268 287.602295
886.213257 384.587067
948.855469 415.145966
717.342346 84.831017
203.313995 161.645309
1183.717529 83.135658
331.743774 341.643799
110.138062 543.340149
886.018555 204.406677
914.353271 324.520660
675.082031 130.901306
491.508118 435.618744
196.233673 243.324432
414.681885 149.121048
445.498199 436.204651
368.159912 438.424957
366.417603 213.377655
122.545380 659.486877
796.177979 161.222504
760.745605 431.487854
-1.000000 -1.000000
474.387573 225.377426
367.720581 458.021637
1125.359253 120.091255
277.329132 389.096344
628.168640 53.844936
623.557800 175.729492
813.425415 97.699394
676.545410 188.346588
403.400482 109.011597
327.748657 402.621887
264.437347 498.593536
-1.000000 -1.000000
713.231384 201.955765
1228.886353 248.582596
725.887024 598.291199
168.719238 226.921951
904.074585 401.413666
232.869492 245.212997
419.141418 133.828568
453.325195 512.189636
795.391907 338.071289
338.668610 419.956360
274.586670 255.913101
241.572006 393.572144
-1.000000 -1.000000
233.750671 480.898163
935.224548 460.249084
197.931198 361.675049
298.537506 177.448654
267.699585 468.234833
1228.344604 151.825439
797.692810 264.233032
724.919922 613.179199
138.125885 434.516296
159.168564 444.836212
1059.145020 327.891785
1110.644043 195.577057
736.647095 434.747040
1008.445190 150.463669
656.818420 429.107513
806.829834 127.957962
283.858826 389.162811
337.783356 405.183167
147.007294 626.704773
364.366241 183.432220
1156.450928 249.527298
993.576111 184.751099
832.901489 293.859283
365.309845 474.245331
472.418365 240.412445
-1.000000 -1.000000
707.928528 226.210815
1172.027588 236.407211
1168.130737 78.986511
249.147369 483.102570
851.877136 200.033890
836.327759 376.119110
1121.023560 378.396332
280.076538 497.508514
205.741776 266.271332
686.926819 114.649437
738.735168 568.941772
582.107727 204.921295
573.611145 41.128529
525.207153 434.239899
310.198090 496.091949
752.747681 611.644653
603.901794 204.187042
574.575256 431.615509
701.441589 283.630676
630.492554 79.496140
596.957947 434.714233
353.060272 408.743317
1119.175415 40.991673
899.820923 205.450439
322.344818 328.710571
202.351685 436.871460
1200.885254 165.623657
588.646118 41.067421
708.348083 596.167908
1198.972168 73.369629
248.468384 190.052994
-1.000000 -1.000000
574.230164 400.215942
608.354004 349.868225
310.719788 434.289886
411.347137 240.226837
244.008362 450.833801
909.571777 380.333740
885.769897 272.925537
470.201263 544.509644
162.172211 613.860901
810.840027 369.167419
852.786133 365.495087
1199.411133 97.059914
443.601654 468.083771
708.288696 611.179688
872.599854 401.098541
172.500244 407.801666
286.718750 253.480774
462.066528 529.437439
812.999329 143.212402
725.929321 583.317444
261.998322 228.760986
863.829224 234.587387
101.212540 436.058411
231.318237 159.718719
415.226501 93.982300
913.955994 309.527313
1010.710266 343.294922
1141.363647 249.592529
719.195923 435.591736
119.748978 450.409943
702.892456 300.080353
612.188721 444.611908
526.211853 449.152496
210.750153 520.615845
632.254395 349.174591
93.099480 440.739014
981.978455 338.681671
1208.568237 287.477112
950.116150 462.025360
973.710693 186.895233
233.115906 257.698334
297.367981 434.364777
236.161407 535.779724
478.916260 438.171356
629.478149 140.144226
221.924301 266.343628
791.331238 446.389130
207.199265 613.323120
701.943726 431.052887
599.731873 262.804321
188.997360 173.103821
510.668579 431.250641
1125.687622 202.431778
837.547485 330.193451
429.566742 148.936020
379.498138 183.143143
979.444885 369.610199
813.691772 447.172607
399.023071 211.183990
574.490173 416.006500
910.298828 418.852081
161.578552 428.735718
206.016098 627.664551
443.999634 482.148254
349.984802 489.579620
137.508057 370.804321
124.447739 642.516052
324.477203 420.313843
763.549866 231.961441
123.469711 365.239685
418.433655 108.812729
821.572510 280.609680
299.985199 371.237213
225.356812 520.603455
491.988007 420.464142
381.416168 198.192429
753.304199 567.142029
872.773743 259.687378
712.788513 312.379120
526.573792 464.966797
-1.000000 -1.000000
438.853516 508.642212
1211.796387 176.903168
335.379791 353.708374
815.940491 69.239784
491.182526 459.280334
381.431122 213.146744
1149.760864 181.044312
1172.017456 221.187164
702.210022 240.578323
632.817810 94.404404
124.434532 478.994385
1140.955811 202.173645
124.737030 436.531677
706.425232 581.052002
225.357117 436.174255
175.788330 531.721924
1218.996948 249.621536
-1.000000 -1.000000
218.908386 480.821655
818.648682 54.329220
651.421936 413.608673
628.075012 447.617950
1208.948975 264.170563
246.322662 260.151062
581.964417 220.208832
454.724426 544.114197
418.973206 497.547455
1008.656738 165.619751
767.678589 593.184753
173.773880 458.274994
1061.753540 140.238098
171.257828 481.021576
527.121521 333.787445
805.595825 182.766495
272.087067 436.257843
1183.409180 67.484619
958.357300 322.571472
-1.000000 -1.000000
1063.027954 218.830399
446.984985 526.994751
369.417511 496.334137
928.950012 325.205658
1210.654175 317.842468
261.467285 248.247070
295.040955 510.616608
-1.000000 -1.000000
1045.312744 297.763153
1190.160889 193.687378
166.857681 384.025848
1209.704102 332.669586
249.877457 498.686310
644.115601 448.612152
804.662415 280.622223
461.917267 440.018341
629.855530 217.266266
-1.000000 -1.000000
133.103928 624.360779
763.354858 246.432709
466.324463 324.871674
434.000519 133.342880
1190.892822 471.830139
157.896240 511.288605
95.188354 498.272522
539.938477 434.303497
384.187775 427.332825
558.190796 438.096985
155.705444 418.206940
258.480286 453.043152
129.303268 335.177490
839.278992 357.963165
202.604843 584.171448
491.903412 405.398468
901.514221 288.466644
736.504700 627.764893
203.542084 421.606293
686.106995 416.616974
297.379028 408.565521
560.359741 453.061981
