-1.000000 -1.000000
-1.000000 -1.000000
-1.000000 -1.000000
-1.000000 -1.000000
-1.000000 -1.000000
-1.000000 -1.000000
-1.000000 -1.000000
-1.000000 -1.000000
-1.000000 -1.000000
-1.000000 -1.000000
-1.000000 -1.000000
-1.000000 -1.000000
-1.000000 -1.000000
-1.000000 -1.000000
-1.000000 -1.000000
-1.000000 -1.000000
-1.000000 -1.000000
-1.000000 -1.000000
-1.000000 -1.000000
967.265991 222.775604
-1.000000 -1.000000
-1.000000 -1.000000
977.162720 181.782532
-1.000000 -1.000000
-1.000000 -1.000000
-1.000000 -1.000000
-1.000000 -1.000000
-1.000000 -1.000000
-1.000000 -1.000000
-1.000000 -1.000000
-1.000000 -1.000000
-1.000000 -1.000000
-1.000000 -1.000000
684.831543 100.390900
-1.000000 -1.000000
325.315033 226.124741
-1.000000 -1.000000
480.089996 464.137451
-1.000000 -1.000000
-1.000000 -1.000000
-1.000000 -1.000000
-1.000000 -1.000000
-1.000000 -1.000000
-1.000000 -1.000000
-1.000000 -1.000000
-1.000000 -1.000000
948.891235 208.380234
-1.000000 -1.000000
-1.000000 -1.000000
-1.000000 -1.000000
-1.000000 -1.000000
827.465515 219.987503
-1.000000 -1.000000
715.548035 247.757446
963.868835 207.589966
-1.000000 -1.000000
-1.000000 -1.000000
-1.000000 -1.000000
319.933472 215.179016
462.657898 464.322601
982.416809 218.219315
-1.000000 -1.000000
-1.000000 -1.000000
-1.000000 -1.000000
-1.000000 -1.000000
-1.000000 -1.000000
-1.000000 -1.000000
-1.000000 -1.000000
611.173950 451.736115
-1.000000 -1.000000
-1.000000 -1.000000
325.336456 239.985703
463.034790 442.116364
-1.000000 -1.000000
-1.000000 -1.000000
-1.000000 -1.000000
-1.000000 -1.000000
-1.000000 -1.000000
-1.000000 -1.000000
-1.000000 -1.000000
-1.000000 -1.000000
830.316528 68.183838
600.866211 475.637115
-1.000000 -1.000000
-1.000000 -1.000000
-1.000000 -1.000000
-1.000000 -1.000000
-1.000000 -1.000000
-1.000000 -1.000000
-1.000000 -1.000000
868.147278 220.769531
-1.000000 -1.000000
-1.000000 -1.000000
-1.000000 -1.000000
-1.000000 -1.000000
-1.000000 -1.000000
-1.000000 -1.000000
-1.000000 -1.000000
-1.000000 -1.000000
507.871185 465.897614
323.690186 41.110535
-1.000000 -1.000000
-1.000000 -1.000000
-1.000000 -1.000000
-1.000000 -1.000000
-1.000000 -1.000000
622.722290 448.472229
-1.000000 -1.000000
-1.000000 -1.000000
-1.000000 -1.000000
-1.000000 -1.000000
-1.000000 -1.000000
496.387054 461.297668
-1.000000 -1.000000
-1.000000 -1.000000
-1.000000 -1.000000
-1.000000 -1.000000
-1.000000 -1.000000
-1.000000 -1.000000
931.573975 493.212524
-1.000000 -1.000000
-1.000000 -1.000000
704.775146 258.525726
-1.000000 -1.000000
-1.000000 -1.000000
-1.000000 -1.000000
540.839600 469.117859
-1.000000 -1.000000
-1.000000 -1.000000
354.926239 241.781342
-1.000000 -1.000000
654.021362 432.551208
-1.000000 -1.000000
-1.000000 -1.000000
-1.000000 -1.000000
-1.000000 -1.000000
-1.000000 -1.000000
819.368225 241.082474
498.104889 444.455719
512.544128 451.190582
516.498962 470.439667
-1.000000 -1.000000
-1.000000 -1.000000
-1.000000 -1.000000
804.255798 459.458008
-1.000000 -1.000000
-1.000000 -1.000000
-1.000000 -1.000000
-1.000000 -1.000000
-1.000000 -1.000000
-1.000000 -1.000000
328.664581 214.308945
-1.000000 -1.000000
-1.000000 -1.000000
-1.000000 -1.000000
-1.000000 -1.000000
-1.000000 -1.000000
-1.000000 -1.000000
-1.000000 -1.000000
610.855896 480.319763
-1.000000 -1.000000
706.726074 242.406891
-1.000000 -1.000000
795.153259 479.890900
-1.000000 -1.000000
-1.000000 -1.000000
-1.000000 -1.000000
-1.000000 -1.000000
671.264587 434.085144
185.359604 240.302536
473.892059 372.409973
723.413147 252.268555
469.229126 388.157745
587.856567 473.320618
-1.000000 -1.000000
-1.000000 -1.000000
604.073975 464.645050
-1.000000 -1.000000
-1.000000 -1.000000
-1.000000 -1.000000
-1.000000 -1.000000
465.271698 421.073914
-1.000000 -1.000000
-1.000000 -1.000000
-1.000000 -1.000000
909.886963 245.549820
-1.000000 -1.000000
110.093140 509.898895
-1.000000 -1.000000
-1.000000 -1.000000
-1.000000 -1.000000
-1.000000 -1.000000
-1.000000 -1.000000
345.201630 255.100403
325.267090 228.987289
476.623383 480.240936
629.473938 449.568024
-1.000000 -1.000000
-1.000000 -1.000000
107.929420 525.257935
616.694458 460.630432
-1.000000 -1.000000
332.521271 227.054794
-1.000000 -1.000000
-1.000000 -1.000000
-1.000000 -1.000000
165.789185 228.018097
-1.000000 -1.000000
-1.000000 -1.000000
-1.000000 -1.000000
-1.000000 -1.000000
-1.000000 -1.000000
815.191406 216.291824
-1.000000 -1.000000
-1.000000 -1.000000
-1.000000 -1.000000
780.027283 487.443665
-1.000000 -1.000000
516.643311 430.135834
-1.000000 -1.000000
-1.000000 -1.000000
786.828430 461.800812
-1.000000 -1.000000
94.188606 507.473694
-1.000000 -1.000000
-1.000000 -1.000000
-1.000000 -1.000000
-1.000000 -1.000000
-1.000000 -1.000000
-1.000000 -1.000000
-1.000000 -1.000000
-1.000000 -1.000000
527.646790 479.639771
-1.000000 -1.000000
700.098999 100.261665
-1.000000 -1.000000
-1.000000 -1.000000
-1.000000 -1.000000
-1.000000 -1.000000
-1.000000 -1.000000
-1.000000 -1.000000
920.346741 509.843719
-1.000000 -1.000000
493.522400 477.222382
-1.000000 -1.000000
-1.000000 -1.000000
-1.000000 -1.000000
-1.000000 -1.000000
-1.000000 -1.000000
345.410706 214.001373
91.454437 523.439270
505.197540 484.904724
-1.000000 -1.000000
-1.000000 -1.000000
501.428802 426.082611
-1.000000 -1.000000
-1.000000 -1.000000
-1.000000 -1.000000
-1.000000 -1.000000
907.762512 215.801758
-1.000000 -1.000000
-1.000000 -1.000000
832.134460 241.213913
-1.000000 -1.000000
713.946899 262.270294
-1.000000 -1.000000
-1.000000 -1.000000
459.252258 480.227539
-1.000000 -1.000000
-1.000000 -1.000000
-1.000000 -1.000000
308.721680 200.397354
-1.000000 -1.000000
-1.000000 -1.000000
-1.000000 -1.000000
-1.000000 -1.000000
982.208496 232.738983
-1.000000 -1.000000
-1.000000 -1.000000
-1.000000 -1.000000
886.627869 254.503494
526.483154 456.847992
-1.000000 -1.000000
-1.000000 -1.000000
-1.000000 -1.000000
694.839600 143.031158
893.708984 219.301895
483.808105 365.720398
-1.000000 -1.000000
586.692749 446.485657
-1.000000 -1.000000
-1.000000 -1.000000
-1.000000 -1.000000
978.443909 203.159988
-1.000000 -1.000000
-1.000000 -1.000000
-1.000000 -1.000000
-1.000000 -1.000000
-1.000000 -1.000000
-1.000000 -1.000000
104.842056 540.286255
-1.000000 -1.000000
-1.000000 -1.000000
-1.000000 -1.000000
-1.000000 -1.000000
-1.000000 -1.000000
-1.000000 -1.000000
-1.000000 -1.000000
-1.000000 -1.000000
-1.000000 -1.000000
-1.000000 -1.000000
-1.000000 -1.000000
-1.000000 -1.000000
-1.000000 -1.000000
345.818634 223.365097
697.574524 116.205894
-1.000000 -1.000000
609.119202 495.127380
88.776596 538.953918
-1.000000 -1.000000
-1.000000 -1.000000
-1.000000 -1.000000
-1.000000 -1.000000
-1.000000 -1.000000
-1.000000 -1.000000
-1.000000 -1.000000
-1.000000 -1.000000
-1.000000 -1.000000
583.411682 487.833221
540.900024 173.746185
-1.000000 -1.000000
-1.000000 -1.000000
-1.000000 -1.000000
-1.000000 -1.000000
808.333069 256.460449
123.655876 537.191528
312.689484 209.415161
-1.000000 -1.000000
-1.000000 -1.000000
-1.000000 -1.000000
-1.000000 -1.000000
-1.000000 -1.000000
-1.000000 -1.000000
-1.000000 -1.000000
-1.000000 -1.000000
516.624878 495.537628
-1.000000 -1.000000
-1.000000 -1.000000
-1.000000 -1.000000
-1.000000 -1.000000
589.666504 453.982361
-1.000000 -1.000000
805.444275 238.201569
720.963867 235.906006
-1.000000 -1.000000
-1.000000 -1.000000
-1.000000 -1.000000
564.300171 400.439819
182.485748 232.697266
673.878052 440.403687
-1.000000 -1.000000
-1.000000 -1.000000
-1.000000 -1.000000
-1.000000 -1.000000
-1.000000 -1.000000
-1.000000 -1.000000
-1.000000 -1.000000
-1.000000 -1.000000
-1.000000 -1.000000
-1.000000 -1.000000
-1.000000 -1.000000
-1.000000 -1.000000
-1.000000 -1.000000
-1.000000 -1.000000
696.866943 256.875946
-1.000000 -1.000000
-1.000000 -1.000000
-1.000000 -1.000000
-1.000000 -1.000000
-1.000000 -1.000000
-1.000000 -1.000000
-1.000000 -1.000000
-1.000000 -1.000000
-1.000000 -1.000000
-1.000000 -1.000000
-1.000000 -1.000000
-1.000000 -1.000000
-1.000000 -1.000000
706.049500 422.199768
-1.000000 -1.000000
172.314850 417.525330
-1.000000 -1.000000
-1.000000 -1.000000
157.360413 416.447540
694.804749 186.709396
-1.000000 -1.000000
-1.000000 -1.000000
173.296249 402.619720
-1.000000 -1.000000
-1.000000 -1.000000
-1.000000 -1.000000
524.689758 173.183014
-1.000000 -1.000000
-1.000000 -1.000000
-1.000000 -1.000000
-1.000000 -1.000000
-1.000000 -1.000000
-1.000000 -1.000000
-1.000000 -1.000000
-1.000000 -1.000000
214.778030 411.385590
-1.000000 -1.000000
-1.000000 -1.000000
157.262985 431.211670
536.378967 495.542084
-1.000000 -1.000000
229.815063 411.083221
-1.000000 -1.000000
199.867798 412.386139
-1.000000 -1.000000
904.963562 232.892700
-1.000000 -1.000000
206.805588 396.574341
-1.000000 -1.000000
349.497955 248.454559
174.222290 432.125244
-1.000000 -1.000000
221.834457 396.488556
-1.000000 -1.000000
-1.000000 -1.000000
444.794586 460.322601
-1.000000 -1.000000
-1.000000 -1.000000
-1.000000 -1.000000
-1.000000 -1.000000
-1.000000 -1.000000
146.962128 208.225342
-1.000000 -1.000000
355.915131 216.392731
214.884201 426.274475
339.389984 490.051697
687.956055 158.077484
-1.000000 -1.000000
-1.000000 -1.000000
626.075562 463.258453
-1.000000 -1.000000
-1.000000 -1.000000
-1.000000 -1.000000
-1.000000 -1.000000
-1.000000 -1.000000
-1.000000 -1.000000
599.078735 489.034302
-1.000000 -1.000000
-1.000000 -1.000000
-1.000000 -1.000000
199.914505 427.261993
-1.000000 -1.000000
-1.000000 -1.000000
-1.000000 -1.000000
229.835602 425.976929
-1.000000 -1.000000
-1.000000 -1.000000
-1.000000 -1.000000
602.056458 144.256866
-1.000000 -1.000000
507.352203 225.652786
-1.000000 -1.000000
-1.000000 -1.000000
-1.000000 -1.000000
-1.000000 -1.000000
-1.000000 -1.000000
-1.000000 -1.000000
478.680054 357.958221
-1.000000 -1.000000
-1.000000 -1.000000
-1.000000 -1.000000
681.208069 259.271484
-1.000000 -1.000000
119.736435 493.703247
-1.000000 -1.000000
-1.000000 -1.000000
-1.000000 -1.000000
892.806946 234.432281
-1.000000 -1.000000
375.477997 215.226639
-1.000000 -1.000000
-1.000000 -1.000000
-1.000000 -1.000000
-1.000000 -1.000000
191.882553 397.456451
-1.000000 -1.000000
-1.000000 -1.000000
-1.000000 -1.000000
-1.000000 -1.000000
-1.000000 -1.000000
-1.000000 -1.000000
-1.000000 -1.000000
-1.000000 -1.000000
-1.000000 -1.000000
561.463684 360.102325
-1.000000 -1.000000
-1.000000 -1.000000
-1.000000 -1.000000
-1.000000 -1.000000
-1.000000 -1.000000
-1.000000 -1.000000
776.761353 480.930145
602.016174 159.058167
-1.000000 -1.000000
-1.000000 -1.000000
-1.000000 -1.000000
584.326843 144.520081
359.123413 221.237671
-1.000000 -1.000000
-1.000000 -1.000000
616.574585 176.292465
-1.000000 -1.000000
-1.000000 -1.000000
-1.000000 -1.000000
443.168945 475.349121
528.522400 652.559875
774.436096 501.905426
-1.000000 -1.000000
-1.000000 -1.000000
177.087875 228.522797
-1.000000 -1.000000
-1.000000 -1.000000
-1.000000 -1.000000
-1.000000 -1.000000
-1.000000 -1.000000
460.470703 368.926849
-1.000000 -1.000000
-1.000000 -1.000000
-1.000000 -1.000000
-1.000000 -1.000000
551.736206 189.481674
-1.000000 -1.000000
890.332886 452.384705
-1.000000 -1.000000
-1.000000 -1.000000
-1.000000 -1.000000
-1.000000 -1.000000
794.696350 373.466125
-1.000000 -1.000000
-1.000000 -1.000000
142.070419 417.675140
-1.000000 -1.000000
472.959351 313.448181
-1.000000 -1.000000
-1.000000 -1.000000
589.821838 464.126862
-1.000000 -1.000000
-1.000000 -1.000000
-1.000000 -1.000000
-1.000000 -1.000000
-1.000000 -1.000000
-1.000000 -1.000000
-1.000000 -1.000000
787.576904 390.485840
599.079529 173.970352
-1.000000 -1.000000
-1.000000 -1.000000
-1.000000 -1.000000
-1.000000 -1.000000
700.305176 228.996597
-1.000000 -1.000000
528.598694 639.492065
-1.000000 -1.000000
-1.000000 -1.000000
-1.000000 -1.000000
771.821106 390.721039
-1.000000 -1.000000
-1.000000 -1.000000
156.449554 488.838623
-1.000000 -1.000000
-1.000000 -1.000000
-1.000000 -1.000000
-1.000000 -1.000000
779.420410 374.988831
-1.000000 -1.000000
-1.000000 -1.000000
-1.000000 -1.000000
-1.000000 -1.000000
-1.000000 -1.000000
-1.000000 -1.000000
729.498474 257.806274
442.455811 445.913574
-1.000000 -1.000000
-1.000000 -1.000000
528.415344 243.899216
-1.000000 -1.000000
585.986023 424.262512
-1.000000 -1.000000
479.653473 327.717072
-1.000000 -1.000000
-1.000000 -1.000000
-1.000000 -1.000000
-1.000000 -1.000000
-1.000000 -1.000000
-1.000000 -1.000000
-1.000000 -1.000000
-1.000000 -1.000000
-1.000000 -1.000000
187.924042 241.131409
786.595703 408.172089
-1.000000 -1.000000
-1.000000 -1.000000
-1.000000 -1.000000
-1.000000 -1.000000
-1.000000 -1.000000
-1.000000 -1.000000
957.564026 267.551361
-1.000000 -1.000000
767.714417 407.133179
-1.000000 -1.000000
-1.000000 -1.000000
821.737793 257.894073
646.607178 185.677704
-1.000000 -1.000000
-1.000000 -1.000000
-1.000000 -1.000000
-1.000000 -1.000000
-1.000000 -1.000000
-1.000000 -1.000000
-1.000000 -1.000000
-1.000000 -1.000000
459.484039 356.533813
361.153473 261.411377
-1.000000 -1.000000
-1.000000 -1.000000
-1.000000 -1.000000
-1.000000 -1.000000
-1.000000 -1.000000
-1.000000 -1.000000
-1.000000 -1.000000
-1.000000 -1.000000
-1.000000 -1.000000
910.264221 235.333893
-1.000000 -1.000000
-1.000000 -1.000000
-1.000000 -1.000000
-1.000000 -1.000000
648.854553 420.123993
-1.000000 -1.000000
-1.000000 -1.000000
352.888184 493.230743
-1.000000 -1.000000
-1.000000 -1.000000
765.139343 375.439148
-1.000000 -1.000000
-1.000000 -1.000000
-1.000000 -1.000000
456.855164 338.671173
603.085388 406.235168
-1.000000 -1.000000
-1.000000 -1.000000
-1.000000 -1.000000
-1.000000 -1.000000
-1.000000 -1.000000
283.286469 166.165741
-1.000000 -1.000000
-1.000000 -1.000000
-1.000000 -1.000000
-1.000000 -1.000000
-1.000000 -1.000000
585.400940 158.365952
-1.000000 -1.000000
-1.000000 -1.000000
-1.000000 -1.000000
636.630981 409.824585
-1.000000 -1.000000
-1.000000 -1.000000
-1.000000 -1.000000
-1.000000 -1.000000
-1.000000 -1.000000
-1.000000 -1.000000
724.810547 259.892883
-1.000000 -1.000000
-1.000000 -1.000000
-1.000000 -1.000000
512.633606 160.000778
-1.000000 -1.000000
636.953674 422.508270
-1.000000 -1.000000
-1.000000 -1.000000
-1.000000 -1.000000
-1.000000 -1.000000
-1.000000 -1.000000
-1.000000 -1.000000
-1.000000 -1.000000
727.868774 402.307007
-1.000000 -1.000000
-1.000000 -1.000000
-1.000000 -1.000000
-1.000000 -1.000000
-1.000000 -1.000000
-1.000000 -1.000000
-1.000000 -1.000000
-1.000000 -1.000000
-1.000000 -1.000000
-1.000000 -1.000000
-1.000000 -1.000000
324.982208 234.574020
594.328308 457.646515
898.844116 248.272217
940.570007 269.776581
-1.000000 -1.000000
141.982895 432.447876
-1.000000 -1.000000
-1.000000 -1.000000
-1.000000 -1.000000
-1.000000 -1.000000
-1.000000 -1.000000
-1.000000 -1.000000
-1.000000 -1.000000
325.600220 481.704285
757.431274 390.845245
82.774269 505.517456
-1.000000 -1.000000
-1.000000 -1.000000
-1.000000 -1.000000
-1.000000 -1.000000
-1.000000 -1.000000
-1.000000 -1.000000
-1.000000 -1.000000
-1.000000 -1.000000
-1.000000 -1.000000
-1.000000 -1.000000
-1.000000 -1.000000
363.105499 495.967529
-1.000000 -1.000000
-1.000000 -1.000000
-1.000000 -1.000000
-1.000000 -1.000000
590.610046 463.011505
327.522949 227.739990
-1.000000 -1.000000
-1.000000 -1.000000
-1.000000 -1.000000
-1.000000 -1.000000
-1.000000 -1.000000
-1.000000 -1.000000
-1.000000 -1.000000
-1.000000 -1.000000
-1.000000 -1.000000
-1.000000 -1.000000
-1.000000 -1.000000
-1.000000 -1.000000
-1.000000 -1.000000
-1.000000 -1.000000
298.060303 188.910904
-1.000000 -1.000000
77.256821 500.554413
328.082703 256.183899
-1.000000 -1.000000
693.223694 204.901535
-1.000000 -1.000000
-1.000000 -1.000000
-1.000000 -1.000000
-1.000000 -1.000000
-1.000000 -1.000000
-1.000000 -1.000000
507.117035 101.037956
381.264191 236.468430
710.254089 141.910706
-1.000000 -1.000000
279.669891 145.489029
-1.000000 -1.000000
-1.000000 -1.000000
-1.000000 -1.000000
-1.000000 -1.000000
-1.000000 -1.000000
-1.000000 -1.000000
-1.000000 -1.000000
602.428223 459.205170
191.585342 256.498291
295.613922 167.309845
-1.000000 -1.000000
-1.000000 -1.000000
50.748947 481.324188
-1.000000 -1.000000
-1.000000 -1.000000
-1.000000 -1.000000
-1.000000 -1.000000
-1.000000 -1.000000
-1.000000 -1.000000
-1.000000 -1.000000
-1.000000 -1.000000
-1.000000 -1.000000
-1.000000 -1.000000
-1.000000 -1.000000
-1.000000 -1.000000
-1.000000 -1.000000
-1.000000 -1.000000
978.332153 247.250504
488.034302 493.230896
-1.000000 -1.000000
-1.000000 -1.000000
703.685364 172.579163
-1.000000 -1.000000
-1.000000 -1.000000
-1.000000 -1.000000
322.498230 215.628342
-1.000000 -1.000000
897.799622 246.218689
-1.000000 -1.000000
-1.000000 -1.000000
-1.000000 -1.000000
-1.000000 -1.000000
-1.000000 -1.000000
-1.000000 -1.000000
-1.000000 -1.000000
-1.000000 -1.000000
727.202759 242.355301
596.270996 446.188141
-1.000000 -1.000000
-1.000000 -1.000000
-1.000000 -1.000000
-1.000000 -1.000000
-1.000000 -1.000000
-1.000000 -1.000000
453.582886 40.182064
-1.000000 -1.000000
-1.000000 -1.000000
-1.000000 -1.000000
-1.000000 -1.000000
-1.000000 -1.000000
443.252533 352.413330
-1.000000 -1.000000
328.915924 494.852051
-1.000000 -1.000000
-1.000000 -1.000000
-1.000000 -1.000000
-1.000000 -1.000000
-1.000000 -1.000000
-1.000000 -1.000000
-1.000000 -1.000000
-1.000000 -1.000000
-1.000000 -1.000000
-1.000000 -1.000000
-1.000000 -1.000000
-1.000000 -1.000000
-1.000000 -1.000000
-1.000000 -1.000000
-1.000000 -1.000000
-1.000000 -1.000000
609.993591 448.805420
-1.000000 -1.000000
-1.000000 -1.000000
-1.000000 -1.000000
623.984314 416.851166
640.552979 417.948700
-1.000000 -1.000000
-1.000000 -1.000000
-1.000000 -1.000000
593.554016 463.790405
-1.000000 -1.000000
-1.000000 -1.000000
-1.000000 -1.000000
709.833069 186.769150
-1.000000 -1.000000
-1.000000 -1.000000
707.775940 265.719147
-1.000000 -1.000000
141.527084 195.655075
289.688141 130.486542
-1.000000 -1.000000
-1.000000 -1.000000
-1.000000 -1.000000
466.781036 494.198853
-1.000000 -1.000000
438.440216 362.825745
338.265472 506.370117
-1.000000 -1.000000
-1.000000 -1.000000
-1.000000 -1.000000
-1.000000 -1.000000
745.546936 403.257355
-1.000000 -1.000000
-1.000000 -1.000000
876.262024 246.271255
-1.000000 -1.000000
-1.000000 -1.000000
-1.000000 -1.000000
-1.000000 -1.000000
-1.000000 -1.000000
-1.000000 -1.000000
517.426453 507.928375
-1.000000 -1.000000
443.676788 490.195038
-1.000000 -1.000000
-1.000000 -1.000000
-1.000000 -1.000000
-1.000000 -1.000000
-1.000000 -1.000000
306.593445 173.948517
323.907593 216.741516
-1.000000 -1.000000
540.847046 508.956024
-1.000000 -1.000000
-1.000000 -1.000000
598.970825 472.511658
-1.000000 -1.000000
-1.000000 -1.000000
-1.000000 -1.000000
-1.000000 -1.000000
-1.000000 -1.000000
-1.000000 -1.000000
40.415592 481.156342
-1.000000 -1.000000
-1.000000 -1.000000
293.435822 145.894302
-1.000000 -1.000000
-1.000000 -1.000000
-1.000000 -1.000000
-1.000000 -1.000000
328.195709 230.231812
-1.000000 -1.000000
-1.000000 -1.000000
449.272430 376.468018
-1.000000 -1.000000
-1.000000 -1.000000
-1.000000 -1.000000
-1.000000 -1.000000
-1.000000 -1.000000
712.511047 113.888359
-1.000000 -1.000000
-1.000000 -1.000000
-1.000000 -1.000000
-1.000000 -1.000000
-1.000000 -1.000000
511.485870 143.444458
-1.000000 -1.000000
-1.000000 -1.000000
-1.000000 -1.000000
-1.000000 -1.000000
-1.000000 -1.000000
-1.000000 -1.000000
-1.000000 -1.000000
-1.000000 -1.000000
-1.000000 -1.000000
715.059631 100.264191
371.705841 479.174591
352.448273 508.975159
-1.000000 -1.000000
-1.000000 -1.000000
-1.000000 -1.000000
-1.000000 -1.000000
-1.000000 -1.000000
911.485229 228.476242
-1.000000 -1.000000
-1.000000 -1.000000
-1.000000 -1.000000
-1.000000 -1.000000
-1.000000 -1.000000
702.096008 220.972458
-1.000000 -1.000000
-1.000000 -1.000000
-1.000000 -1.000000
-1.000000 -1.000000
928.725586 272.049286
-1.000000 -1.000000
-1.000000 -1.000000
-1.000000 -1.000000
-1.000000 -1.000000
188.483536 248.775955
-1.000000 -1.000000
-1.000000 -1.000000
802.484253 358.212646
-1.000000 -1.000000
-1.000000 -1.000000
-1.000000 -1.000000
-1.000000 -1.000000
365.244659 510.581848
-1.000000 -1.000000
-1.000000 -1.000000
-1.000000 -1.000000
-1.000000 -1.000000
-1.000000 -1.000000
-1.000000 -1.000000
174.043549 389.084381
309.420258 159.878021
-1.000000 -1.000000
-1.000000 -1.000000
-1.000000 -1.000000
-1.000000 -1.000000
-1.000000 -1.000000
-1.000000 -1.000000
-1.000000 -1.000000
-1.000000 -1.000000
-1.000000 -1.000000
644.278809 411.222565
-1.000000 -1.000000
-1.000000 -1.000000
-1.000000 -1.000000
-1.000000 -1.000000
-1.000000 -1.000000
423.107697 481.144012
-1.000000 -1.000000
-1.000000 -1.000000
