-1.000000 -1.000000
-1.000000 -1.000000
-1.000000 -1.000000
-1.000000 -1.000000
-1.000000 -1.000000
-1.000000 -1.000000
-1.000000 -1.000000
-1.000000 -1.000000
-1.000000 -1.000000
-1.000000 -1.000000
-1.000000 -1.000000
-1.000000 -1.000000
-1.000000 -1.000000
-1.000000 -1.000000
-1.000000 -1.000000
-1.000000 -1.000000
-1.000000 -1.000000
-1.000000 -1.000000
-1.000000 -1.000000
1120.585327 213.158264
-1.000000 -1.000000
-1.000000 -1.000000
1132.137817 168.734131
-1.000000 -1.000000
-1.000000 -1.000000
-1.000000 -1.000000
-1.000000 -1.000000
-1.000000 -1.000000
-1.000000 -1.000000
-1.000000 -1.000000
-1.000000 -1.000000
-1.000000 -1.000000
673.878967 375.274078
823.999207 86.152557
-1.000000 -1.000000
391.497162 219.361206
-1.000000 -1.000000
629.799866 455.626648
-1.000000 -1.000000
-1.000000 -1.000000
-1.000000 -1.000000
-1.000000 -1.000000
472.198639 261.036255
-1.000000 -1.000000
-1.000000 -1.000000
-1.000000 -1.000000
1102.576904 198.091797
-1.000000 -1.000000
-1.000000 -1.000000
-1.000000 -1.000000
-1.000000 -1.000000
968.153748 209.528305
-1.000000 -1.000000
-1.000000 -1.000000
1117.558350 197.789108
-1.000000 -1.000000
-1.000000 -1.000000
-1.000000 -1.000000
389.102081 203.750092
613.667969 455.372650
1136.578613 208.967224
-1.000000 -1.000000
-1.000000 -1.000000
-1.000000 -1.000000
-1.000000 -1.000000
-1.000000 -1.000000
-1.000000 -1.000000
-1.000000 -1.000000
-1.000000 -1.000000
-1.000000 -1.000000
-1.000000 -1.000000
384.342926 233.666901
613.215942 433.528809
-1.000000 -1.000000
-1.000000 -1.000000
-1.000000 -1.000000
-1.000000 -1.000000
-1.000000 -1.000000
-1.000000 -1.000000
-1.000000 -1.000000
-1.000000 -1.000000
973.773499 47.979057
763.025391 470.729584
-1.000000 -1.000000
-1.000000 -1.000000
-1.000000 -1.000000
-1.000000 -1.000000
-1.000000 -1.000000
-1.000000 -1.000000
-1.000000 -1.000000
1010.585022 209.555191
673.624878 359.683716
-1.000000 -1.000000
-1.000000 -1.000000
-1.000000 -1.000000
-1.000000 -1.000000
-1.000000 -1.000000
-1.000000 -1.000000
-1.000000 -1.000000
657.692993 458.438660
468.364532 40.992096
-1.000000 -1.000000
-1.000000 -1.000000
-1.000000 -1.000000
-1.000000 -1.000000
470.084351 276.922913
783.345215 442.705780
-1.000000 -1.000000
-1.000000 -1.000000
-1.000000 -1.000000
-1.000000 -1.000000
-1.000000 -1.000000
645.750610 453.468201
-1.000000 -1.000000
-1.000000 -1.000000
-1.000000 -1.000000
-1.000000 -1.000000
-1.000000 -1.000000
-1.000000 -1.000000
1104.297485 500.101349
-1.000000 -1.000000
-1.000000 -1.000000
-1.000000 -1.000000
-1.000000 -1.000000
-1.000000 -1.000000
-1.000000 -1.000000
690.904419 461.397339
-1.000000 -1.000000
-1.000000 -1.000000
461.089600 262.509827
-1.000000 -1.000000
802.208496 427.768036
-1.000000 -1.000000
-1.000000 -1.000000
-1.000000 -1.000000
-1.000000 -1.000000
-1.000000 -1.000000
964.267456 226.004105
646.330750 436.914246
661.439453 443.877045
666.722656 462.936249
-1.000000 -1.000000
-1.000000 -1.000000
-1.000000 -1.000000
-1.000000 -1.000000
-1.000000 -1.000000
482.751862 281.601166
-1.000000 -1.000000
-1.000000 -1.000000
-1.000000 -1.000000
-1.000000 -1.000000
433.335052 204.576096
-1.000000 -1.000000
-1.000000 -1.000000
-1.000000 -1.000000
-1.000000 -1.000000
-1.000000 -1.000000
-1.000000 -1.000000
-1.000000 -1.000000
773.409668 476.273560
-1.000000 -1.000000
-1.000000 -1.000000
-1.000000 -1.000000
960.320679 480.063538
-1.000000 -1.000000
-1.000000 -1.000000
-1.000000 -1.000000
-1.000000 -1.000000
822.316895 427.591827
-1.000000 -1.000000
624.080994 358.124756
-1.000000 -1.000000
621.168762 372.886505
744.011230 466.439423
-1.000000 -1.000000
-1.000000 -1.000000
-1.000000 -1.000000
-1.000000 -1.000000
-1.000000 -1.000000
-1.000000 -1.000000
-1.000000 -1.000000
614.868958 414.267670
-1.000000 -1.000000
485.359497 267.267822
-1.000000 -1.000000
1054.903076 236.233429
-1.000000 -1.000000
278.152252 491.188995
-1.000000 -1.000000
-1.000000 -1.000000
-1.000000 -1.000000
-1.000000 -1.000000
-1.000000 -1.000000
458.707916 277.455048
-1.000000 -1.000000
627.724792 471.360260
790.539124 445.415497
-1.000000 -1.000000
-1.000000 -1.000000
276.528229 506.353912
778.479248 456.250427
-1.000000 -1.000000
431.544342 220.848541
-1.000000 -1.000000
-1.000000 -1.000000
-1.000000 -1.000000
-1.000000 -1.000000
297.252594 489.372498
-1.000000 -1.000000
-1.000000 -1.000000
-1.000000 -1.000000
-1.000000 -1.000000
955.568970 206.706985
-1.000000 -1.000000
-1.000000 -1.000000
-1.000000 -1.000000
948.034668 487.737885
-1.000000 -1.000000
663.339661 423.619934
-1.000000 -1.000000
-1.000000 -1.000000
-1.000000 -1.000000
-1.000000 -1.000000
262.562592 488.699097
-1.000000 -1.000000
-1.000000 -1.000000
-1.000000 -1.000000
-1.000000 -1.000000
-1.000000 -1.000000
295.671570 504.625885
-1.000000 -1.000000
-1.000000 -1.000000
677.816223 471.742554
-1.000000 -1.000000
839.320068 85.971649
-1.000000 -1.000000
-1.000000 -1.000000
-1.000000 -1.000000
-1.000000 -1.000000
-1.000000 -1.000000
-1.000000 -1.000000
1094.270752 516.189575
-1.000000 -1.000000
643.738586 468.933777
-1.000000 -1.000000
-1.000000 -1.000000
-1.000000 -1.000000
-1.000000 -1.000000
-1.000000 -1.000000
447.656525 204.162354
260.290894 504.290894
655.618164 476.737823
-1.000000 -1.000000
-1.000000 -1.000000
647.531128 418.176392
-1.000000 -1.000000
-1.000000 -1.000000
519.119141 433.001862
-1.000000 -1.000000
1051.908325 204.229324
-1.000000 -1.000000
-1.000000 -1.000000
977.289307 226.406296
-1.000000 -1.000000
-1.000000 -1.000000
-1.000000 -1.000000
-1.000000 -1.000000
611.018677 471.216248
-1.000000 -1.000000
-1.000000 -1.000000
-1.000000 -1.000000
430.214417 188.328583
-1.000000 -1.000000
-1.000000 -1.000000
-1.000000 -1.000000
-1.000000 -1.000000
1136.132935 223.326218
-1.000000 -1.000000
-1.000000 -1.000000
-1.000000 -1.000000
1031.826660 245.205460
676.853027 449.413147
-1.000000 -1.000000
-1.000000 -1.000000
-1.000000 -1.000000
832.959106 129.677399
1038.220459 209.466446
633.315735 352.497803
-1.000000 -1.000000
737.898804 439.861420
-1.000000 -1.000000
-1.000000 -1.000000
-1.000000 -1.000000
1132.560303 193.697815
-1.000000 -1.000000
-1.000000 -1.000000
-1.000000 -1.000000
-1.000000 -1.000000
-1.000000 -1.000000
-1.000000 -1.000000
273.797913 521.356384
-1.000000 -1.000000
-1.000000 -1.000000
-1.000000 -1.000000
-1.000000 -1.000000
-1.000000 -1.000000
-1.000000 -1.000000
-1.000000 -1.000000
-1.000000 -1.000000
-1.000000 -1.000000
-1.000000 -1.000000
-1.000000 -1.000000
-1.000000 -1.000000
-1.000000 -1.000000
445.646027 220.505997
836.296265 102.571152
-1.000000 -1.000000
771.253235 491.096954
257.915741 519.731506
-1.000000 -1.000000
-1.000000 -1.000000
-1.000000 -1.000000
-1.000000 -1.000000
-1.000000 -1.000000
-1.000000 -1.000000
-1.000000 -1.000000
-1.000000 -1.000000
-1.000000 -1.000000
715.987732 475.461884
676.008606 161.719101
-1.000000 -1.000000
-1.000000 -1.000000
-1.000000 -1.000000
-1.000000 -1.000000
956.489807 241.441895
291.859467 519.041016
388.666718 191.937073
-1.000000 -1.000000
-1.000000 -1.000000
-1.000000 -1.000000
-1.000000 -1.000000
677.654419 349.249329
-1.000000 -1.000000
-1.000000 -1.000000
-1.000000 -1.000000
667.460449 487.050812
-1.000000 -1.000000
-1.000000 -1.000000
-1.000000 -1.000000
-1.000000 -1.000000
748.127441 444.816895
-1.000000 -1.000000
949.999207 223.733109
-1.000000 -1.000000
-1.000000 -1.000000
-1.000000 -1.000000
-1.000000 -1.000000
709.716736 392.120850
-1.000000 -1.000000
829.148071 434.247437
-1.000000 -1.000000
-1.000000 -1.000000
-1.000000 -1.000000
-1.000000 -1.000000
-1.000000 -1.000000
-1.000000 -1.000000
-1.000000 -1.000000
-1.000000 -1.000000
-1.000000 -1.000000
-1.000000 -1.000000
-1.000000 -1.000000
756.651306 149.519897
-1.000000 -1.000000
-1.000000 -1.000000
-1.000000 -1.000000
-1.000000 -1.000000
-1.000000 -1.000000
-1.000000 -1.000000
-1.000000 -1.000000
-1.000000 -1.000000
-1.000000 -1.000000
-1.000000 -1.000000
-1.000000 -1.000000
462.353638 203.411499
444.506378 188.654785
-1.000000 -1.000000
-1.000000 -1.000000
-1.000000 -1.000000
864.001160 417.135223
-1.000000 -1.000000
338.117584 402.435669
-1.000000 -1.000000
-1.000000 -1.000000
323.192535 401.308746
831.981995 174.462891
-1.000000 -1.000000
-1.000000 -1.000000
339.068268 387.552002
-1.000000 -1.000000
-1.000000 -1.000000
-1.000000 -1.000000
659.774536 161.164734
-1.000000 -1.000000
-1.000000 -1.000000
-1.000000 -1.000000
-1.000000 -1.000000
-1.000000 -1.000000
-1.000000 -1.000000
-1.000000 -1.000000
-1.000000 -1.000000
377.966736 396.785400
-1.000000 -1.000000
-1.000000 -1.000000
323.074951 416.072968
686.220825 486.426941
-1.000000 -1.000000
393.008514 396.715912
-1.000000 -1.000000
363.069031 397.693207
-1.000000 -1.000000
1049.437988 223.418640
497.199951 268.944427
370.030426 381.935974
-1.000000 -1.000000
446.117615 256.894592
339.971039 417.024994
-1.000000 -1.000000
385.030029 382.011414
-1.000000 -1.000000
-1.000000 -1.000000
596.597107 451.003723
-1.000000 -1.000000
495.282349 282.699554
-1.000000 -1.000000
-1.000000 -1.000000
-1.000000 -1.000000
296.592773 194.275803
-1.000000 -1.000000
460.335907 218.490250
378.055847 411.670197
494.794189 478.739532
825.622009 145.461914
-1.000000 -1.000000
-1.000000 -1.000000
787.938599 458.925140
-1.000000 -1.000000
-1.000000 -1.000000
-1.000000 -1.000000
-1.000000 -1.000000
-1.000000 -1.000000
-1.000000 -1.000000
761.177612 484.436340
-1.000000 -1.000000
-1.000000 -1.000000
-1.000000 -1.000000
363.176605 412.560547
-1.000000 -1.000000
-1.000000 -1.000000
-1.000000 -1.000000
393.050995 411.592346
-1.000000 -1.000000
-1.000000 -1.000000
-1.000000 -1.000000
737.791687 131.846664
-1.000000 -1.000000
640.273804 212.117920
-1.000000 -1.000000
-1.000000 -1.000000
-1.000000 -1.000000
-1.000000 -1.000000
-1.000000 -1.000000
-1.000000 -1.000000
627.342529 342.630219
-1.000000 -1.000000
-1.000000 -1.000000
-1.000000 -1.000000
-1.000000 -1.000000
-1.000000 -1.000000
286.621063 476.219788
-1.000000 -1.000000
-1.000000 -1.000000
-1.000000 -1.000000
1037.382324 224.923538
-1.000000 -1.000000
478.139648 215.801895
-1.000000 -1.000000
-1.000000 -1.000000
-1.000000 -1.000000
-1.000000 -1.000000
355.293762 382.749359
-1.000000 -1.000000
-1.000000 -1.000000
-1.000000 -1.000000
-1.000000 -1.000000
-1.000000 -1.000000
-1.000000 -1.000000
-1.000000 -1.000000
-1.000000 -1.000000
-1.000000 -1.000000
706.820435 350.426208
-1.000000 -1.000000
-1.000000 -1.000000
-1.000000 -1.000000
-1.000000 -1.000000
-1.000000 -1.000000
-1.000000 -1.000000
943.833740 480.315399
737.534058 146.893143
-1.000000 -1.000000
-1.000000 -1.000000
-1.000000 -1.000000
719.938232 132.352859
464.338989 232.604462
-1.000000 -1.000000
-1.000000 -1.000000
751.851501 164.104385
-1.000000 -1.000000
-1.000000 -1.000000
-1.000000 -1.000000
595.182678 466.147491
634.495361 654.786682
954.932373 510.382080
-1.000000 -1.000000
-1.000000 -1.000000
-1.000000 -1.000000
443.851196 273.448853
-1.000000 -1.000000
-1.000000 -1.000000
-1.000000 -1.000000
-1.000000 -1.000000
610.653870 354.285339
-1.000000 -1.000000
-1.000000 -1.000000
466.518860 291.940643
-1.000000 -1.000000
686.589111 177.533310
-1.000000 -1.000000
-1.000000 -1.000000
-1.000000 -1.000000
-1.000000 -1.000000
-1.000000 -1.000000
-1.000000 -1.000000
956.236450 370.862885
-1.000000 -1.000000
-1.000000 -1.000000
307.934418 402.483215
-1.000000 -1.000000
626.503113 295.524994
-1.000000 -1.000000
-1.000000 -1.000000
748.825928 455.771545
-1.000000 -1.000000
-1.000000 -1.000000
-1.000000 -1.000000
643.022034 343.415222
-1.000000 -1.000000
-1.000000 -1.000000
-1.000000 -1.000000
948.847168 387.234741
734.271545 161.998001
-1.000000 -1.000000
-1.000000 -1.000000
-1.000000 -1.000000
-1.000000 -1.000000
836.779907 219.364716
-1.000000 -1.000000
634.657715 641.719910
-1.000000 -1.000000
-1.000000 -1.000000
-1.000000 -1.000000
933.024414 387.235718
-1.000000 -1.000000
-1.000000 -1.000000
317.415619 473.434845
-1.000000 -1.000000
-1.000000 -1.000000
-1.000000 -1.000000
-1.000000 -1.000000
940.883484 371.696320
-1.000000 -1.000000
-1.000000 -1.000000
-1.000000 -1.000000
-1.000000 -1.000000
-1.000000 -1.000000
-1.000000 -1.000000
865.596558 248.277817
594.481750 436.648346
-1.000000 -1.000000
-1.000000 -1.000000
661.464478 232.882263
-1.000000 -1.000000
739.985901 416.250427
-1.000000 -1.000000
632.099670 309.593964
459.375031 189.769852
-1.000000 -1.000000
456.494720 292.400452
-1.000000 -1.000000
-1.000000 -1.000000
-1.000000 -1.000000
-1.000000 -1.000000
-1.000000 -1.000000
-1.000000 -1.000000
-1.000000 -1.000000
946.095581 406.736908
-1.000000 -1.000000
-1.000000 -1.000000
-1.000000 -1.000000
-1.000000 -1.000000
-1.000000 -1.000000
-1.000000 -1.000000
1116.125977 258.241852
-1.000000 -1.000000
926.800415 405.373322
-1.000000 -1.000000
-1.000000 -1.000000
970.427002 242.221298
781.694031 173.544205
-1.000000 -1.000000
-1.000000 -1.000000
-1.000000 -1.000000
-1.000000 -1.000000
642.296082 653.063721
-1.000000 -1.000000
-1.000000 -1.000000
-1.000000 -1.000000
608.742554 342.917999
512.162903 258.338135
-1.000000 -1.000000
-1.000000 -1.000000
-1.000000 -1.000000
-1.000000 -1.000000
-1.000000 -1.000000
-1.000000 -1.000000
-1.000000 -1.000000
481.198273 259.990540
-1.000000 -1.000000
1054.895630 225.940613
-1.000000 -1.000000
-1.000000 -1.000000
-1.000000 -1.000000
-1.000000 -1.000000
-1.000000 -1.000000
-1.000000 -1.000000
-1.000000 -1.000000
508.411285 482.714996
-1.000000 -1.000000
-1.000000 -1.000000
925.829651 371.833374
-1.000000 -1.000000
-1.000000 -1.000000
-1.000000 -1.000000
608.301819 322.036346
752.358887 399.121643
-1.000000 -1.000000
-1.000000 -1.000000
-1.000000 -1.000000
-1.000000 -1.000000
634.184753 666.238281
424.718018 155.456070
-1.000000 -1.000000
-1.000000 -1.000000
441.543915 288.299835
-1.000000 -1.000000
-1.000000 -1.000000
720.721436 146.337143
-1.000000 -1.000000
-1.000000 -1.000000
-1.000000 -1.000000
784.710327 403.732117
-1.000000 -1.000000
-1.000000 -1.000000
-1.000000 -1.000000
-1.000000 -1.000000
-1.000000 -1.000000
-1.000000 -1.000000
-1.000000 -1.000000
-1.000000 -1.000000
-1.000000 -1.000000
-1.000000 -1.000000
648.225403 147.692780
-1.000000 -1.000000
786.293457 417.712921
-1.000000 -1.000000
-1.000000 -1.000000
-1.000000 -1.000000
-1.000000 -1.000000
-1.000000 -1.000000
-1.000000 -1.000000
-1.000000 -1.000000
880.278442 398.117065
-1.000000 -1.000000
-1.000000 -1.000000
-1.000000 -1.000000
-1.000000 -1.000000
-1.000000 -1.000000
-1.000000 -1.000000
-1.000000 -1.000000
642.015747 640.123657
-1.000000 -1.000000
-1.000000 -1.000000
-1.000000 -1.000000
-1.000000 -1.000000
-1.000000 -1.000000
1043.621826 238.841827
1101.039307 260.869965
-1.000000 -1.000000
307.818756 417.237671
-1.000000 -1.000000
-1.000000 -1.000000
-1.000000 -1.000000
500.102417 256.065765
-1.000000 -1.000000
-1.000000 -1.000000
-1.000000 -1.000000
480.277771 469.334930
917.613037 387.177643
251.139954 486.614197
-1.000000 -1.000000
-1.000000 -1.000000
-1.000000 -1.000000
-1.000000 -1.000000
-1.000000 -1.000000
-1.000000 -1.000000
199.571365 399.378235
-1.000000 -1.000000
-1.000000 -1.000000
-1.000000 -1.000000
-1.000000 -1.000000
519.845703 485.056244
-1.000000 -1.000000
-1.000000 -1.000000
-1.000000 -1.000000
-1.000000 -1.000000
-1.000000 -1.000000
411.389221 221.041855
-1.000000 -1.000000
-1.000000 -1.000000
-1.000000 -1.000000
-1.000000 -1.000000
-1.000000 -1.000000
-1.000000 -1.000000
-1.000000 -1.000000
-1.000000 -1.000000
-1.000000 -1.000000
-1.000000 -1.000000
-1.000000 -1.000000
-1.000000 -1.000000
-1.000000 -1.000000
-1.000000 -1.000000
430.844604 168.331375
-1.000000 -1.000000
245.718216 481.518860
410.723511 237.459442
-1.000000 -1.000000
829.968750 193.522934
-1.000000 -1.000000
-1.000000 -1.000000
475.947510 258.939423
-1.000000 -1.000000
-1.000000 -1.000000
-1.000000 -1.000000
644.007507 88.630699
515.251465 230.842850
848.427185 128.113419
577.907715 244.525452
421.993500 135.826797
-1.000000 -1.000000
-1.000000 -1.000000
-1.000000 -1.000000
-1.000000 -1.000000
-1.000000 -1.000000
625.322083 654.136169
-1.000000 -1.000000
-1.000000 -1.000000
339.188721 243.454514
436.801422 157.019333
-1.000000 -1.000000
-1.000000 -1.000000
221.814713 461.937439
-1.000000 -1.000000
-1.000000 -1.000000
-1.000000 -1.000000
-1.000000 -1.000000
-1.000000 -1.000000
-1.000000 -1.000000
-1.000000 -1.000000
-1.000000 -1.000000
-1.000000 -1.000000
-1.000000 -1.000000
624.684692 666.180054
-1.000000 -1.000000
-1.000000 -1.000000
-1.000000 -1.000000
1132.630615 237.783981
639.807007 484.732971
-1.000000 -1.000000
-1.000000 -1.000000
841.211914 159.880615
-1.000000 -1.000000
-1.000000 -1.000000
-1.000000 -1.000000
410.123474 205.587646
-1.000000 -1.000000
1042.520874 236.767990
-1.000000 -1.000000
-1.000000 -1.000000
474.605835 275.456635
-1.000000 -1.000000
607.541260 286.591736
-1.000000 -1.000000
-1.000000 -1.000000
-1.000000 -1.000000
-1.000000 -1.000000
756.965149 436.270386
-1.000000 -1.000000
-1.000000 -1.000000
-1.000000 -1.000000
-1.000000 -1.000000
-1.000000 -1.000000
478.979309 244.463577
587.382324 40.385887
-1.000000 -1.000000
-1.000000 -1.000000
642.587769 665.408203
488.204102 254.361862
-1.000000 -1.000000
594.992371 340.096466
-1.000000 -1.000000
483.850372 482.885254
-1.000000 -1.000000
-1.000000 -1.000000
-1.000000 -1.000000
-1.000000 -1.000000
-1.000000 -1.000000
-1.000000 -1.000000
602.365051 40.043087
619.469543 650.783936
-1.000000 -1.000000
-1.000000 -1.000000
-1.000000 -1.000000
-1.000000 -1.000000
-1.000000 -1.000000
-1.000000 -1.000000
-1.000000 -1.000000
-1.000000 -1.000000
-1.000000 -1.000000
-1.000000 -1.000000
-1.000000 -1.000000
-1.000000 -1.000000
773.743225 411.132782
789.436584 412.638947
-1.000000 -1.000000
-1.000000 -1.000000
619.079712 664.836426
-1.000000 -1.000000
-1.000000 -1.000000
-1.000000 -1.000000
-1.000000 -1.000000
847.029724 174.428345
625.862305 641.077087
-1.000000 -1.000000
843.367859 256.132385
-1.000000 -1.000000
291.715881 182.118317
432.263916 121.222694
-1.000000 -1.000000
-1.000000 -1.000000
-1.000000 -1.000000
619.698364 485.197113
-1.000000 -1.000000
591.364380 353.291016
493.839630 494.269562
-1.000000 -1.000000
-1.000000 -1.000000
-1.000000 -1.000000
-1.000000 -1.000000
897.790527 399.688324
-1.000000 -1.000000
-1.000000 -1.000000
1021.206482 236.870789
-1.000000 -1.000000
189.539597 473.488312
-1.000000 -1.000000
-1.000000 -1.000000
-1.000000 -1.000000
-1.000000 -1.000000
668.521545 499.296906
-1.000000 -1.000000
596.939575 480.863464
-1.000000 -1.000000
-1.000000 -1.000000
-1.000000 -1.000000
-1.000000 -1.000000
-1.000000 -1.000000
445.528656 168.866135
417.414154 207.699905
-1.000000 -1.000000
691.903015 500.005646
-1.000000 -1.000000
-1.000000 -1.000000
760.849976 467.137970
-1.000000 -1.000000
-1.000000 -1.000000
-1.000000 -1.000000
-1.000000 -1.000000
-1.000000 -1.000000
-1.000000 -1.000000
211.168121 461.465759
-1.000000 -1.000000
-1.000000 -1.000000
435.670776 136.873322
-1.000000 -1.000000
-1.000000 -1.000000
-1.000000 -1.000000
-1.000000 -1.000000
419.260590 223.183121
-1.000000 -1.000000
-1.000000 -1.000000
600.451538 360.492981
-1.000000 -1.000000
-1.000000 -1.000000
-1.000000 -1.000000
-1.000000 -1.000000
-1.000000 -1.000000
851.321594 100.274216
-1.000000 -1.000000
-1.000000 -1.000000
-1.000000 -1.000000
-1.000000 -1.000000
596.356812 297.701172
647.485962 131.157654
-1.000000 -1.000000
-1.000000 -1.000000
-1.000000 -1.000000
619.381348 637.262451
-1.000000 -1.000000
-1.000000 -1.000000
-1.000000 -1.000000
-1.000000 -1.000000
-1.000000 -1.000000
854.214478 85.406792
528.077271 467.964355
508.460236 497.251953
-1.000000 -1.000000
-1.000000 -1.000000
-1.000000 -1.000000
-1.000000 -1.000000
-1.000000 -1.000000
1056.148193 219.085205
653.883423 657.253540
-1.000000 -1.000000
-1.000000 -1.000000
-1.000000 -1.000000
-1.000000 -1.000000
838.632385 211.188370
-1.000000 -1.000000
-1.000000 -1.000000
-1.000000 -1.000000
-1.000000 -1.000000
1089.563599 263.555450
-1.000000 -1.000000
-1.000000 -1.000000
-1.000000 -1.000000
-1.000000 -1.000000
-1.000000 -1.000000
-1.000000 -1.000000
-1.000000 -1.000000
965.241882 357.955170
-1.000000 -1.000000
-1.000000 -1.000000
-1.000000 -1.000000
-1.000000 -1.000000
522.199036 499.116821
-1.000000 -1.000000
-1.000000 -1.000000
-1.000000 -1.000000
-1.000000 -1.000000
-1.000000 -1.000000
-1.000000 -1.000000
339.746246 374.014343
451.382935 157.044785
-1.000000 -1.000000
-1.000000 -1.000000
-1.000000 -1.000000
-1.000000 -1.000000
-1.000000 -1.000000
-1.000000 -1.000000
-1.000000 -1.000000
-1.000000 -1.000000
-1.000000 -1.000000
792.323303 405.440582
-1.000000 -1.000000
-1.000000 -1.000000
-1.000000 -1.000000
632.976318 670.290466
-1.000000 -1.000000
577.103149 471.057312
-1.000000 -1.000000
-1.000000 -1.000000
