-1.000000 -1.000000
-1.000000 -1.000000
-1.000000 -1.000000
-1.000000 -1.000000
-1.000000 -1.000000
-1.000000 -1.000000
-1.000000 -1.000000
-1.000000 -1.000000
-1.000000 -1.000000
-1.000000 -1.000000
-1.000000 -1.000000
-1.000000 -1.000000
-1.000000 -1.000000
-1.000000 -1.000000
-1.000000 -1.000000
1100.734985 129.779709
-1.000000 -1.000000
-1.000000 -1.000000
-1.000000 -1.000000
1054.865723 178.330978
-1.000000 -1.000000
-1.000000 -1.000000
1065.607666 139.132675
-1.000000 -1.000000
-1.000000 -1.000000
-1.000000 -1.000000
-1.000000 -1.000000
1035.262207 181.256714
1108.986206 115.030403
-1.000000 -1.000000
-1.000000 -1.000000
-1.000000 -1.000000
694.955200 337.581635
750.846558 59.946896
-1.000000 -1.000000
285.198792 206.223038
1096.252197 144.576859
681.616211 414.958740
-1.000000 -1.000000
-1.000000 -1.000000
-1.000000 -1.000000
-1.000000 -1.000000
416.965210 230.481979
-1.000000 -1.000000
-1.000000 -1.000000
1137.223755 310.673553
1036.574097 163.924500
-1.000000 -1.000000
-1.000000 -1.000000
-1.000000 -1.000000
-1.000000 -1.000000
884.157532 168.750839
-1.000000 -1.000000
798.518677 223.516693
1051.774658 163.012955
-1.000000 -1.000000
1122.239746 310.629089
-1.000000 -1.000000
282.862732 191.221054
666.013550 414.727936
1070.738892 173.577087
269.738159 210.101120
-1.000000 -1.000000
1050.642944 136.959229
-1.000000 -1.000000
217.899109 274.491028
1065.540405 124.166344
-1.000000 -1.000000
865.803833 400.944885
-1.000000 -1.000000
-1.000000 -1.000000
285.355438 221.143158
664.647339 394.325958
-1.000000 -1.000000
748.102356 77.101364
1118.055054 139.912750
-1.000000 -1.000000
-1.000000 -1.000000
-1.000000 -1.000000
-1.000000 -1.000000
267.486176 195.170181
886.602661 40.840858
863.376099 434.957214
-1.000000 -1.000000
-1.000000 -1.000000
1167.040771 144.106216
1112.807739 99.667183
-1.000000 -1.000000
-1.000000 -1.000000
-1.000000 -1.000000
921.921143 170.311249
696.311768 321.848633
1135.980591 275.254089
-1.000000 -1.000000
1152.265259 310.708923
-1.000000 -1.000000
-1.000000 -1.000000
-1.000000 -1.000000
-1.000000 -1.000000
713.216858 415.480042
410.299286 41.032639
1049.906128 193.918777
-1.000000 -1.000000
-1.000000 -1.000000
-1.000000 -1.000000
415.077026 245.495209
880.371155 398.813049
-1.000000 -1.000000
-1.000000 -1.000000
-1.000000 -1.000000
-1.000000 -1.000000
924.168701 40.653458
697.792358 412.635559
-1.000000 -1.000000
745.378113 104.371185
-1.000000 -1.000000
-1.000000 -1.000000
-1.000000 -1.000000
-1.000000 -1.000000
1167.749512 434.568054
-1.000000 -1.000000
-1.000000 -1.000000
795.130981 238.967682
-1.000000 -1.000000
696.706421 353.680786
-1.000000 -1.000000
745.062683 413.904877
-1.000000 -1.000000
1026.018677 196.759308
402.055969 230.468018
-1.000000 -1.000000
878.163574 381.676178
-1.000000 -1.000000
-1.000000 -1.000000
201.773376 270.836029
-1.000000 -1.000000
-1.000000 -1.000000
880.856323 183.577271
696.100830 397.620270
712.953247 401.544586
727.807617 417.167358
1050.493408 121.993011
-1.000000 -1.000000
1137.247437 325.906006
1092.855469 410.367798
899.116882 167.770248
547.194946 243.692749
-1.000000 -1.000000
-1.000000 -1.000000
-1.000000 -1.000000
-1.000000 -1.000000
373.317871 182.565399
1136.339355 340.908936
1122.257568 325.889252
-1.000000 -1.000000
-1.000000 -1.000000
1125.458862 122.214127
-1.000000 -1.000000
-1.000000 -1.000000
877.766296 440.039093
1157.326294 159.844788
783.251465 223.454590
-1.000000 -1.000000
1103.482544 433.227844
1177.896851 128.393890
-1.000000 -1.000000
-1.000000 -1.000000
-1.000000 -1.000000
893.078125 381.419220
179.693375 220.518402
678.200989 319.870361
811.031921 221.030228
676.401917 334.988953
761.139526 413.403809
-1.000000 -1.000000
-1.000000 -1.000000
862.779968 416.228943
-1.000000 -1.000000
224.718750 366.873260
-1.000000 -1.000000
-1.000000 -1.000000
664.715271 378.687714
1021.020508 165.035645
550.112976 228.437881
-1.000000 -1.000000
1005.179871 197.404892
1135.171753 295.369812
347.785919 459.244415
-1.000000 -1.000000
-1.000000 -1.000000
-1.000000 -1.000000
-1.000000 -1.000000
1127.753052 106.325943
400.142517 245.573837
269.893219 224.781570
680.567627 430.726837
894.497498 399.584351
-1.000000 -1.000000
1111.948242 40.985470
347.513000 474.609772
879.561157 413.394470
-1.000000 -1.000000
371.601776 197.817078
1179.130737 205.365448
801.119690 41.080578
-1.000000 -1.000000
177.152435 191.587296
362.956970 456.595032
-1.000000 -1.000000
-1.000000 -1.000000
1150.858521 146.425003
-1.000000 -1.000000
868.977295 166.584473
-1.000000 -1.000000
-1.000000 -1.000000
-1.000000 -1.000000
1103.714844 448.498016
-1.000000 -1.000000
712.285583 384.852264
-1.000000 -1.000000
-1.000000 -1.000000
1075.222412 406.234436
620.113525 150.760895
332.887848 456.968536
-1.000000 -1.000000
-1.000000 -1.000000
-1.000000 -1.000000
744.806763 149.884109
-1.000000 -1.000000
362.616943 472.527039
1121.487915 276.185791
-1.000000 -1.000000
741.028015 427.184875
-1.000000 -1.000000
765.875549 59.903736
901.633789 41.160473
-1.000000 -1.000000
1097.846680 99.187263
919.953857 185.355179
-1.000000 -1.000000
286.770447 236.105408
1161.809448 450.200745
-1.000000 -1.000000
697.705322 427.606140
570.492371 41.897297
254.684021 210.679001
1150.168213 295.476227
-1.000000 -1.000000
795.019775 255.056412
388.046783 182.306305
332.141724 472.742584
721.061646 431.206268
-1.000000 -1.000000
-1.000000 -1.000000
695.539185 381.152374
1121.332275 340.887360
1094.265869 114.456215
584.104309 387.467438
1120.327881 295.248169
955.508057 163.230301
-1.000000 -1.000000
-1.000000 -1.000000
896.105652 183.780243
-1.000000 -1.000000
808.396851 238.380814
179.111603 235.382660
-1.000000 -1.000000
664.618958 430.726349
-1.000000 -1.000000
-1.000000 -1.000000
871.553162 40.898037
370.204926 167.242905
1107.193726 310.607910
1152.234375 325.918030
163.368393 192.277527
-1.000000 -1.000000
1070.965576 188.765549
-1.000000 -1.000000
894.888245 362.353485
1150.881470 276.264343
1006.345459 211.026855
732.263306 402.711823
-1.000000 -1.000000
-1.000000 -1.000000
1181.998535 194.535568
760.502930 104.373566
940.567322 165.308258
683.637451 308.218719
1164.767944 209.985306
751.120361 398.042450
-1.000000 -1.000000
-1.000000 -1.000000
-1.000000 -1.000000
1066.715210 158.630081
1071.783936 109.165520
-1.000000 -1.000000
864.568909 384.245392
-1.000000 -1.000000
-1.000000 -1.000000
738.116150 119.647110
345.936462 490.004333
605.238037 150.570068
176.750977 176.618591
-1.000000 -1.000000
879.565796 364.722107
252.488281 195.836685
-1.000000 -1.000000
-1.000000 -1.000000
-1.000000 -1.000000
1163.046509 122.102654
689.811707 60.166649
733.828552 324.670471
-1.000000 -1.000000
695.189636 107.824142
386.323944 197.499664
763.127625 76.077522
-1.000000 -1.000000
878.287720 455.759216
330.687561 488.070953
138.055710 249.648987
620.698120 164.291061
619.348389 60.799889
-1.000000 -1.000000
-1.000000 -1.000000
808.495361 255.164993
-1.000000 -1.000000
-1.000000 -1.000000
-1.000000 -1.000000
756.181274 426.759338
620.023926 135.680313
-1.000000 -1.000000
-1.000000 -1.000000
-1.000000 -1.000000
856.339355 40.831234
874.872925 198.428528
362.311920 487.960114
280.731323 175.809341
710.350037 98.433159
-1.000000 -1.000000
-1.000000 -1.000000
-1.000000 -1.000000
700.495422 307.283478
743.630798 134.656372
-1.000000 -1.000000
-1.000000 -1.000000
737.429138 442.123016
165.388474 213.859375
-1.000000 -1.000000
371.960510 213.055481
142.260010 234.731598
767.095703 397.398499
-1.000000 -1.000000
862.463257 180.455399
798.552490 208.782593
-1.000000 -1.000000
-1.000000 -1.000000
-1.000000 -1.000000
729.848389 355.148987
193.122787 215.651337
906.100037 382.820892
-1.000000 -1.000000
-1.000000 -1.000000
768.106506 222.334824
-1.000000 -1.000000
-1.000000 -1.000000
191.484024 190.375443
-1.000000 -1.000000
1164.775269 415.895691
725.665588 98.370499
-1.000000 -1.000000
-1.000000 -1.000000
694.207886 122.971230
1172.362305 158.890671
-1.000000 -1.000000
779.586731 238.704056
721.606384 116.750229
1135.477051 174.001648
-1.000000 -1.000000
-1.000000 -1.000000
-1.000000 -1.000000
-1.000000 -1.000000
694.849976 87.411789
-1.000000 -1.000000
402.906830 182.324631
384.924011 167.362305
1151.195557 340.994171
-1.000000 -1.000000
-1.000000 -1.000000
908.779419 363.101898
-1.000000 -1.000000
401.466461 364.549988
636.489624 61.218361
-1.000000 -1.000000
386.440399 363.614563
759.967163 148.830460
150.295471 214.998856
112.993431 261.390472
402.483795 349.536987
-1.000000 -1.000000
-1.000000 -1.000000
-1.000000 -1.000000
604.810547 135.666031
387.450836 348.590668
1141.475342 127.068199
779.617432 254.527405
1159.109009 214.275482
-1.000000 -1.000000
1165.515259 198.801651
1091.372925 165.330261
-1.000000 -1.000000
445.712250 358.108673
839.897949 40.755253
-1.000000 -1.000000
386.509949 378.711365
753.775330 441.604950
-1.000000 -1.000000
460.678375 358.029846
1176.400513 664.669495
430.707947 359.117218
824.456116 41.144016
955.697571 178.315247
562.899353 229.063553
437.720978 343.084961
265.706329 179.735580
387.006042 226.058365
403.563599 379.719452
-1.000000 -1.000000
452.704559 343.088348
124.653786 255.516373
1118.788330 176.013901
650.007629 410.270020
-1.000000 -1.000000
560.960266 244.294449
220.121185 262.113312
1179.969116 142.912750
-1.000000 -1.000000
162.797150 177.444656
-1.000000 -1.000000
401.242798 197.258865
445.696136 373.173401
557.198364 441.733917
753.636475 119.527153
-1.000000 -1.000000
-1.000000 -1.000000
893.897461 414.143585
642.106812 99.765602
689.145508 248.454300
-1.000000 -1.000000
207.515488 216.263397
-1.000000 -1.000000
-1.000000 -1.000000
864.291687 450.395081
-1.000000 -1.000000
193.000870 230.680588
-1.000000 -1.000000
430.689972 374.204132
157.689148 271.192047
782.985352 208.387253
-1.000000 -1.000000
460.668732 373.071747
-1.000000 -1.000000
-1.000000 -1.000000
603.942505 59.916958
678.417725 104.868195
1097.029785 40.919464
605.053040 163.408875
-1.000000 -1.000000
164.552261 229.453781
710.077332 83.210007
791.733643 271.248962
1183.002563 113.662926
-1.000000 -1.000000
677.502258 293.795593
-1.000000 -1.000000
1035.682373 135.823227
-1.000000 -1.000000
762.750610 238.139633
1176.473877 462.019073
348.628632 443.406067
-1.000000 -1.000000
-1.000000 -1.000000
705.437317 68.170288
940.770935 180.379349
-1.000000 -1.000000
425.839691 215.393417
704.517029 224.062332
-1.000000 -1.000000
-1.000000 -1.000000
-1.000000 -1.000000
422.326569 344.132324
-1.000000 -1.000000
-1.000000 -1.000000
842.238586 188.434906
1184.477051 175.629349
134.996994 214.029800
-1.000000 -1.000000
739.263428 210.995132
676.396118 164.332687
705.300232 53.065521
724.792786 306.993866
173.964676 161.610382
-1.000000 -1.000000
254.924057 224.400604
1132.272339 156.610565
372.481262 348.715057
-1.000000 -1.000000
1087.490601 429.888367
678.730591 120.187798
1083.758179 93.578255
1107.244629 325.852386
-1.000000 -1.000000
662.019714 103.856270
406.671722 214.294693
861.942017 364.351410
1106.660889 273.024536
691.145569 138.209534
-1.000000 -1.000000
847.602966 174.736771
1093.072510 180.425537
649.049133 425.929626
688.056152 611.696228
1106.068604 464.500763
1177.652100 400.345764
1055.139771 107.068283
179.010193 206.397934
385.140717 241.623672
1143.234375 111.025597
742.648560 225.881866
736.794800 180.222137
606.193237 81.623154
666.288940 309.206207
696.071106 159.304688
721.741394 181.174194
413.147247 260.510803
-1.000000 -1.000000
630.427673 151.283234
721.516968 131.807358
1069.626709 389.286072
1162.435303 399.967194
742.887817 165.213196
-1.000000 -1.000000
-1.000000 -1.000000
997.619934 321.882446
-1.000000 -1.000000
-1.000000 -1.000000
371.477997 364.749573
688.789124 211.389938
672.065369 245.906601
1113.605591 156.992966
-1.000000 -1.000000
781.410706 405.049927
706.311707 141.981232
-1.000000 -1.000000
-1.000000 -1.000000
691.628479 292.452576
-1.000000 -1.000000
-1.000000 -1.000000
-1.000000 -1.000000
994.150330 337.288513
675.379395 135.345840
-1.000000 -1.000000
-1.000000 -1.000000
-1.000000 -1.000000
-1.000000 -1.000000
767.821228 207.136032
-1.000000 -1.000000
687.875793 596.825439
149.311935 368.831512
-1.000000 -1.000000
191.447983 175.447906
979.209778 337.202545
1159.196533 256.265198
-1.000000 -1.000000
365.408905 441.281647
608.580200 108.322731
-1.000000 -1.000000
-1.000000 -1.000000
676.722778 349.218109
982.064026 321.790161
1035.451416 120.911171
748.014954 241.767624
-1.000000 -1.000000
123.594444 244.006058
-1.000000 -1.000000
148.620148 188.826431
838.401611 203.669693
648.771484 395.217621
-1.000000 -1.000000
-1.000000 -1.000000
634.483093 180.343170
-1.000000 -1.000000
736.334900 384.357513
-1.000000 -1.000000
678.202637 270.954498
399.851471 167.601212
305.952271 216.386490
398.266022 260.617279
-1.000000 -1.000000
725.550232 83.188370
-1.000000 -1.000000
-1.000000 -1.000000
1128.225098 260.017731
-1.000000 -1.000000
206.627808 231.721436
990.149414 355.422546
984.204224 211.501816
680.984314 232.597580
721.202271 166.368774
-1.000000 -1.000000
760.443237 255.052017
-1.000000 -1.000000
1052.214844 225.908981
-1.000000 -1.000000
975.065002 354.752411
-1.000000 -1.000000
-1.000000 -1.000000
893.236023 198.737289
721.481445 146.889297
-1.000000 -1.000000
306.414337 201.558029
222.224960 213.033554
-1.000000 -1.000000
701.835510 610.146606
-1.000000 -1.000000
-1.000000 -1.000000
-1.000000 -1.000000
661.984497 294.445953
578.155640 210.551498
643.501831 149.452332
-1.000000 -1.000000
-1.000000 -1.000000
1142.297729 260.002930
-1.000000 -1.000000
-1.000000 -1.000000
-1.000000 -1.000000
544.011963 221.932693
-1.000000 -1.000000
985.807007 182.255508
-1.000000 -1.000000
-1.000000 -1.000000
1087.361816 444.399719
-1.000000 -1.000000
830.958313 376.228241
674.199890 60.328007
-1.000000 -1.000000
572.860596 444.991486
737.086609 195.375992
183.076782 388.242737
967.639648 321.882385
1157.747314 200.887054
158.699509 376.289795
-1.000000 -1.000000
660.006775 277.146667
751.397461 361.259766
-1.000000 -1.000000
-1.000000 -1.000000
-1.000000 -1.000000
-1.000000 -1.000000
687.497070 626.115234
361.594238 134.928406
-1.000000 -1.000000
-1.000000 -1.000000
383.257263 256.682220
-1.000000 -1.000000
-1.000000 -1.000000
663.554443 119.334946
1167.170532 310.698914
-1.000000 -1.000000
-1.000000 -1.000000
780.047241 365.402161
-1.000000 -1.000000
-1.000000 -1.000000
370.338287 229.139481
106.467209 355.942535
752.422668 186.503021
60.967926 415.151459
821.640686 225.944565
1004.715637 358.737610
-1.000000 -1.000000
-1.000000 -1.000000
593.697205 120.712181
777.882629 271.939514
817.367798 376.454956
178.703033 249.759674
360.144867 182.736298
1142.979980 235.821991
721.054749 68.149994
589.522949 157.328308
-1.000000 -1.000000
334.090607 441.244568
917.416565 347.614319
-1.000000 -1.000000
-1.000000 -1.000000
-1.000000 -1.000000
623.912048 120.657082
705.392029 173.157715
1051.275391 400.361877
836.837341 410.914032
701.429749 595.308777
-1.000000 -1.000000
304.361420 186.876785
-1.000000 -1.000000
271.045410 236.701614
825.042175 391.298492
984.255005 197.042969
1032.979614 226.622391
-1.000000 -1.000000
371.522644 379.847046
720.986389 52.922237
1106.337524 340.885498
-1.000000 -1.000000
565.635803 210.256516
919.027710 200.400620
-1.000000 -1.000000
-1.000000 -1.000000
533.629089 429.550537
964.405457 337.173859
318.947968 454.576019
1105.304565 295.100616
357.083588 95.317245
62.778591 389.946350
-1.000000 -1.000000
92.398849 323.478607
-1.000000 -1.000000
80.351479 398.506287
358.164429 199.082443
-1.000000 -1.000000
1093.719238 195.481445
1040.096313 106.045563
588.031494 445.235901
-1.000000 -1.000000
-1.000000 -1.000000
-1.000000 -1.000000
-1.000000 -1.000000
798.643494 403.050629
322.735840 201.351761
-1.000000 -1.000000
-1.000000 -1.000000
-1.000000 -1.000000
-1.000000 -1.000000
678.898621 89.575577
159.704803 162.363815
1144.318848 92.891533
-1.000000 -1.000000
-1.000000 -1.000000
842.450928 211.485733
-1.000000 -1.000000
635.212585 135.703156
-1.000000 -1.000000
153.076279 245.562698
371.480957 151.177658
-1.000000 -1.000000
304.387665 450.030670
322.701447 216.220642
-1.000000 -1.000000
758.165649 167.156601
-1.000000 -1.000000
-1.000000 -1.000000
432.018982 230.428146
-1.000000 -1.000000
1085.702881 129.021713
-1.000000 -1.000000
588.549561 57.954704
575.449341 180.969528
775.495178 103.401421
627.453003 194.965073
360.246399 110.502861
-1.000000 -1.000000
-1.000000 -1.000000
-1.000000 -1.000000
668.991089 209.216766
-1.000000 -1.000000
676.561829 611.151428
127.193123 228.714417
854.110962 411.426331
191.736389 245.529587
376.030365 135.777649
-1.000000 -1.000000
-1.000000 -1.000000
273.101440 431.611267
-1.000000 -1.000000
198.479538 401.778076
-1.000000 -1.000000
-1.000000 -1.000000
-1.000000 -1.000000
-1.000000 -1.000000
250.919418 181.313843
-1.000000 -1.000000
1184.721802 161.469589
758.373108 272.516144
675.745667 625.975708
-1.000000 -1.000000
-1.000000 -1.000000
-1.000000 -1.000000
1069.201050 203.810120
685.899658 445.378510
970.488403 159.039825
-1.000000 -1.000000
768.841492 133.661346
-1.000000 -1.000000
-1.000000 -1.000000
-1.000000 -1.000000
320.826721 186.173401
1114.119263 257.915405
955.750854 193.310989
-1.000000 -1.000000
-1.000000 -1.000000
430.113800 245.459213
-1.000000 -1.000000
661.670227 233.738235
1129.224365 244.865814
1129.135986 88.521324
-1.000000 -1.000000
811.680542 205.314896
790.911682 384.188843
1049.866577 384.831635
-1.000000 -1.000000
163.965973 267.491486
648.409485 119.388824
-1.000000 -1.000000
536.596741 212.083191
533.628967 41.112656
-1.000000 -1.000000
-1.000000 -1.000000
702.026733 624.678467
552.438843 212.566681
-1.000000 -1.000000
648.527222 292.665436
590.888855 84.028847
542.466675 446.172638
-1.000000 -1.000000
1082.035278 41.023529
-1.000000 -1.000000
-1.000000 -1.000000
-1.000000 -1.000000
1160.993530 174.382385
548.682678 41.154060
659.392151 608.967041
1159.551392 82.793503
206.283798 191.193909
-1.000000 -1.000000
-1.000000 -1.000000
-1.000000 -1.000000
-1.000000 -1.000000
368.508484 244.837723
-1.000000 -1.000000
857.579163 390.353394
-1.000000 -1.000000
-1.000000 -1.000000
-1.000000 -1.000000
766.594910 376.744110
804.589722 374.048706
1160.052246 107.032738
-1.000000 -1.000000
659.309570 624.009033
825.714722 412.343964
108.106995 417.341064
235.582932 239.309082
-1.000000 -1.000000
774.999634 149.010529
676.611511 596.124390
220.619766 228.679565
822.227112 241.551910
-1.000000 -1.000000
188.611313 160.517548
371.960114 95.672691
-1.000000 -1.000000
958.870972 354.259308
1099.182739 258.052612
667.375366 446.479767
-1.000000 -1.000000
649.281006 308.702728
557.622864 456.421021
-1.000000 -1.000000
-1.000000 -1.000000
-1.000000 -1.000000
-1.000000 -1.000000
932.464233 349.012238
1165.120117 295.572144
-1.000000 -1.000000
935.843811 195.394836
192.831024 258.584412
235.188995 446.155762
-1.000000 -1.000000
-1.000000 -1.000000
589.642029 144.567978
-1.000000 -1.000000
737.380371 456.657135
-1.000000 -1.000000
649.577026 441.753113
-1.000000 -1.000000
145.072327 174.016174
-1.000000 -1.000000
1084.172485 210.783966
-1.000000 -1.000000
386.330688 151.010559
336.418549 185.849045
-1.000000 -1.000000
760.077576 457.349915
356.437378 214.343292
-1.000000 -1.000000
857.269287 429.862122
-1.000000 -1.000000
-1.000000 -1.000000
-1.000000 -1.000000
-1.000000 -1.000000
88.454582 375.093506
-1.000000 -1.000000
259.287109 432.075989
725.453552 237.734818
-1.000000 -1.000000
375.218597 110.574226
779.846985 288.070831
-1.000000 -1.000000
-1.000000 -1.000000
-1.000000 -1.000000
338.133148 201.161209
-1.000000 -1.000000
-1.000000 -1.000000
658.849487 320.365143
-1.000000 -1.000000
-1.000000 -1.000000
-1.000000 -1.000000
1165.068848 185.992142
-1.000000 -1.000000
778.103394 74.959839
-1.000000 -1.000000
338.106506 216.230713
1107.627930 189.555832
1129.069702 229.782852
652.415588 247.276718
593.210022 98.873840
-1.000000 -1.000000
1099.370239 210.658966
-1.000000 -1.000000
657.640381 593.699219
-1.000000 -1.000000
-1.000000 -1.000000
-1.000000 -1.000000
-1.000000 -1.000000
-1.000000 -1.000000
780.871033 59.914539
596.348633 424.285400
574.206848 459.491394
1165.267578 272.047546
207.518738 262.168488
-1.000000 -1.000000
-1.000000 -1.000000
-1.000000 -1.000000
970.700806 174.213898
716.373108 607.696594
-1.000000 -1.000000
1020.417175 149.208771
-1.000000 -1.000000
-1.000000 -1.000000
767.556580 188.669159
-1.000000 -1.000000
1144.185059 76.609558
-1.000000 -1.000000
-1.000000 -1.000000
1020.025879 228.381821
-1.000000 -1.000000
-1.000000 -1.000000
-1.000000 -1.000000
1167.019409 326.215393
221.770004 248.984329
-1.000000 -1.000000
-1.000000 -1.000000
996.295166 307.834045
-1.000000 -1.000000
125.676453 382.142548
1165.470947 341.938568
-1.000000 -1.000000
590.099670 460.246948
764.639404 290.132843
-1.000000 -1.000000
-1.000000 -1.000000
-1.000000 -1.000000
-1.000000 -1.000000
725.161865 252.306839
405.018646 334.127960
390.903351 135.302017
-1.000000 -1.000000
-1.000000 -1.000000
-1.000000 -1.000000
-1.000000 -1.000000
320.782928 439.117218
-1.000000 -1.000000
-1.000000 -1.000000
-1.000000 -1.000000
88.706940 336.006439
793.423096 366.438629
-1.000000 -1.000000
-1.000000 -1.000000
-1.000000 -1.000000
686.724426 640.563904
-1.000000 -1.000000
633.190308 427.804596
-1.000000 -1.000000
-1.000000 -1.000000
