-1.000000 -1.000000
-1.000000 -1.000000
286.800873 40.004898
301.797455 40.011299
-1.000000 -1.000000
271.790924 40.001514
-1.000000 -1.000000
-1.000000 -1.000000
-1.000000 -1.000000
185.429916 647.039795
-1.000000 -1.000000
-1.000000 -1.000000
-1.000000 -1.000000
183.394897 662.037415
-1.000000 -1.000000
1128.978760 131.427536
-1.000000 -1.000000
-1.000000 -1.000000
-1.000000 -1.000000
1085.465332 179.385330
300.494385 339.528748
763.036133 330.640533
1095.900635 141.272903
-1.000000 -1.000000
-1.000000 -1.000000
200.410904 646.013611
1151.009766 40.816769
1070.307373 179.561310
1135.438354 116.508987
198.381332 662.010315
304.373718 354.540955
-1.000000 -1.000000
747.992188 330.601379
781.044800 60.059017
213.345856 671.166016
328.815765 199.283554
1125.774780 146.408356
739.438110 404.161530
170.412170 646.056458
1238.552612 422.414795
-1.000000 -1.000000
-1.000000 -1.000000
453.887543 223.535858
-1.000000 -1.000000
-1.000000 -1.000000
1167.243652 311.483978
1066.870117 164.369583
256.280792 336.399719
738.371826 389.177185
168.380020 661.047607
1055.085327 179.608994
910.048340 166.368439
-1.000000 -1.000000
826.692688 222.353226
1081.872437 164.311447
221.303940 341.662964
1152.133667 311.492188
-1.000000 -1.000000
326.740540 184.306030
724.315674 404.143036
1100.908325 175.177017
313.791626 203.277069
-1.000000 -1.000000
1080.893677 139.242584
766.023560 315.646576
252.802567 291.343170
1095.944214 126.259720
1223.537842 226.155579
931.626099 390.386169
-1.000000 -1.000000
620.534851 40.463657
328.916870 214.232574
723.264893 384.111450
615.076294 392.494781
778.155518 77.005363
1144.505737 140.038040
1190.319458 429.196228
763.106018 345.734253
882.438904 340.102417
316.871155 40.082008
311.681366 188.287933
913.686890 40.911873
929.665222 425.584076
-1.000000 -1.000000
1225.140991 240.669067
1189.435059 147.760956
1136.840210 101.451210
-1.000000 -1.000000
134.980423 296.921875
-1.000000 -1.000000
947.126099 168.693497
750.911194 315.586853
1166.250000 276.493256
315.309967 369.607391
1182.351440 311.482941
-1.000000 -1.000000
738.322083 374.085724
-1.000000 -1.000000
315.285217 339.556610
770.686646 403.381561
450.717773 41.000343
1082.771362 194.427689
618.086914 377.457367
255.623199 352.294525
867.503906 341.098663
451.864929 238.532379
946.528931 388.329498
-1.000000 -1.000000
-1.000000 -1.000000
1191.300781 444.233307
138.730118 311.389374
950.809143 40.904079
754.674011 401.279877
1226.422607 666.796326
775.194031 104.085182
155.449951 646.015564
147.553421 273.097534
-1.000000 -1.000000
897.638184 337.092957
1217.543945 425.385376
-1.000000 -1.000000
40.117596 398.195404
823.671631 237.379944
708.919617 40.011242
748.075439 345.719818
-1.000000 -1.000000
801.536865 402.583466
120.214737 301.123016
1067.564819 194.613953
438.884369 223.541306
142.924728 332.193237
939.747070 373.301941
871.715271 320.141479
610.810059 245.438354
237.765915 287.860016
1227.085938 255.724670
1182.944458 410.559937
906.838989 181.315796
753.551880 386.311279
769.707153 388.537018
785.609131 405.453735
1080.935059 124.229408
630.092346 392.474854
1167.233887 326.534515
1167.914551 407.619415
925.079773 165.424973
611.955811 230.462875
185.469284 632.125916
319.233337 354.584808
250.402695 369.409332
-1.000000 -1.000000
410.762726 177.705276
1166.255493 341.523834
1152.122070 326.514709
267.774536 300.804016
-1.000000 -1.000000
1150.752808 122.060493
-1.000000 -1.000000
886.749023 321.191101
944.431213 431.470276
1179.392700 162.892441
811.556396 222.269638
633.073975 376.540497
1175.101685 426.029541
1200.494751 131.878937
204.307236 314.449341
132.072815 282.418091
1211.417969 676.788757
954.724243 373.206665
190.145615 220.183884
735.692505 315.469360
841.722107 220.342834
732.751221 330.447266
816.573853 402.623932
265.623169 369.145203
-1.000000 -1.000000
928.700928 405.258728
300.439575 369.537903
234.434875 366.395721
127.804680 496.776093
253.216492 304.702911
723.301819 368.989349
1051.817505 164.361374
612.044067 215.464371
614.040588 407.589630
1052.283325 194.687012
1165.248169 296.422821
424.350983 439.490417
40.016148 383.365540
1211.382690 661.744690
-1.000000 -1.000000
189.429153 312.104187
1151.952637 106.944313
436.871216 238.547882
313.921967 218.155807
738.398804 419.186554
961.361816 388.255707
901.776855 322.193756
1135.779907 40.883110
424.298981 454.513031
946.507263 403.177429
267.770142 286.299164
408.821777 192.690872
1223.399414 212.254868
830.290222 40.971245
128.298569 329.115570
188.967392 189.581787
439.406921 437.615814
215.397141 645.958313
149.011398 295.148010
1173.998657 148.304245
138.949265 349.340393
894.980408 164.326843
175.355789 310.787720
598.833923 400.517334
-1.000000 -1.000000
1175.063110 441.059174
132.703278 268.860504
768.771057 373.443024
200.469482 631.116882
-1.000000 -1.000000
1152.808716 404.640472
654.762939 148.693054
409.413300 437.439423
897.359802 352.258850
202.605103 329.713837
153.236374 309.357117
774.070435 149.076187
-1.000000 -1.000000
439.367584 452.556122
1151.183716 277.525726
185.239883 334.636932
800.174011 417.302826
-1.000000 -1.000000
796.070984 60.127598
928.763000 40.931183
882.235352 355.191467
1121.810913 101.298019
945.048035 183.666290
-1.000000 -1.000000
330.981140 229.056854
1212.485718 440.439331
645.117981 391.616547
754.669861 416.176025
605.771179 40.999290
298.793213 203.337311
1180.347778 296.484161
191.476898 616.236755
827.277405 252.385818
425.810516 177.737030
409.319122 452.480164
781.330139 420.206696
202.670197 344.262421
778.363525 332.695343
753.567810 371.244385
1151.138794 341.502014
1120.464478 116.332016
648.119385 376.679169
1150.138306 296.468323
980.343445 161.801376
1212.376099 255.890976
148.493332 261.626068
922.022095 181.430908
599.876770 385.526886
838.688354 237.371613
189.170105 235.067032
-1.000000 -1.000000
723.217407 419.241333
112.773636 500.771881
1081.904541 210.148666
898.654785 40.916370
407.687225 162.605469
1137.112793 311.481323
1182.343872 326.488831
174.654083 190.453461
618.105286 362.374268
1100.930298 190.182343
348.499268 442.158508
952.080872 356.086914
1181.341675 277.502441
1052.679565 209.436584
786.865112 390.667389
259.637695 319.708679
349.379822 457.237915
1222.297119 197.563156
790.258362 104.156578
965.344971 163.800110
741.723877 300.473297
1209.223633 218.493927
801.969299 387.572571
1210.718994 241.107010
170.374603 296.310577
348.304352 472.145508
1096.900269 160.237396
1101.330566 111.230721
1197.847046 459.512238
925.164246 375.422424
867.168457 356.095398
-1.000000 -1.000000
768.121460 118.984474
423.289917 469.512970
639.693054 148.677170
188.810242 174.585999
124.309822 345.188141
937.041016 358.136566
296.689087 188.352951
633.086731 361.414062
595.855469 256.305176
-1.000000 -1.000000
1185.420654 125.782921
722.206360 60.057728
781.449707 317.725067
310.369110 471.045166
726.139893 106.861526
423.869812 192.702713
793.167908 76.066597
119.976967 515.781677
944.408752 446.648224
408.275818 467.473877
148.773956 247.782684
657.409546 163.055023
653.688110 59.528721
179.546616 281.006805
239.716843 298.079285
842.206421 252.352997
170.474823 631.123779
333.541626 442.141541
856.496460 318.052338
815.178406 417.440277
653.722839 133.700073
858.598755 291.780670
1226.479614 652.025513
186.721252 292.881287
883.579712 40.907181
902.981323 196.311615
439.341858 467.542694
324.711426 169.329620
741.088745 97.991875
113.404762 330.240265
629.083252 407.621094
912.270569 342.210175
756.800110 300.485199
773.055298 134.051041
1198.654297 413.767273
304.380524 384.488800
800.974792 432.252563
175.841446 211.921570
310.326843 456.192474
408.879974 207.763458
151.897141 232.781784
817.120422 387.539520
143.276276 364.133240
891.478821 179.189178
826.606934 207.285965
334.409821 457.224335
270.031616 353.725250
105.052902 515.809692
778.313782 347.732452
204.610474 216.148834
969.678894 373.041138
170.928833 327.791382
783.238159 435.071075
796.489319 221.133072
206.482025 616.260071
270.577667 338.517761
203.566742 188.482010
658.407898 187.160507
1215.459717 410.113800
756.171936 98.045189
325.377625 472.080231
1230.399170 177.695465
725.132874 121.781189
1195.251587 162.740356
208.852753 298.606323
808.556335 237.283890
752.090759 115.913216
1163.175781 175.019714
655.712341 78.558075
-1.000000 -1.000000
603.022034 370.368591
-1.000000 -1.000000
726.191956 86.854210
116.930817 285.552460
440.820953 177.703369
422.766754 162.694687
1181.361572 341.487152
318.441040 441.112823
596.100464 241.376999
966.871948 356.216125
959.295166 433.666565
475.850983 350.318420
669.704346 60.663162
1196.586548 676.863403
460.851379 349.262512
789.198975 148.131424
160.931839 212.770065
117.453316 267.779633
476.856934 335.316284
153.254272 349.194885
289.171417 354.441925
1183.281616 395.613342
638.709106 133.681992
461.861755 334.253418
1165.914185 126.483658
812.289368 252.398758
1194.822144 219.715576
142.635086 485.949646
1207.793091 203.674728
1121.634888 167.195236
1168.081421 392.632202
516.706421 344.437469
868.292297 40.909653
648.093811 361.460022
460.869934 364.296844
816.057495 432.439362
625.644958 245.105362
531.704468 344.431000
1196.497314 661.782837
501.700928 345.386047
853.200745 40.943832
980.415283 176.864929
626.564819 214.134949
508.706146 329.404175
309.687134 172.363663
423.874878 219.602081
477.889404 365.350128
901.522705 306.740723
523.712463 329.445129
132.958603 256.450745
1147.903442 176.855652
709.105652 399.326630
-1.000000 -1.000000
626.636841 229.097778
253.112732 276.914276
1204.468506 146.760925
205.007339 526.955322
174.406998 175.494492
873.347900 294.542542
438.881256 192.635971
516.719849 359.432648
620.163208 425.732056
783.208557 119.028618
-1.000000 -1.000000
-1.000000 -1.000000
961.304871 403.185089
674.797607 98.667473
735.942078 246.031815
156.514725 330.605652
219.481659 217.037567
959.394409 448.771790
744.051086 206.177765
929.501892 440.687897
-1.000000 -1.000000
204.500290 231.027328
843.815125 290.820984
501.726532 360.385040
195.172546 279.875519
811.414062 207.098053
672.777588 78.674263
531.717468 359.421570
124.135101 359.933228
657.711243 93.567299
638.643066 58.517147
710.156738 103.791306
1120.903564 40.947701
642.124268 163.047379
684.888367 60.657001
174.810806 227.840378
741.189697 82.923042
826.846863 267.273010
1205.493286 116.989738
-1.000000 -1.000000
738.218323 285.463593
176.542450 616.142700
1065.873535 138.350021
-1.000000 -1.000000
791.464905 236.146713
1227.506104 452.415466
424.476379 424.500092
851.935974 339.009155
40.015289 367.904572
737.181274 67.914383
965.401123 178.838058
192.446121 601.423706
462.979858 208.576035
741.995239 220.991486
-1.000000 -1.000000
1188.820435 234.685959
109.437874 345.053619
493.764526 330.350952
162.413345 281.903900
597.721985 226.321747
875.755310 189.758469
1215.508545 178.624191
145.807465 211.747498
-1.000000 -1.000000
768.268433 208.966202
711.330017 157.116898
737.111755 53.046680
772.311340 300.381256
185.894119 159.581772
282.420349 288.091492
298.918579 218.152344
1158.576172 155.813507
446.858398 334.259918
364.878204 431.104797
1160.037842 423.043060
710.123230 118.728111
1106.975586 96.143738
1137.096558 326.476990
659.515137 202.424759
694.080444 102.695976
443.898712 208.594833
912.180237 357.222443
1136.124512 274.561829
722.095032 136.899033
291.103760 323.641815
876.592590 174.939514
1123.418823 182.190079
708.146179 414.308289
741.832397 594.641663
1176.160034 456.183441
1227.535156 395.247833
1086.037354 109.220573
190.057404 205.515472
421.859863 234.473709
1167.053345 111.394150
771.285156 223.925476
766.050842 178.926971
640.664429 79.487381
726.527344 300.744476
727.013428 156.455948
751.519714 179.784470
449.761230 253.519348
152.870743 468.278870
669.315063 148.670914
752.072815 130.938324
1152.775391 389.551971
1212.511841 395.144806
772.092834 163.989197
164.234451 263.878235
858.859009 277.019073
1047.191284 316.537720
282.569977 302.928131
105.301331 302.330109
445.846313 350.289154
728.149963 205.416290
720.818848 243.019608
1141.337280 155.787247
954.774475 341.149200
832.111450 394.598389
737.107178 140.895142
309.497833 485.921600
349.828857 427.134155
753.290527 285.483215
707.808777 172.194000
687.966125 83.661705
97.891304 500.721069
1045.145020 331.569519
707.110107 133.760330
168.812729 470.382355
-1.000000 -1.000000
207.445633 599.524048
-1.000000 -1.000000
796.369263 205.941437
-1.000000 -1.000000
741.805420 579.642639
157.262253 373.069794
840.984375 317.001831
203.557037 173.471573
1030.161621 331.522919
1188.989990 259.602051
-1.000000 -1.000000
440.670593 422.791840
642.643066 106.614799
841.563354 267.198456
319.064423 384.758423
732.645325 345.289062
1032.190918 316.506622
1065.911499 123.336334
776.267395 239.906204
-1.000000 -1.000000
133.802399 241.759308
643.616760 178.874481
159.818573 187.138550
874.008484 204.811691
708.085449 384.321503
873.555542 279.840546
365.778259 446.213654
684.182373 175.569000
289.162872 384.356415
785.228088 375.449158
692.667603 160.716553
732.966248 265.994507
437.766632 162.726837
344.073547 210.170425
434.768585 253.537415
235.789551 384.996368
756.299561 82.962914
199.583801 431.867523
-1.000000 -1.000000
1158.136475 261.528442
219.969833 526.051880
219.370529 232.066528
1043.009277 346.775757
1037.422363 209.332825
725.850586 227.915176
751.482239 164.914062
926.654236 343.198761
791.250916 251.229889
286.114319 339.154358
1082.667969 225.495544
273.416321 316.158966
1028.035767 346.680267
981.791504 357.375122
829.446106 282.100891
919.062073 196.396042
752.157532 145.911484
1238.999878 496.755463
344.009308 195.219223
234.525726 214.062195
201.443787 584.693848
756.751404 592.705750
330.077942 369.701111
454.685120 445.043701
215.439056 631.002014
723.149902 285.530792
642.542480 201.534653
684.178467 145.886673
-1.000000 -1.000000
1230.222656 163.144440
1173.119507 261.491028
645.091553 407.063477
277.940308 473.911469
-1.000000 -1.000000
598.735107 211.210083
176.944763 536.067322
1038.470337 179.545914
711.089294 187.068741
155.567184 630.936157
1160.029907 438.077789
90.229553 529.179810
881.863220 369.936096
706.995361 59.964737
224.930267 288.238037
635.322021 428.685242
766.225342 193.829193
192.740112 380.234833
1017.229431 316.465424
1192.833618 204.681931
172.267365 379.188354
199.665482 416.792969
717.930847 268.184479
793.437927 354.724121
748.211365 267.144836
111.905075 530.839233
305.388519 324.399200
144.743317 442.172455
740.834534 609.628967
399.436035 131.576752
364.474548 466.226837
244.277908 456.844482
419.748108 249.418976
976.345703 388.137421
1230.194580 146.217896
695.113525 117.705208
1197.370117 311.426392
172.212677 343.122589
235.142334 525.127991
822.140625 359.677307
167.771225 485.033844
184.782272 433.497040
406.852051 222.533035
109.446587 359.767731
781.206848 185.035873
72.788826 413.494690
856.249817 223.431320
1057.990845 346.918060
851.401489 353.897369
88.277443 414.807434
627.682800 118.704987
812.053528 267.408417
867.137268 370.710236
189.348419 249.820038
395.804352 177.685379
1173.794800 237.646088
752.402466 67.961838
624.460754 157.076385
134.810989 511.823212
409.636597 422.434418
969.670410 341.223267
365.002106 416.193848
169.719223 455.547852
735.652283 185.984665
657.612061 118.709892
736.246582 171.368057
1137.475464 401.483673
886.886108 401.884003
756.725403 577.691162
349.138550 487.256195
342.005249 180.293518
335.007080 427.175964
315.972809 232.902176
873.078613 385.680542
1036.634277 194.479630
1067.561768 224.524796
857.228271 262.398346
445.873108 365.356720
752.341614 53.015697
1136.117920 341.495331
242.262268 441.875183
627.546631 199.644852
943.827820 198.668365
303.531708 441.107361
1179.725220 219.605087
598.571533 415.532501
1015.185181 331.471985
394.650146 435.369446
1135.108032 296.379028
396.239258 91.776566
70.064674 397.508606
267.057190 458.928009
98.331131 324.494537
185.192154 418.402374
88.714264 399.044159
393.859619 193.685898
209.072968 511.068604
1123.724854 197.203720
1070.961426 108.282021
650.344055 429.737518
190.915009 395.729401
896.550659 367.160248
216.438995 584.708496
-1.000000 -1.000000
847.358582 393.611938
359.085938 195.380524
186.446365 586.591553
888.592834 291.615601
887.811096 386.974060
959.378418 418.831024
711.180298 88.770515
171.284637 160.456314
1167.186646 95.792603
330.227570 339.452423
126.860504 530.753601
887.763000 211.206848
915.954529 327.208984
668.672668 133.718872
502.891541 430.182709
167.028580 242.700546
409.614624 147.617523
455.690582 430.024841
379.696198 431.232056
359.091400 210.328033
140.382568 646.824768
787.178894 166.065918
766.701660 431.057220
1181.653198 677.521484
469.075836 223.509827
380.387726 450.389252
1111.445312 131.255920
251.125244 385.127380
623.673401 56.429829
628.604309 177.744370
805.256104 103.210823
684.049500 190.413940
399.291687 106.760292
333.105438 393.690704
278.805664 488.745056
184.288559 268.714233
712.726624 202.222534
1227.231567 270.961395
727.343750 594.616638
136.805817 226.788315
906.575378 403.102600
203.389618 245.904022
414.440643 132.453949
459.396118 505.372742
793.576782 339.774261
349.982819 412.130310
268.160583 271.954010
208.079575 390.794342
210.605713 287.082764
247.224121 471.848694
944.456360 461.817596
172.052414 363.946533
294.713684 172.511047
281.912445 458.974487
1215.465454 163.963303
788.273499 266.162170
726.348083 609.651184
145.041962 427.028595
169.950912 436.277710
1060.121826 331.528259
1098.699585 205.138184
739.907654 433.992706
995.557983 157.818024
665.187073 425.727844
798.232117 133.109619
265.425903 384.287903
347.197937 397.258881
161.790436 615.799377
357.141052 180.439926
1143.248657 259.531769
980.410522 191.863373
829.167969 297.008209
379.087708 466.386780
466.960602 238.536072
192.447418 352.642242
710.436035 227.655594
1159.143188 246.576721
1152.139038 91.627548
263.104034 473.884796
841.703003 205.217224
832.741394 379.272644
1137.531738 386.462494
294.706757 487.788605
199.354980 270.995972
680.030579 117.689262
741.808960 564.714539
575.908203 204.819031
569.006775 41.072979
536.729919 429.290588
324.502350 487.107452
756.691833 607.742371
612.179565 200.584610
583.862976 427.628082
708.065796 283.430878
625.697510 81.411636
605.023193 430.629242
364.754333 401.112732
1105.861694 40.992661
902.906372 211.454819
320.208771 324.531464
214.561905 427.958801
1184.097046 177.613754
584.045959 41.032631
709.415222 592.572083
1182.228149 86.471893
218.505478 189.456924
-1.000000 -1.000000
583.608337 396.513184
618.089478 347.760590
320.147400 426.116882
404.839020 237.207535
257.238739 441.889954
911.422913 382.236633
888.435547 276.950439
474.553802 538.064819
177.632721 601.155701
807.585999 372.204834
852.422546 368.554901
1182.381348 110.649200
454.674652 459.834320
709.395264 607.605591
872.256592 400.922791
175.119583 400.666260
282.013489 272.495361
467.452271 523.014648
804.226440 148.324509
727.344116 579.600525
234.416168 229.169327
857.129700 238.501358
85.259888 430.878571
200.625595 158.503021
411.330048 91.649780
915.857666 312.220276
1013.052002 346.604034
1128.311768 259.627502
724.404114 434.129852
129.847244 444.093628
711.075623 300.547455
620.217285 440.528748
537.828857 444.183868
224.080109 510.137939
642.037903 346.986847
69.886597 430.020813
984.498352 342.335571
1195.386475 296.574524
959.419495 463.834229
960.339844 193.818024
210.636444 261.086243
305.432526 426.068054
250.039856 525.316650
488.388184 432.170624
623.710876 142.688950
213.584351 277.039642
798.421143 447.032501
222.388000 600.478271
708.013245 429.130585
610.792542 260.214172
156.596390 172.217804
521.715454 426.196838
1113.802490 212.131317
836.722961 332.158691
424.669342 147.683121
372.148590 180.560455
984.965454 372.054901
820.928284 447.631805
391.896423 208.751511
583.539673 412.478485
916.716370 419.928589
170.591766 421.041748
221.439667 615.161255
454.710297 474.628906
364.090607 481.295898
89.369835 383.032471
140.583725 631.608459
334.977234 412.079407
753.230713 235.947525
73.068161 381.967041
414.341400 106.591438
814.889954 282.399078
285.419861 369.487640
239.288437 510.195129
502.920044 415.134857
374.070618 195.526703
756.832581 562.742371
871.668945 262.207031
720.578369 315.419739
537.879395 459.240906
-1.000000 -1.000000
444.481476 501.329987
1200.499512 188.617523
334.178955 354.622192
808.163574 75.093224
502.805237 453.073395
374.058502 210.563538
1138.258911 191.334930
1159.005981 231.582001
705.671814 242.631348
627.745728 96.412537
137.655594 468.076233
1128.881836 212.227875
129.805801 429.486938
707.412537 577.562439
237.588120 427.040039
184.665253 521.095886
1212.967163 271.064453
-1.000000 -1.000000
232.232666 471.795441
811.085266 60.159779
660.165161 410.743958
635.398804 443.602234
1196.417847 274.557037
238.365540 274.149139
576.848572 219.843155
459.572723 538.093750
426.101013 490.470276
995.748901 172.898666
771.707092 588.690552
184.385101 448.555908
1050.802246 149.414398
183.487167 470.406433
538.701904 329.402740
796.261963 187.208740
280.323364 427.932068
1167.092651 80.373917
958.538818 326.185425
-1.000000 -1.000000
1052.726440 224.786697
452.509949 520.077881
382.975708 488.378937
930.735168 328.144196
1197.371704 326.416016
253.018280 261.765747
309.637238 500.848999
1230.557251 131.255020
1042.198364 301.456696
1177.593140 204.583801
142.305466 379.584106
1196.389038 341.420471
263.958374 488.678955
651.456238 444.713196
796.022461 281.379456
470.917297 434.067535
641.549561 216.063828
41.211235 354.095001
146.952744 614.453308
752.901733 250.677399
478.793579 320.307648
429.437103 132.398468
1198.399414 474.463409
169.819763 500.022888
112.826324 485.839172
551.777649 429.412384
394.987061 420.344696
569.047729 433.529480
156.647186 411.572205
272.044189 443.951141
94.343590 338.997986
836.680298 360.755859
217.501312 570.029541
502.999176 400.134216
903.149536 291.671844
739.010620 624.628357
214.606201 412.905853
693.094666 413.969421
300.402557 399.310638
571.081604 448.385956
