-1.000000 -1.000000
-1.000000 -1.000000
-1.000000 -1.000000
-1.000000 -1.000000
-1.000000 -1.000000
-1.000000 -1.000000
-1.000000 -1.000000
-1.000000 -1.000000
-1.000000 -1.000000
-1.000000 -1.000000
-1.000000 -1.000000
-1.000000 -1.000000
-1.000000 -1.000000
-1.000000 -1.000000
-1.000000 -1.000000
-1.000000 -1.000000
-1.000000 -1.000000
-1.000000 -1.000000
-1.000000 -1.000000
954.398621 218.390656
-1.000000 -1.000000
-1.000000 -1.000000
963.954285 178.135208
-1.000000 -1.000000
-1.000000 -1.000000
-1.000000 -1.000000
-1.000000 -1.000000
-1.000000 -1.000000
-1.000000 -1.000000
-1.000000 -1.000000
-1.000000 -1.000000
-1.000000 -1.000000
-1.000000 -1.000000
672.252014 95.893867
-1.000000 -1.000000
-1.000000 -1.000000
-1.000000 -1.000000
464.518524 457.383942
-1.000000 -1.000000
-1.000000 -1.000000
-1.000000 -1.000000
-1.000000 -1.000000
-1.000000 -1.000000
-1.000000 -1.000000
-1.000000 -1.000000
-1.000000 -1.000000
935.959717 203.815155
-1.000000 -1.000000
-1.000000 -1.000000
-1.000000 -1.000000
-1.000000 -1.000000
815.343689 216.036774
-1.000000 -1.000000
-1.000000 -1.000000
950.919434 203.003647
-1.000000 -1.000000
-1.000000 -1.000000
-1.000000 -1.000000
-1.000000 -1.000000
446.531158 457.727722
969.360901 213.540192
-1.000000 -1.000000
-1.000000 -1.000000
-1.000000 -1.000000
-1.000000 -1.000000
-1.000000 -1.000000
-1.000000 -1.000000
-1.000000 -1.000000
-1.000000 -1.000000
-1.000000 -1.000000
-1.000000 -1.000000
-1.000000 -1.000000
447.142426 435.423523
-1.000000 -1.000000
-1.000000 -1.000000
-1.000000 -1.000000
-1.000000 -1.000000
-1.000000 -1.000000
-1.000000 -1.000000
-1.000000 -1.000000
-1.000000 -1.000000
818.341858 73.042603
583.926941 469.170013
-1.000000 -1.000000
-1.000000 -1.000000
-1.000000 -1.000000
-1.000000 -1.000000
-1.000000 -1.000000
-1.000000 -1.000000
-1.000000 -1.000000
856.008057 216.858078
-1.000000 -1.000000
-1.000000 -1.000000
-1.000000 -1.000000
-1.000000 -1.000000
-1.000000 -1.000000
-1.000000 -1.000000
-1.000000 -1.000000
-1.000000 -1.000000
492.429138 459.113708
310.221222 41.023354
-1.000000 -1.000000
-1.000000 -1.000000
-1.000000 -1.000000
-1.000000 -1.000000
-1.000000 -1.000000
605.393982 442.190399
-1.000000 -1.000000
-1.000000 -1.000000
-1.000000 -1.000000
-1.000000 -1.000000
-1.000000 -1.000000
481.066071 454.470581
-1.000000 -1.000000
-1.000000 -1.000000
-1.000000 -1.000000
-1.000000 -1.000000
-1.000000 -1.000000
-1.000000 -1.000000
914.946899 485.700653
-1.000000 -1.000000
-1.000000 -1.000000
-1.000000 -1.000000
-1.000000 -1.000000
-1.000000 -1.000000
-1.000000 -1.000000
525.124023 462.460968
-1.000000 -1.000000
-1.000000 -1.000000
-1.000000 -1.000000
-1.000000 -1.000000
638.394592 426.429504
-1.000000 -1.000000
-1.000000 -1.000000
-1.000000 -1.000000
-1.000000 -1.000000
-1.000000 -1.000000
806.350403 237.600372
483.129242 437.567871
497.385956 444.370636
500.892761 463.694183
-1.000000 -1.000000
-1.000000 -1.000000
-1.000000 -1.000000
-1.000000 -1.000000
-1.000000 -1.000000
-1.000000 -1.000000
-1.000000 -1.000000
-1.000000 -1.000000
-1.000000 -1.000000
-1.000000 -1.000000
-1.000000 -1.000000
-1.000000 -1.000000
-1.000000 -1.000000
-1.000000 -1.000000
-1.000000 -1.000000
-1.000000 -1.000000
-1.000000 -1.000000
-1.000000 -1.000000
593.817383 473.805847
-1.000000 -1.000000
-1.000000 -1.000000
-1.000000 -1.000000
776.773010 473.048248
-1.000000 -1.000000
-1.000000 -1.000000
-1.000000 -1.000000
-1.000000 -1.000000
654.866699 428.245392
-1.000000 -1.000000
458.249268 367.712006
-1.000000 -1.000000
453.386780 383.477325
571.615479 466.934082
-1.000000 -1.000000
-1.000000 -1.000000
-1.000000 -1.000000
-1.000000 -1.000000
-1.000000 -1.000000
-1.000000 -1.000000
-1.000000 -1.000000
449.589539 414.167145
-1.000000 -1.000000
-1.000000 -1.000000
-1.000000 -1.000000
896.829956 241.413025
-1.000000 -1.000000
93.682404 502.475525
-1.000000 -1.000000
-1.000000 -1.000000
-1.000000 -1.000000
-1.000000 -1.000000
-1.000000 -1.000000
-1.000000 -1.000000
-1.000000 -1.000000
460.602173 473.772095
612.118286 443.131989
-1.000000 -1.000000
-1.000000 -1.000000
91.355461 517.926758
599.505127 454.010101
-1.000000 -1.000000
-1.000000 -1.000000
-1.000000 -1.000000
-1.000000 -1.000000
-1.000000 -1.000000
-1.000000 -1.000000
-1.000000 -1.000000
-1.000000 -1.000000
-1.000000 -1.000000
-1.000000 -1.000000
-1.000000 -1.000000
802.798401 212.350815
-1.000000 -1.000000
-1.000000 -1.000000
-1.000000 -1.000000
761.071533 480.842529
-1.000000 -1.000000
502.279816 423.027832
-1.000000 -1.000000
-1.000000 -1.000000
-1.000000 -1.000000
-1.000000 -1.000000
77.836891 499.893280
-1.000000 -1.000000
-1.000000 -1.000000
-1.000000 -1.000000
-1.000000 -1.000000
-1.000000 -1.000000
-1.000000 -1.000000
-1.000000 -1.000000
-1.000000 -1.000000
512.009766 473.041809
-1.000000 -1.000000
687.491150 95.857277
-1.000000 -1.000000
-1.000000 -1.000000
-1.000000 -1.000000
-1.000000 -1.000000
-1.000000 -1.000000
-1.000000 -1.000000
903.382446 502.704224
-1.000000 -1.000000
477.880005 470.631439
-1.000000 -1.000000
-1.000000 -1.000000
-1.000000 -1.000000
-1.000000 -1.000000
-1.000000 -1.000000
-1.000000 -1.000000
74.995064 516.119446
489.592865 478.337341
-1.000000 -1.000000
-1.000000 -1.000000
487.148376 419.281036
-1.000000 -1.000000
-1.000000 -1.000000
-1.000000 -1.000000
-1.000000 -1.000000
895.172729 212.438538
-1.000000 -1.000000
-1.000000 -1.000000
819.765076 237.333115
-1.000000 -1.000000
-1.000000 -1.000000
-1.000000 -1.000000
-1.000000 -1.000000
442.948425 473.765656
-1.000000 -1.000000
-1.000000 -1.000000
-1.000000 -1.000000
-1.000000 -1.000000
-1.000000 -1.000000
-1.000000 -1.000000
-1.000000 -1.000000
-1.000000 -1.000000
969.383240 228.354553
-1.000000 -1.000000
-1.000000 -1.000000
-1.000000 -1.000000
873.821350 250.206573
510.742920 450.092285
-1.000000 -1.000000
-1.000000 -1.000000
-1.000000 -1.000000
682.350098 138.652893
880.904846 215.151535
468.308441 360.393372
-1.000000 -1.000000
570.560791 439.627869
-1.000000 -1.000000
-1.000000 -1.000000
-1.000000 -1.000000
965.409668 198.500977
-1.000000 -1.000000
-1.000000 -1.000000
-1.000000 -1.000000
-1.000000 -1.000000
-1.000000 -1.000000
-1.000000 -1.000000
88.107002 533.113403
-1.000000 -1.000000
-1.000000 -1.000000
-1.000000 -1.000000
-1.000000 -1.000000
-1.000000 -1.000000
-1.000000 -1.000000
-1.000000 -1.000000
-1.000000 -1.000000
-1.000000 -1.000000
-1.000000 -1.000000
-1.000000 -1.000000
-1.000000 -1.000000
-1.000000 -1.000000
-1.000000 -1.000000
684.984619 111.650970
-1.000000 -1.000000
592.280640 488.664673
72.060616 531.743103
-1.000000 -1.000000
-1.000000 -1.000000
-1.000000 -1.000000
-1.000000 -1.000000
-1.000000 -1.000000
-1.000000 -1.000000
-1.000000 -1.000000
-1.000000 -1.000000
-1.000000 -1.000000
569.024292 481.842377
528.413330 168.665710
-1.000000 -1.000000
-1.000000 -1.000000
-1.000000 -1.000000
-1.000000 -1.000000
794.735474 253.021866
106.806732 530.180847
-1.000000 -1.000000
-1.000000 -1.000000
-1.000000 -1.000000
-1.000000 -1.000000
-1.000000 -1.000000
-1.000000 -1.000000
-1.000000 -1.000000
-1.000000 -1.000000
-1.000000 -1.000000
501.015228 489.138306
-1.000000 -1.000000
-1.000000 -1.000000
-1.000000 -1.000000
-1.000000 -1.000000
573.165833 447.281342
-1.000000 -1.000000
792.216309 234.629288
-1.000000 -1.000000
-1.000000 -1.000000
-1.000000 -1.000000
-1.000000 -1.000000
549.768066 394.683960
-1.000000 -1.000000
656.945557 434.515808
-1.000000 -1.000000
-1.000000 -1.000000
-1.000000 -1.000000
-1.000000 -1.000000
-1.000000 -1.000000
-1.000000 -1.000000
-1.000000 -1.000000
-1.000000 -1.000000
-1.000000 -1.000000
-1.000000 -1.000000
-1.000000 -1.000000
-1.000000 -1.000000
-1.000000 -1.000000
-1.000000 -1.000000
-1.000000 -1.000000
-1.000000 -1.000000
-1.000000 -1.000000
-1.000000 -1.000000
-1.000000 -1.000000
-1.000000 -1.000000
-1.000000 -1.000000
-1.000000 -1.000000
-1.000000 -1.000000
-1.000000 -1.000000
-1.000000 -1.000000
-1.000000 -1.000000
-1.000000 -1.000000
-1.000000 -1.000000
689.599670 416.394226
-1.000000 -1.000000
154.672302 410.562286
-1.000000 -1.000000
-1.000000 -1.000000
139.702057 409.560822
682.223511 182.010605
-1.000000 -1.000000
-1.000000 -1.000000
155.661942 395.647369
-1.000000 -1.000000
-1.000000 -1.000000
-1.000000 -1.000000
512.324097 168.114273
-1.000000 -1.000000
-1.000000 -1.000000
-1.000000 -1.000000
-1.000000 -1.000000
-1.000000 -1.000000
-1.000000 -1.000000
-1.000000 -1.000000
-1.000000 -1.000000
198.266174 404.387726
-1.000000 -1.000000
-1.000000 -1.000000
139.632217 424.377594
520.912170 489.379395
-1.000000 -1.000000
213.280243 404.279663
-1.000000 -1.000000
183.326721 405.356262
-1.000000 -1.000000
892.274109 228.738144
-1.000000 -1.000000
190.264084 389.515320
-1.000000 -1.000000
-1.000000 -1.000000
156.610611 425.258820
-1.000000 -1.000000
205.309998 389.563812
-1.000000 -1.000000
-1.000000 -1.000000
428.474915 453.774139
-1.000000 -1.000000
-1.000000 -1.000000
-1.000000 -1.000000
-1.000000 -1.000000
-1.000000 -1.000000
132.757263 203.068878
-1.000000 -1.000000
363.256378 207.597046
198.366699 419.299469
323.069489 483.394562
675.477722 153.305969
-1.000000 -1.000000
-1.000000 -1.000000
608.832947 456.637604
-1.000000 -1.000000
-1.000000 -1.000000
-1.000000 -1.000000
-1.000000 -1.000000
-1.000000 -1.000000
-1.000000 -1.000000
582.290039 482.593597
-1.000000 -1.000000
-1.000000 -1.000000
-1.000000 -1.000000
183.369202 420.260071
-1.000000 -1.000000
-1.000000 -1.000000
-1.000000 -1.000000
213.282349 419.208435
-1.000000 -1.000000
-1.000000 -1.000000
-1.000000 -1.000000
590.497070 139.173950
-1.000000 -1.000000
495.712128 220.641113
-1.000000 -1.000000
-1.000000 -1.000000
-1.000000 -1.000000
-1.000000 -1.000000
-1.000000 -1.000000
-1.000000 -1.000000
463.164246 352.883087
-1.000000 -1.000000
-1.000000 -1.000000
-1.000000 -1.000000
-1.000000 -1.000000
-1.000000 -1.000000
103.519165 486.230072
-1.000000 -1.000000
-1.000000 -1.000000
-1.000000 -1.000000
879.981750 230.161179
-1.000000 -1.000000
380.259247 202.327759
-1.000000 -1.000000
-1.000000 -1.000000
-1.000000 -1.000000
-1.000000 -1.000000
175.300659 390.406677
-1.000000 -1.000000
-1.000000 -1.000000
-1.000000 -1.000000
-1.000000 -1.000000
-1.000000 -1.000000
-1.000000 -1.000000
-1.000000 -1.000000
-1.000000 -1.000000
-1.000000 -1.000000
547.036621 353.451324
-1.000000 -1.000000
-1.000000 -1.000000
-1.000000 -1.000000
-1.000000 -1.000000
-1.000000 -1.000000
-1.000000 -1.000000
757.794983 474.429016
590.558533 154.001053
-1.000000 -1.000000
-1.000000 -1.000000
-1.000000 -1.000000
572.792114 139.229477
365.913910 211.852249
-1.000000 -1.000000
-1.000000 -1.000000
604.836365 171.480728
-1.000000 -1.000000
-1.000000 -1.000000
-1.000000 -1.000000
426.798462 468.744293
513.624329 644.601501
754.263184 494.676117
-1.000000 -1.000000
-1.000000 -1.000000
-1.000000 -1.000000
-1.000000 -1.000000
-1.000000 -1.000000
-1.000000 -1.000000
-1.000000 -1.000000
-1.000000 -1.000000
444.792694 364.114594
-1.000000 -1.000000
-1.000000 -1.000000
-1.000000 -1.000000
-1.000000 -1.000000
539.290161 184.461533
-1.000000 -1.000000
-1.000000 -1.000000
-1.000000 -1.000000
-1.000000 -1.000000
-1.000000 -1.000000
-1.000000 -1.000000
778.644592 367.419983
-1.000000 -1.000000
-1.000000 -1.000000
124.444649 410.762665
-1.000000 -1.000000
457.115723 308.994476
-1.000000 -1.000000
-1.000000 -1.000000
573.243469 457.680511
-1.000000 -1.000000
-1.000000 -1.000000
-1.000000 -1.000000
-1.000000 -1.000000
-1.000000 -1.000000
-1.000000 -1.000000
-1.000000 -1.000000
771.786438 384.455658
587.460754 168.966690
-1.000000 -1.000000
-1.000000 -1.000000
-1.000000 -1.000000
-1.000000 -1.000000
687.766602 223.957520
-1.000000 -1.000000
513.680725 631.612305
-1.000000 -1.000000
-1.000000 -1.000000
-1.000000 -1.000000
756.101379 384.678040
-1.000000 -1.000000
-1.000000 -1.000000
140.504807 481.492065
-1.000000 -1.000000
-1.000000 -1.000000
-1.000000 -1.000000
-1.000000 -1.000000
763.434082 369.011566
-1.000000 -1.000000
-1.000000 -1.000000
-1.000000 -1.000000
-1.000000 -1.000000
-1.000000 -1.000000
-1.000000 -1.000000
717.486450 252.924988
426.216339 439.288361
-1.000000 -1.000000
-1.000000 -1.000000
516.734924 238.550491
-1.000000 -1.000000
568.220764 418.330994
-1.000000 -1.000000
463.817902 323.086090
-1.000000 -1.000000
-1.000000 -1.000000
-1.000000 -1.000000
-1.000000 -1.000000
-1.000000 -1.000000
-1.000000 -1.000000
-1.000000 -1.000000
-1.000000 -1.000000
-1.000000 -1.000000
-1.000000 -1.000000
771.230957 401.492157
-1.000000 -1.000000
-1.000000 -1.000000
-1.000000 -1.000000
-1.000000 -1.000000
-1.000000 -1.000000
-1.000000 -1.000000
942.654663 263.663483
-1.000000 -1.000000
752.498474 400.692139
-1.000000 -1.000000
-1.000000 -1.000000
808.144958 254.529175
635.087341 180.857300
-1.000000 -1.000000
-1.000000 -1.000000
-1.000000 -1.000000
-1.000000 -1.000000
-1.000000 -1.000000
-1.000000 -1.000000
-1.000000 -1.000000
-1.000000 -1.000000
443.900085 351.232574
-1.000000 -1.000000
-1.000000 -1.000000
-1.000000 -1.000000
-1.000000 -1.000000
-1.000000 -1.000000
-1.000000 -1.000000
-1.000000 -1.000000
-1.000000 -1.000000
-1.000000 -1.000000
-1.000000 -1.000000
897.664978 231.249771
-1.000000 -1.000000
-1.000000 -1.000000
-1.000000 -1.000000
-1.000000 -1.000000
-1.000000 -1.000000
-1.000000 -1.000000
-1.000000 -1.000000
336.641541 486.163269
-1.000000 -1.000000
-1.000000 -1.000000
749.279541 369.406403
-1.000000 -1.000000
-1.000000 -1.000000
-1.000000 -1.000000
440.887604 333.800598
586.145203 400.357635
-1.000000 -1.000000
-1.000000 -1.000000
-1.000000 -1.000000
-1.000000 -1.000000
-1.000000 -1.000000
269.017548 160.582214
-1.000000 -1.000000
-1.000000 -1.000000
-1.000000 -1.000000
-1.000000 -1.000000
-1.000000 -1.000000
574.168396 153.271011
-1.000000 -1.000000
-1.000000 -1.000000
-1.000000 -1.000000
620.789490 403.738251
-1.000000 -1.000000
-1.000000 -1.000000
-1.000000 -1.000000
-1.000000 -1.000000
-1.000000 -1.000000
-1.000000 -1.000000
-1.000000 -1.000000
-1.000000 -1.000000
-1.000000 -1.000000
-1.000000 -1.000000
500.440155 154.639969
-1.000000 -1.000000
620.495300 416.315399
-1.000000 -1.000000
-1.000000 -1.000000
-1.000000 -1.000000
-1.000000 -1.000000
-1.000000 -1.000000
-1.000000 -1.000000
-1.000000 -1.000000
713.920410 396.186737
-1.000000 -1.000000
-1.000000 -1.000000
-1.000000 -1.000000
-1.000000 -1.000000
-1.000000 -1.000000
-1.000000 -1.000000
-1.000000 -1.000000
-1.000000 -1.000000
-1.000000 -1.000000
-1.000000 -1.000000
-1.000000 -1.000000
-1.000000 -1.000000
-1.000000 -1.000000
885.968262 244.042862
923.972900 265.638428
-1.000000 -1.000000
124.390274 425.570374
-1.000000 -1.000000
-1.000000 -1.000000
-1.000000 -1.000000
-1.000000 -1.000000
-1.000000 -1.000000
-1.000000 -1.000000
-1.000000 -1.000000
308.934052 474.745117
741.888855 384.706665
66.450317 497.825287
-1.000000 -1.000000
-1.000000 -1.000000
-1.000000 -1.000000
-1.000000 -1.000000
-1.000000 -1.000000
-1.000000 -1.000000
-1.000000 -1.000000
-1.000000 -1.000000
-1.000000 -1.000000
-1.000000 -1.000000
-1.000000 -1.000000
346.877747 488.723724
-1.000000 -1.000000
-1.000000 -1.000000
-1.000000 -1.000000
-1.000000 -1.000000
-1.000000 -1.000000
-1.000000 -1.000000
-1.000000 -1.000000
-1.000000 -1.000000
-1.000000 -1.000000
-1.000000 -1.000000
-1.000000 -1.000000
-1.000000 -1.000000
-1.000000 -1.000000
-1.000000 -1.000000
-1.000000 -1.000000
-1.000000 -1.000000
-1.000000 -1.000000
-1.000000 -1.000000
-1.000000 -1.000000
-1.000000 -1.000000
283.549561 185.240829
-1.000000 -1.000000
61.018711 492.793823
-1.000000 -1.000000
-1.000000 -1.000000
680.695496 200.141113
-1.000000 -1.000000
-1.000000 -1.000000
-1.000000 -1.000000
-1.000000 -1.000000
-1.000000 -1.000000
-1.000000 -1.000000
494.722290 95.593826
382.763794 225.279602
697.720825 137.696136
-1.000000 -1.000000
265.652557 138.151672
-1.000000 -1.000000
-1.000000 -1.000000
-1.000000 -1.000000
-1.000000 -1.000000
-1.000000 -1.000000
-1.000000 -1.000000
-1.000000 -1.000000
-1.000000 -1.000000
177.537582 250.457001
281.329376 162.518707
-1.000000 -1.000000
-1.000000 -1.000000
-1.000000 -1.000000
-1.000000 -1.000000
-1.000000 -1.000000
-1.000000 -1.000000
-1.000000 -1.000000
-1.000000 -1.000000
-1.000000 -1.000000
-1.000000 -1.000000
-1.000000 -1.000000
-1.000000 -1.000000
-1.000000 -1.000000
-1.000000 -1.000000
-1.000000 -1.000000
-1.000000 -1.000000
-1.000000 -1.000000
965.984802 243.061325
471.442108 486.729980
-1.000000 -1.000000
-1.000000 -1.000000
691.115417 167.835724
-1.000000 -1.000000
-1.000000 -1.000000
-1.000000 -1.000000
-1.000000 -1.000000
-1.000000 -1.000000
884.960083 241.986465
-1.000000 -1.000000
-1.000000 -1.000000
-1.000000 -1.000000
-1.000000 -1.000000
-1.000000 -1.000000
-1.000000 -1.000000
-1.000000 -1.000000
-1.000000 -1.000000
-1.000000 -1.000000
579.177246 439.778381
-1.000000 -1.000000
-1.000000 -1.000000
-1.000000 -1.000000
-1.000000 -1.000000
-1.000000 -1.000000
-1.000000 -1.000000
440.693573 40.064850
-1.000000 -1.000000
-1.000000 -1.000000
-1.000000 -1.000000
-1.000000 -1.000000
-1.000000 -1.000000
427.055725 346.812347
-1.000000 -1.000000
312.501923 488.168579
-1.000000 -1.000000
-1.000000 -1.000000
-1.000000 -1.000000
-1.000000 -1.000000
-1.000000 -1.000000
-1.000000 -1.000000
-1.000000 -1.000000
-1.000000 -1.000000
-1.000000 -1.000000
-1.000000 -1.000000
-1.000000 -1.000000
-1.000000 -1.000000
-1.000000 -1.000000
-1.000000 -1.000000
-1.000000 -1.000000
-1.000000 -1.000000
-1.000000 -1.000000
-1.000000 -1.000000
-1.000000 -1.000000
-1.000000 -1.000000
607.344238 410.765747
624.457520 411.778015
-1.000000 -1.000000
-1.000000 -1.000000
-1.000000 -1.000000
-1.000000 -1.000000
-1.000000 -1.000000
-1.000000 -1.000000
-1.000000 -1.000000
697.242859 182.183609
-1.000000 -1.000000
-1.000000 -1.000000
695.008789 260.683350
-1.000000 -1.000000
127.478325 191.555603
275.662628 123.281929
-1.000000 -1.000000
-1.000000 -1.000000
-1.000000 -1.000000
449.940125 487.656464
-1.000000 -1.000000
422.215393 356.592651
322.094360 499.400269
-1.000000 -1.000000
-1.000000 -1.000000
-1.000000 -1.000000
-1.000000 -1.000000
731.456482 397.076508
-1.000000 -1.000000
-1.000000 -1.000000
863.703857 242.034256
-1.000000 -1.000000
-1.000000 -1.000000
-1.000000 -1.000000
-1.000000 -1.000000
-1.000000 -1.000000
-1.000000 -1.000000
501.750183 501.601227
-1.000000 -1.000000
426.773926 483.636841
-1.000000 -1.000000
-1.000000 -1.000000
-1.000000 -1.000000
-1.000000 -1.000000
-1.000000 -1.000000
295.882477 182.852112
-1.000000 -1.000000
-1.000000 -1.000000
525.115051 502.889893
-1.000000 -1.000000
-1.000000 -1.000000
582.050049 466.063263
-1.000000 -1.000000
-1.000000 -1.000000
-1.000000 -1.000000
-1.000000 -1.000000
-1.000000 -1.000000
-1.000000 -1.000000
-1.000000 -1.000000
-1.000000 -1.000000
-1.000000 -1.000000
279.350067 139.043747
-1.000000 -1.000000
-1.000000 -1.000000
-1.000000 -1.000000
-1.000000 -1.000000
-1.000000 -1.000000
-1.000000 -1.000000
-1.000000 -1.000000
433.355774 372.591736
-1.000000 -1.000000
-1.000000 -1.000000
-1.000000 -1.000000
-1.000000 -1.000000
-1.000000 -1.000000
699.942749 109.872856
-1.000000 -1.000000
-1.000000 -1.000000
-1.000000 -1.000000
-1.000000 -1.000000
-1.000000 -1.000000
499.374634 137.754028
-1.000000 -1.000000
-1.000000 -1.000000
-1.000000 -1.000000
-1.000000 -1.000000
-1.000000 -1.000000
-1.000000 -1.000000
-1.000000 -1.000000
-1.000000 -1.000000
-1.000000 -1.000000
702.498596 96.134659
355.577942 471.835632
336.355927 501.961456
-1.000000 -1.000000
-1.000000 -1.000000
-1.000000 -1.000000
-1.000000 -1.000000
-1.000000 -1.000000
898.860229 224.388382
-1.000000 -1.000000
-1.000000 -1.000000
-1.000000 -1.000000
-1.000000 -1.000000
-1.000000 -1.000000
689.530518 215.930542
-1.000000 -1.000000
-1.000000 -1.000000
-1.000000 -1.000000
-1.000000 -1.000000
911.631409 267.698395
-1.000000 -1.000000
-1.000000 -1.000000
-1.000000 -1.000000
-1.000000 -1.000000
-1.000000 -1.000000
-1.000000 -1.000000
-1.000000 -1.000000
786.149658 351.532501
-1.000000 -1.000000
-1.000000 -1.000000
-1.000000 -1.000000
-1.000000 -1.000000
349.300171 503.425385
-1.000000 -1.000000
-1.000000 -1.000000
-1.000000 -1.000000
-1.000000 -1.000000
-1.000000 -1.000000
-1.000000 -1.000000
156.585114 381.899719
295.748840 161.240829
-1.000000 -1.000000
-1.000000 -1.000000
-1.000000 -1.000000
-1.000000 -1.000000
-1.000000 -1.000000
-1.000000 -1.000000
-1.000000 -1.000000
-1.000000 -1.000000
-1.000000 -1.000000
628.473572 405.133850
-1.000000 -1.000000
-1.000000 -1.000000
-1.000000 -1.000000
-1.000000 -1.000000
-1.000000 -1.000000
406.332062 473.965332
-1.000000 -1.000000
-1.000000 -1.000000
