-1.000000 -1.000000
-1.000000 -1.000000
-1.000000 -1.000000
-1.000000 -1.000000
-1.000000 -1.000000
-1.000000 -1.000000
-1.000000 -1.000000
-1.000000 -1.000000
-1.000000 -1.000000
-1.000000 -1.000000
-1.000000 -1.000000
-1.000000 -1.000000
-1.000000 -1.000000
-1.000000 -1.000000
-1.000000 -1.000000
-1.000000 -1.000000
-1.000000 -1.000000
-1.000000 -1.000000
-1.000000 -1.000000
1203.189941 198.959183
-1.000000 -1.000000
-1.000000 -1.000000
1215.738525 153.356308
-1.000000 -1.000000
-1.000000 -1.000000
-1.000000 -1.000000
-1.000000 -1.000000
-1.000000 -1.000000
-1.000000 -1.000000
-1.000000 -1.000000
-1.000000 -1.000000
-1.000000 -1.000000
748.108032 361.109924
894.670410 66.019005
-1.000000 -1.000000
423.708862 206.109421
-1.000000 -1.000000
706.977966 442.438995
-1.000000 -1.000000
-1.000000 -1.000000
-1.000000 -1.000000
-1.000000 -1.000000
539.415771 245.064041
-1.000000 -1.000000
-1.000000 -1.000000
-1.000000 -1.000000
1185.378418 183.414001
-1.000000 -1.000000
-1.000000 -1.000000
-1.000000 -1.000000
-1.000000 -1.000000
1039.560425 196.020691
-1.000000 -1.000000
919.602234 222.256424
1200.414307 183.309875
-1.000000 -1.000000
-1.000000 -1.000000
-1.000000 -1.000000
421.193390 191.642624
690.606079 442.200562
1219.691040 194.766342
-1.000000 -1.000000
-1.000000 -1.000000
-1.000000 -1.000000
-1.000000 -1.000000
-1.000000 -1.000000
-1.000000 -1.000000
-1.000000 -1.000000
867.717468 435.934509
-1.000000 -1.000000
-1.000000 -1.000000
421.188599 218.406815
690.150879 420.367371
-1.000000 -1.000000
-1.000000 -1.000000
-1.000000 -1.000000
-1.000000 -1.000000
-1.000000 -1.000000
-1.000000 -1.000000
-1.000000 -1.000000
-1.000000 -1.000000
1047.797974 41.936775
859.184753 465.863831
-1.000000 -1.000000
-1.000000 -1.000000
-1.000000 -1.000000
-1.000000 -1.000000
-1.000000 -1.000000
-1.000000 -1.000000
-1.000000 -1.000000
1083.044312 196.076157
747.791565 345.057739
-1.000000 -1.000000
-1.000000 -1.000000
-1.000000 -1.000000
-1.000000 -1.000000
-1.000000 -1.000000
-1.000000 -1.000000
-1.000000 -1.000000
736.278076 446.010345
536.503662 41.014153
-1.000000 -1.000000
-1.000000 -1.000000
-1.000000 -1.000000
-1.000000 -1.000000
537.190369 259.937988
878.650574 435.643524
-1.000000 -1.000000
-1.000000 -1.000000
-1.000000 -1.000000
-1.000000 -1.000000
-1.000000 -1.000000
723.814880 440.667023
-1.000000 -1.000000
-1.000000 -1.000000
-1.000000 -1.000000
-1.000000 -1.000000
-1.000000 -1.000000
-1.000000 -1.000000
1209.863892 499.443298
-1.000000 -1.000000
-1.000000 -1.000000
908.231628 232.860016
-1.000000 -1.000000
-1.000000 -1.000000
-1.000000 -1.000000
769.730042 448.871155
-1.000000 -1.000000
-1.000000 -1.000000
524.931763 245.279526
-1.000000 -1.000000
887.793579 418.456726
-1.000000 -1.000000
-1.000000 -1.000000
-1.000000 -1.000000
-1.000000 -1.000000
-1.000000 -1.000000
1035.984009 211.170151
723.875427 424.295776
739.455811 431.494110
745.678711 450.575317
-1.000000 -1.000000
-1.000000 -1.000000
-1.000000 -1.000000
1053.531006 447.750000
-1.000000 -1.000000
561.822571 265.740936
-1.000000 -1.000000
-1.000000 -1.000000
-1.000000 -1.000000
-1.000000 -1.000000
497.472931 184.423935
-1.000000 -1.000000
-1.000000 -1.000000
-1.000000 -1.000000
-1.000000 -1.000000
-1.000000 -1.000000
-1.000000 -1.000000
-1.000000 -1.000000
869.230957 472.447968
-1.000000 -1.000000
910.855225 216.839752
-1.000000 -1.000000
1054.032104 472.355072
-1.000000 -1.000000
-1.000000 -1.000000
-1.000000 -1.000000
-1.000000 -1.000000
902.339417 419.344910
391.252289 206.338257
702.417114 341.828644
927.525574 226.834045
700.020691 356.795380
839.394714 460.212952
-1.000000 -1.000000
-1.000000 -1.000000
862.095703 451.999817
-1.000000 -1.000000
-1.000000 -1.000000
-1.000000 -1.000000
-1.000000 -1.000000
691.837891 401.113617
-1.000000 -1.000000
564.696838 251.600143
-1.000000 -1.000000
1128.076294 222.154938
-1.000000 -1.000000
356.220398 472.010315
-1.000000 -1.000000
-1.000000 -1.000000
-1.000000 -1.000000
-1.000000 -1.000000
-1.000000 -1.000000
522.506470 260.220154
412.851898 209.370117
704.921082 459.128540
887.230225 440.006683
-1.000000 -1.000000
-1.000000 -1.000000
354.929657 487.344238
874.916382 450.535065
-1.000000 -1.000000
495.406921 200.685577
-1.000000 -1.000000
949.371399 42.186684
-1.000000 -1.000000
380.830109 175.134766
374.786774 470.750427
-1.000000 -1.000000
-1.000000 -1.000000
-1.000000 -1.000000
-1.000000 -1.000000
1026.251221 193.736877
-1.000000 -1.000000
-1.000000 -1.000000
-1.000000 -1.000000
1044.765869 481.620056
-1.000000 -1.000000
740.677002 411.644867
-1.000000 -1.000000
-1.000000 -1.000000
1041.681274 452.470398
-1.000000 -1.000000
340.772247 469.246124
-1.000000 -1.000000
-1.000000 -1.000000
-1.000000 -1.000000
-1.000000 -1.000000
-1.000000 -1.000000
373.435547 486.186523
-1.000000 -1.000000
-1.000000 -1.000000
756.917114 459.297180
-1.000000 -1.000000
909.972290 65.907524
-1.000000 -1.000000
-1.000000 -1.000000
-1.000000 -1.000000
-1.000000 -1.000000
-1.000000 -1.000000
-1.000000 -1.000000
1200.132324 515.620911
-1.000000 -1.000000
721.813538 456.708679
-1.000000 -1.000000
-1.000000 -1.000000
-1.000000 -1.000000
-1.000000 -1.000000
-1.000000 -1.000000
511.628784 184.115021
338.761749 485.114532
734.969971 464.397736
-1.000000 -1.000000
-1.000000 -1.000000
724.079224 404.880280
-1.000000 -1.000000
-1.000000 -1.000000
596.521179 415.242859
-1.000000 -1.000000
1124.670654 191.632599
-1.000000 -1.000000
-1.000000 -1.000000
1049.844604 211.494873
-1.000000 -1.000000
917.413940 236.678391
-1.000000 -1.000000
-1.000000 -1.000000
687.818298 458.790405
-1.000000 -1.000000
-1.000000 -1.000000
-1.000000 -1.000000
494.641815 168.118454
-1.000000 -1.000000
-1.000000 -1.000000
-1.000000 -1.000000
-1.000000 -1.000000
1219.473755 209.518021
-1.000000 -1.000000
-1.000000 -1.000000
-1.000000 -1.000000
1108.202637 231.856445
755.511719 436.949036
-1.000000 -1.000000
-1.000000 -1.000000
-1.000000 -1.000000
902.698486 110.793549
1110.570068 195.326340
710.682617 335.265411
-1.000000 -1.000000
822.322693 424.833862
-1.000000 -1.000000
-1.000000 -1.000000
-1.000000 -1.000000
1215.614990 179.363663
-1.000000 -1.000000
-1.000000 -1.000000
-1.000000 -1.000000
-1.000000 -1.000000
-1.000000 -1.000000
-1.000000 -1.000000
352.053040 502.769409
-1.000000 -1.000000
369.216736 167.326935
-1.000000 -1.000000
-1.000000 -1.000000
388.276245 168.813644
-1.000000 -1.000000
-1.000000 -1.000000
-1.000000 -1.000000
-1.000000 -1.000000
-1.000000 -1.000000
-1.000000 -1.000000
-1.000000 -1.000000
-1.000000 -1.000000
509.375641 200.616455
906.508667 82.796303
-1.000000 -1.000000
866.389832 487.202789
336.344879 500.743103
-1.000000 -1.000000
-1.000000 -1.000000
-1.000000 -1.000000
-1.000000 -1.000000
-1.000000 -1.000000
-1.000000 -1.000000
-1.000000 -1.000000
-1.000000 -1.000000
-1.000000 -1.000000
784.505432 460.458130
743.187927 143.106918
-1.000000 -1.000000
-1.000000 -1.000000
-1.000000 -1.000000
-1.000000 -1.000000
1029.489380 226.114975
369.564026 501.446106
414.516235 175.998566
-1.000000 -1.000000
-1.000000 -1.000000
-1.000000 -1.000000
-1.000000 -1.000000
752.894226 332.755920
-1.000000 -1.000000
-1.000000 -1.000000
-1.000000 -1.000000
748.210449 474.693726
-1.000000 -1.000000
-1.000000 -1.000000
-1.000000 -1.000000
363.885162 222.171753
836.017090 428.719513
-1.000000 -1.000000
1020.338562 208.543686
925.431885 210.488541
-1.000000 -1.000000
-1.000000 -1.000000
-1.000000 -1.000000
785.470337 378.983948
391.308014 198.472397
915.519836 426.046814
-1.000000 -1.000000
-1.000000 -1.000000
-1.000000 -1.000000
-1.000000 -1.000000
-1.000000 -1.000000
379.660858 173.262589
-1.000000 -1.000000
-1.000000 -1.000000
-1.000000 -1.000000
-1.000000 -1.000000
-1.000000 -1.000000
826.090515 130.588654
-1.000000 -1.000000
-1.000000 -1.000000
900.407288 231.139252
-1.000000 -1.000000
-1.000000 -1.000000
-1.000000 -1.000000
-1.000000 -1.000000
-1.000000 -1.000000
-1.000000 -1.000000
-1.000000 -1.000000
-1.000000 -1.000000
526.344055 183.756424
508.735840 168.357315
-1.000000 -1.000000
-1.000000 -1.000000
-1.000000 -1.000000
951.803406 406.634247
-1.000000 -1.000000
415.298431 383.767578
-1.000000 -1.000000
-1.000000 -1.000000
400.317535 382.546722
900.886902 156.462784
-1.000000 -1.000000
-1.000000 -1.000000
416.255432 368.876068
-1.000000 -1.000000
-1.000000 -1.000000
-1.000000 -1.000000
727.188660 142.657791
-1.000000 -1.000000
-1.000000 -1.000000
-1.000000 -1.000000
-1.000000 -1.000000
-1.000000 -1.000000
-1.000000 -1.000000
-1.000000 -1.000000
-1.000000 -1.000000
455.948364 378.320099
988.574341 40.156639
-1.000000 -1.000000
400.255859 397.415436
766.176086 473.625031
-1.000000 -1.000000
470.989594 378.386963
-1.000000 -1.000000
441.001648 379.123474
972.609802 40.550648
1121.859009 209.112946
577.332642 252.115402
447.962585 363.369690
-1.000000 -1.000000
510.052795 240.078232
417.237518 398.547699
-1.000000 -1.000000
462.974884 363.562286
-1.000000 -1.000000
-1.000000 -1.000000
673.082642 437.812408
-1.000000 -1.000000
575.124939 265.651550
-1.000000 -1.000000
-1.000000 -1.000000
-1.000000 -1.000000
364.878052 171.081039
-1.000000 -1.000000
524.106262 199.356689
456.024872 393.241913
571.305969 464.683868
895.131409 127.051582
-1.000000 -1.000000
-1.000000 -1.000000
884.894470 452.929260
-1.000000 -1.000000
-1.000000 -1.000000
-1.000000 -1.000000
-1.000000 -1.000000
-1.000000 -1.000000
-1.000000 -1.000000
856.727844 480.301575
-1.000000 -1.000000
392.672821 212.607040
-1.000000 -1.000000
441.103424 394.032288
-1.000000 -1.000000
-1.000000 -1.000000
-1.000000 -1.000000
471.012207 393.306396
-1.000000 -1.000000
-1.000000 -1.000000
-1.000000 -1.000000
807.619507 112.253952
-1.000000 -1.000000
710.542664 188.086349
-1.000000 -1.000000
-1.000000 -1.000000
-1.000000 -1.000000
-1.000000 -1.000000
-1.000000 -1.000000
-1.000000 -1.000000
703.744751 321.970886
-1.000000 -1.000000
-1.000000 -1.000000
-1.000000 -1.000000
886.911865 234.986694
-1.000000 -1.000000
363.952942 457.074707
-1.000000 -1.000000
-1.000000 -1.000000
-1.000000 -1.000000
1109.793335 210.697754
-1.000000 -1.000000
546.300354 217.822952
-1.000000 -1.000000
-1.000000 -1.000000
-1.000000 -1.000000
-1.000000 -1.000000
433.015594 364.099396
-1.000000 -1.000000
-1.000000 -1.000000
-1.000000 -1.000000
-1.000000 -1.000000
-1.000000 -1.000000
-1.000000 -1.000000
-1.000000 -1.000000
-1.000000 -1.000000
-1.000000 -1.000000
782.842346 332.566895
360.054138 159.518509
-1.000000 -1.000000
-1.000000 -1.000000
-1.000000 -1.000000
-1.000000 -1.000000
-1.000000 -1.000000
1038.269409 472.414795
807.582031 127.694946
-1.000000 -1.000000
-1.000000 -1.000000
-1.000000 -1.000000
789.899963 112.132790
528.300964 215.276321
-1.000000 -1.000000
-1.000000 -1.000000
820.769409 145.695480
-1.000000 -1.000000
-1.000000 -1.000000
-1.000000 -1.000000
671.660217 453.202881
709.046448 643.172913
1065.041382 514.930969
-1.000000 -1.000000
-1.000000 -1.000000
389.190430 190.158020
507.710938 256.456268
-1.000000 -1.000000
-1.000000 -1.000000
-1.000000 -1.000000
-1.000000 -1.000000
688.351501 336.073853
-1.000000 -1.000000
-1.000000 -1.000000
534.927612 274.907227
-1.000000 -1.000000
753.094177 158.985550
-1.000000 -1.000000
1105.764282 436.234985
-1.000000 -1.000000
-1.000000 -1.000000
-1.000000 -1.000000
-1.000000 -1.000000
1049.190430 361.388916
-1.000000 -1.000000
-1.000000 -1.000000
385.155029 383.603424
-1.000000 -1.000000
706.665344 276.763763
-1.000000 -1.000000
-1.000000 -1.000000
842.500610 444.627441
-1.000000 -1.000000
-1.000000 -1.000000
-1.000000 -1.000000
718.986267 322.201569
-1.000000 -1.000000
-1.000000 -1.000000
-1.000000 -1.000000
1041.933838 377.596375
803.663025 142.950851
-1.000000 -1.000000
-1.000000 -1.000000
-1.000000 -1.000000
-1.000000 -1.000000
904.897949 203.150604
-1.000000 -1.000000
709.117432 629.874146
-1.000000 -1.000000
-1.000000 -1.000000
367.899628 163.758865
1026.292236 377.489716
-1.000000 -1.000000
-1.000000 -1.000000
391.183807 455.550201
-1.000000 -1.000000
-1.000000 -1.000000
-1.000000 -1.000000
-1.000000 -1.000000
1033.994995 362.068451
-1.000000 -1.000000
-1.000000 -1.000000
-1.000000 -1.000000
-1.000000 -1.000000
-1.000000 -1.000000
362.369904 179.433807
934.201904 232.461212
671.250000 423.210541
-1.000000 -1.000000
-1.000000 -1.000000
728.561401 214.669006
-1.000000 -1.000000
818.866638 403.303009
-1.000000 -1.000000
710.030090 288.059082
523.535767 169.531845
-1.000000 -1.000000
520.295349 275.181976
-1.000000 -1.000000
-1.000000 -1.000000
-1.000000 -1.000000
-1.000000 -1.000000
-1.000000 -1.000000
-1.000000 -1.000000
392.923676 208.101486
1038.383301 396.908203
-1.000000 -1.000000
-1.000000 -1.000000
-1.000000 -1.000000
-1.000000 -1.000000
-1.000000 -1.000000
-1.000000 -1.000000
1203.081177 246.057831
-1.000000 -1.000000
1019.241821 396.557739
-1.000000 -1.000000
-1.000000 -1.000000
1045.298706 226.683716
850.815186 155.313339
-1.000000 -1.000000
-1.000000 -1.000000
380.933228 172.667313
-1.000000 -1.000000
717.767883 641.838867
-1.000000 -1.000000
-1.000000 -1.000000
-1.000000 -1.000000
685.711792 323.506744
592.728210 239.253204
-1.000000 -1.000000
-1.000000 -1.000000
-1.000000 -1.000000
-1.000000 -1.000000
-1.000000 -1.000000
-1.000000 -1.000000
-1.000000 -1.000000
559.150269 245.078873
-1.000000 -1.000000
1127.610840 211.737183
-1.000000 -1.000000
-1.000000 -1.000000
-1.000000 -1.000000
-1.000000 -1.000000
872.588379 407.225830
-1.000000 -1.000000
-1.000000 -1.000000
585.201294 469.505737
-1.000000 -1.000000
-1.000000 -1.000000
1018.514343 362.038055
-1.000000 -1.000000
-1.000000 -1.000000
-1.000000 -1.000000
686.086121 302.164764
828.939270 386.792358
-1.000000 -1.000000
-1.000000 -1.000000
-1.000000 -1.000000
-1.000000 -1.000000
708.695862 654.999146
489.383789 135.532745
-1.000000 -1.000000
-1.000000 -1.000000
505.387146 271.415161
-1.000000 -1.000000
-1.000000 -1.000000
791.200500 127.056343
-1.000000 -1.000000
-1.000000 -1.000000
-1.000000 -1.000000
860.437805 392.214874
-1.000000 -1.000000
-1.000000 -1.000000
-1.000000 -1.000000
-1.000000 -1.000000
-1.000000 -1.000000
-1.000000 -1.000000
928.900940 234.463577
-1.000000 -1.000000
-1.000000 -1.000000
-1.000000 -1.000000
716.395447 128.493057
-1.000000 -1.000000
863.584595 409.490692
-1.000000 -1.000000
-1.000000 -1.000000
-1.000000 -1.000000
-1.000000 -1.000000
-1.000000 -1.000000
-1.000000 -1.000000
-1.000000 -1.000000
967.563904 387.628937
-1.000000 -1.000000
-1.000000 -1.000000
-1.000000 -1.000000
-1.000000 -1.000000
-1.000000 -1.000000
-1.000000 -1.000000
-1.000000 -1.000000
717.445251 628.652588
-1.000000 -1.000000
-1.000000 -1.000000
-1.000000 -1.000000
413.226807 215.065475
849.299377 432.941956
1116.472290 224.702469
1184.256958 247.782852
-1.000000 -1.000000
385.099976 398.472595
-1.000000 -1.000000
-1.000000 -1.000000
-1.000000 -1.000000
580.548279 237.631348
-1.000000 -1.000000
-1.000000 -1.000000
-1.000000 -1.000000
555.419556 453.377991
1010.702393 377.273926
329.064514 466.792816
-1.000000 -1.000000
-1.000000 -1.000000
259.174316 369.479309
-1.000000 -1.000000
-1.000000 -1.000000
-1.000000 -1.000000
261.436096 376.379181
-1.000000 -1.000000
-1.000000 -1.000000
-1.000000 -1.000000
-1.000000 -1.000000
597.855286 471.533661
-1.000000 -1.000000
-1.000000 -1.000000
-1.000000 -1.000000
-1.000000 -1.000000
844.663208 442.026855
455.544281 203.229996
-1.000000 -1.000000
-1.000000 -1.000000
-1.000000 -1.000000
-1.000000 -1.000000
-1.000000 -1.000000
-1.000000 -1.000000
-1.000000 -1.000000
-1.000000 -1.000000
-1.000000 -1.000000
-1.000000 -1.000000
-1.000000 -1.000000
-1.000000 -1.000000
-1.000000 -1.000000
-1.000000 -1.000000
495.410675 148.393661
-1.000000 -1.000000
322.773346 461.379578
455.550720 217.529129
-1.000000 -1.000000
898.372559 176.083557
-1.000000 -1.000000
-1.000000 -1.000000
548.394653 244.614548
-1.000000 -1.000000
-1.000000 -1.000000
-1.000000 -1.000000
712.938538 67.414268
595.942871 211.515198
918.109375 109.346817
658.763855 224.828217
487.274353 114.151413
-1.000000 -1.000000
-1.000000 -1.000000
-1.000000 -1.000000
-1.000000 -1.000000
-1.000000 -1.000000
699.587646 642.511963
-1.000000 -1.000000
860.046692 445.164154
393.800354 225.217392
501.445038 137.379929
-1.000000 -1.000000
-1.000000 -1.000000
299.533569 441.750305
-1.000000 -1.000000
-1.000000 -1.000000
-1.000000 -1.000000
-1.000000 -1.000000
-1.000000 -1.000000
-1.000000 -1.000000
-1.000000 -1.000000
-1.000000 -1.000000
-1.000000 -1.000000
-1.000000 -1.000000
699.091125 654.949280
-1.000000 -1.000000
-1.000000 -1.000000
-1.000000 -1.000000
1217.287231 224.250961
716.235901 473.565247
-1.000000 -1.000000
-1.000000 -1.000000
910.375244 141.265137
-1.000000 -1.000000
-1.000000 -1.000000
-1.000000 -1.000000
454.212372 188.139908
-1.000000 -1.000000
1115.249756 222.610413
-1.000000 -1.000000
-1.000000 -1.000000
546.870117 259.880920
-1.000000 -1.000000
689.190369 268.214966
-1.000000 -1.000000
-1.000000 -1.000000
-1.000000 -1.000000
931.762024 216.994843
848.128723 420.103577
-1.000000 -1.000000
-1.000000 -1.000000
-1.000000 -1.000000
-1.000000 -1.000000
-1.000000 -1.000000
553.821594 234.644760
655.988525 40.774197
-1.000000 -1.000000
-1.000000 -1.000000
717.853333 654.215759
567.573242 237.730988
-1.000000 -1.000000
672.904602 321.835968
-1.000000 -1.000000
559.742798 468.500183
-1.000000 -1.000000
-1.000000 -1.000000
-1.000000 -1.000000
-1.000000 -1.000000
-1.000000 -1.000000
-1.000000 -1.000000
671.335083 41.033192
693.150024 639.135986
-1.000000 -1.000000
375.716553 169.740250
-1.000000 -1.000000
-1.000000 -1.000000
-1.000000 -1.000000
-1.000000 -1.000000
-1.000000 -1.000000
-1.000000 -1.000000
865.360291 428.093628
-1.000000 -1.000000
-1.000000 -1.000000
-1.000000 -1.000000
848.697266 400.680176
866.535217 403.538849
-1.000000 -1.000000
-1.000000 -1.000000
692.824951 653.510132
850.398682 447.298981
-1.000000 -1.000000
-1.000000 -1.000000
-1.000000 -1.000000
915.968750 156.814911
699.924988 629.203735
-1.000000 -1.000000
910.813171 240.054749
-1.000000 -1.000000
359.785980 158.920944
497.817596 99.834366
-1.000000 -1.000000
-1.000000 -1.000000
-1.000000 -1.000000
694.533020 473.902863
-1.000000 -1.000000
670.117737 336.470215
570.163940 480.227051
-1.000000 -1.000000
-1.000000 -1.000000
-1.000000 -1.000000
-1.000000 -1.000000
985.381714 389.726929
-1.000000 -1.000000
-1.000000 -1.000000
1097.914795 223.834351
-1.000000 -1.000000
266.881042 453.033325
-1.000000 -1.000000
-1.000000 -1.000000
-1.000000 -1.000000
-1.000000 -1.000000
748.642273 488.095337
-1.000000 -1.000000
672.689209 468.632538
-1.000000 -1.000000
-1.000000 -1.000000
-1.000000 -1.000000
-1.000000 -1.000000
-1.000000 -1.000000
509.963440 149.076447
470.438629 187.694199
-1.000000 -1.000000
772.201416 488.268860
-1.000000 -1.000000
-1.000000 -1.000000
857.197937 461.542175
-1.000000 -1.000000
-1.000000 -1.000000
-1.000000 -1.000000
-1.000000 -1.000000
256.268860 364.551147
-1.000000 -1.000000
288.692810 440.981842
-1.000000 -1.000000
-1.000000 -1.000000
500.884430 115.971420
-1.000000 -1.000000
-1.000000 -1.000000
-1.000000 -1.000000
-1.000000 -1.000000
470.886200 203.649414
-1.000000 -1.000000
-1.000000 -1.000000
679.459717 344.281281
-1.000000 -1.000000
-1.000000 -1.000000
-1.000000 -1.000000
-1.000000 -1.000000
-1.000000 -1.000000
921.609680 81.204079
-1.000000 -1.000000
-1.000000 -1.000000
-1.000000 -1.000000
-1.000000 -1.000000
677.333130 278.842468
716.242676 109.965286
-1.000000 -1.000000
-1.000000 -1.000000
-1.000000 -1.000000
692.665894 625.021667
-1.000000 -1.000000
-1.000000 -1.000000
-1.000000 -1.000000
-1.000000 -1.000000
-1.000000 -1.000000
924.883606 65.589615
605.770508 453.023834
585.545959 483.869019
-1.000000 -1.000000
-1.000000 -1.000000
-1.000000 -1.000000
-1.000000 -1.000000
-1.000000 -1.000000
1128.819336 204.814270
730.626648 647.040771
-1.000000 -1.000000
-1.000000 -1.000000
-1.000000 -1.000000
-1.000000 -1.000000
906.749695 194.812653
-1.000000 -1.000000
-1.000000 -1.000000
-1.000000 -1.000000
-1.000000 -1.000000
1168.600708 250.003098
-1.000000 -1.000000
-1.000000 -1.000000
-1.000000 -1.000000
-1.000000 -1.000000
393.673340 213.469910
-1.000000 -1.000000
-1.000000 -1.000000
1057.729370 350.407257
-1.000000 -1.000000
262.480103 373.848541
-1.000000 -1.000000
-1.000000 -1.000000
600.225891 485.903473
-1.000000 -1.000000
-1.000000 -1.000000
-1.000000 -1.000000
-1.000000 -1.000000
-1.000000 -1.000000
-1.000000 -1.000000
417.249634 354.829956
515.990845 138.042969
-1.000000 -1.000000
-1.000000 -1.000000
-1.000000 -1.000000
-1.000000 -1.000000
-1.000000 -1.000000
-1.000000 -1.000000
-1.000000 -1.000000
-1.000000 -1.000000
247.443710 326.304962
869.172852 394.563812
-1.000000 -1.000000
-1.000000 -1.000000
-1.000000 -1.000000
707.508179 660.463440
-1.000000 -1.000000
653.496338 457.669464
-1.000000 -1.000000
-1.000000 -1.000000
