-1.000000 -1.000000
-1.000000 -1.000000
-1.000000 -1.000000
-1.000000 -1.000000
-1.000000 -1.000000
-1.000000 -1.000000
-1.000000 -1.000000
-1.000000 -1.000000
-1.000000 -1.000000
182.779984 648.290894
-1.000000 -1.000000
-1.000000 -1.000000
-1.000000 -1.000000
180.642334 663.255310
-1.000000 -1.000000
1138.817261 120.447922
-1.000000 -1.000000
-1.000000 -1.000000
-1.000000 -1.000000
1093.338379 169.685684
305.954132 336.907745
764.858521 324.839813
1104.342651 130.325302
-1.000000 -1.000000
237.656403 308.117157
197.921494 647.177002
1161.557495 40.714584
1077.393677 170.399673
1145.790039 105.529762
195.808151 663.176147
310.178375 351.958771
-1.000000 -1.000000
749.567749 324.788239
788.372925 51.375893
210.885345 672.284058
334.056000 196.061417
1135.256592 135.462021
739.816162 399.170502
167.749237 647.311707
-1.000000 -1.000000
-1.000000 -1.000000
-1.000000 -1.000000
459.662231 218.714737
254.127548 313.173279
-1.000000 -1.000000
1176.006470 302.172699
1075.152466 154.682816
271.315918 327.777679
738.616333 384.187714
165.626251 662.255676
1061.744385 170.571198
918.600647 157.727707
-1.000000 -1.000000
834.277954 214.820496
1090.206299 154.459427
233.624008 321.298981
1160.989502 302.175507
-1.000000 -1.000000
331.890869 181.068161
724.557678 399.108093
1109.271118 165.253769
318.995178 200.029953
-1.000000 -1.000000
1089.358032 128.225952
767.954285 309.732635
259.587341 278.112793
1104.373291 115.319115
1228.122925 212.004486
930.232788 384.307373
-1.000000 -1.000000
-1.000000 -1.000000
334.233063 211.009308
723.406189 378.978790
614.269775 388.356384
785.396179 68.494774
1154.716431 129.507217
1189.191772 421.481812
765.117859 340.075714
885.228088 333.499329
321.764618 40.044991
316.824249 185.049255
921.959106 40.978687
928.349670 418.986359
-1.000000 -1.000000
1228.593018 224.850143
1200.990723 136.276443
1147.790039 90.340630
-1.000000 -1.000000
157.169830 277.536987
254.644623 338.949036
956.162354 159.488495
752.226074 309.592773
1174.944580 266.905518
320.520386 367.143127
1191.004272 302.183685
-1.000000 -1.000000
738.408020 368.945007
-1.000000 -1.000000
320.789978 337.002441
771.168396 398.591003
456.487122 41.007893
1089.293457 184.869522
617.260132 373.322083
272.748413 346.289032
870.447876 334.491699
457.729736 233.735535
945.031250 381.944702
-1.000000 -1.000000
-1.000000 -1.000000
1190.099854 436.547913
-1.000000 -1.000000
959.008728 40.944836
755.312683 396.445496
1227.595947 662.305298
782.381897 95.700844
152.818314 647.242371
171.189041 257.664246
-1.000000 -1.000000
900.287170 330.430328
1220.732788 417.933044
-1.000000 -1.000000
-1.000000 -1.000000
830.976440 230.005875
-1.000000 -1.000000
749.956116 340.149811
-1.000000 -1.000000
802.035095 397.532196
144.369888 286.759918
1073.350586 185.487305
444.699860 218.831345
164.031235 327.485718
938.785156 366.928162
874.675232 313.708130
609.596802 241.031799
244.360046 272.905975
1230.158203 239.530350
1181.258911 401.910065
915.225769 172.593643
753.929504 381.516418
770.234619 384.124908
785.955566 400.461548
1089.349731 113.222893
629.305786 388.217621
1176.011108 317.268341
1166.137085 399.214081
933.618042 156.720093
610.993347 226.235809
183.048660 633.429871
324.616699 351.948792
268.800232 364.539581
-1.000000 -1.000000
416.652161 173.395081
1175.005249 332.270538
1160.997803 317.274078
274.086273 288.708313
-1.000000 -1.000000
1161.369019 111.156067
-1.000000 -1.000000
889.429749 314.656311
942.951416 424.419159
1190.918213 151.678146
819.016785 214.759415
632.251465 372.355255
1173.697021 418.167877
1212.233154 120.292839
195.561386 292.830536
156.371902 263.027313
1212.904663 672.471375
953.754639 366.523193
210.343201 215.089478
736.500427 309.094940
849.398987 212.768723
733.753296 324.136688
817.334595 397.362396
283.674500 364.338348
-1.000000 -1.000000
927.414490 399.051117
306.537292 367.016479
252.450653 360.970428
125.450172 497.498474
259.636810 291.246460
723.432129 363.805145
1060.160400 154.693100
611.493591 211.187943
613.184692 403.758759
1057.287476 185.676498
1174.007812 287.096039
422.371857 437.519043
40.689278 390.646027
1212.832886 657.277649
-1.000000 -1.000000
185.602097 291.936493
1162.895630 95.846916
442.780151 233.845825
319.203003 214.827118
738.916992 414.180969
959.665649 381.785736
904.455017 315.531555
1145.861694 40.839252
422.262054 452.583160
945.039062 396.528137
275.134430 273.950378
414.733582 188.435806
1229.286133 200.395416
837.495117 40.946175
150.465332 322.132568
208.942078 184.948395
437.514801 435.492706
212.923294 647.085022
168.898682 273.788300
1184.997437 137.538254
159.119049 344.371887
903.535095 155.687546
181.046127 294.166687
597.833801 396.749908
-1.000000 -1.000000
1173.585571 433.192841
157.510529 255.243301
769.299072 368.613953
198.153732 632.418823
-1.000000 -1.000000
1150.731201 396.214966
660.803711 141.692886
407.440460 435.475403
900.008118 345.781342
188.516724 307.241516
-1.000000 -1.000000
781.336975 141.220612
-1.000000 -1.000000
437.409424 450.599579
1160.026367 267.906281
183.626068 316.461823
799.988708 411.856232
-1.000000 -1.000000
803.389465 51.382431
936.352783 40.957287
884.937805 348.664886
1132.620117 90.191673
954.125732 174.508133
-1.000000 -1.000000
336.447784 225.585785
1215.307007 433.122894
644.356384 387.321808
755.438782 411.140472
611.420227 40.973076
303.976746 200.222702
1188.989746 287.109741
189.415100 617.323730
833.461609 245.272125
431.596924 173.304489
407.203735 450.593872
781.264893 414.983002
-1.000000 -1.000000
780.842407 326.848694
753.784485 366.139130
1160.023193 332.274597
1130.869629 105.302605
647.318298 372.540131
1158.997070 287.068451
989.695435 152.444611
1216.345703 240.333191
172.142715 252.034851
930.541809 172.736053
598.832947 381.674133
846.084839 229.933517
209.585861 229.954300
-1.000000 -1.000000
723.499329 414.246368
109.894066 501.613464
1087.290771 200.328339
907.574646 40.918118
413.630188 158.310074
1145.989502 302.158630
1190.989746 317.287781
195.108582 185.783676
617.288025 358.177856
1109.293213 180.265594
346.747253 440.633972
952.145447 348.798859
1189.849365 267.925995
1057.494141 200.088120
788.004700 385.942200
270.544830 305.344116
347.501251 455.778198
1229.482300 186.569977
797.560547 95.722626
974.744385 154.551208
742.509949 294.631866
1215.629517 206.390411
803.906860 382.354523
1215.296143 226.434479
-1.000000 -1.000000
346.384583 470.730927
1105.238037 150.243683
1110.176025 100.284904
1197.557983 452.250031
924.901001 369.375122
869.848816 349.480713
-1.000000 -1.000000
775.019775 111.060242
421.195587 467.555786
645.311462 141.777634
208.800858 169.992752
145.247208 339.491577
937.125183 351.125580
301.823364 185.290329
632.256226 357.204376
594.606445 251.497482
-1.000000 -1.000000
1196.962036 113.998817
728.281067 51.645847
784.073425 311.750732
308.464050 469.975281
732.609985 99.001724
429.665283 188.334396
800.436462 67.507195
116.551788 516.615356
942.916809 439.964630
406.094238 465.589081
170.659286 241.748779
662.923828 155.537460
659.411072 52.156841
186.006805 261.504272
246.392517 282.979218
848.326538 245.293427
168.113068 632.316223
331.869415 440.679321
859.392639 311.622772
815.023315 411.824890
659.696289 126.736374
861.460571 285.257050
1227.410400 648.206665
-1.000000 -1.000000
892.594604 40.895493
909.610413 187.540344
437.318878 465.595245
329.756561 165.882690
747.702148 89.735519
136.223846 323.422699
628.263123 403.665161
914.664734 335.496063
757.739197 294.683594
780.282288 126.073029
1198.056885 405.256012
309.837921 383.596130
799.974365 426.748627
196.502609 207.369858
308.491791 455.008331
414.885406 203.518326
172.818848 228.013901
819.546509 382.014557
162.503448 359.233002
898.829346 170.188065
834.246643 199.917709
332.534729 455.838440
286.835754 348.395691
101.811394 516.500061
780.788513 341.903107
224.209991 210.713455
968.528503 366.180145
-1.000000 -1.000000
782.592712 429.661591
803.933228 213.617249
204.416702 617.394470
284.750854 332.564819
223.219238 183.730209
659.232788 180.527939
1218.600220 402.183960
762.834839 89.676193
323.486877 470.838470
-1.000000 -1.000000
731.556091 114.089806
1207.008545 151.215225
210.529251 278.146393
815.757263 229.936966
758.666687 108.051300
1173.079712 164.736221
661.460632 71.549744
-1.000000 -1.000000
602.128601 366.287170
-1.000000 -1.000000
732.586609 78.896423
140.635071 269.651123
446.522461 173.301483
428.572845 158.303131
1189.916748 332.335724
316.937073 439.701843
595.460327 236.760315
966.828674 348.889008
957.702759 426.592590
473.931854 346.980560
675.849487 52.936317
1198.837402 672.617493
458.933014 345.966888
796.514587 140.158264
181.565964 208.218842
142.319977 254.822861
474.934998 331.978363
172.687668 344.595398
295.607666 351.526794
1182.150391 386.914398
644.458557 126.796417
459.939453 330.961609
1176.811279 115.525269
818.541504 245.331543
1203.983276 209.008789
141.989655 486.237793
1215.404297 192.583817
1130.791138 157.246338
1166.407349 384.150543
515.153015 340.922089
875.335266 40.830425
647.263855 357.270172
458.952515 360.998322
815.441772 426.811737
624.160889 240.222488
530.141296 340.835602
1198.700073 657.328247
500.154114 341.924225
859.684204 40.815826
989.812012 167.511124
624.950989 209.269379
507.155273 325.914734
314.807648 169.134918
429.751007 215.123871
475.966217 362.012054
903.785828 299.781006
522.150879 325.881714
156.412292 247.950684
1157.372070 166.800385
709.255615 394.268707
-1.000000 -1.000000
625.005493 224.233749
260.252197 264.376923
1215.809448 135.164749
204.387634 526.587097
194.755157 170.849014
876.002136 287.828674
444.653839 188.240616
515.158630 355.962341
619.596008 422.324219
790.517456 110.994453
-1.000000 -1.000000
-1.000000 -1.000000
959.613770 396.528809
681.004517 91.210838
738.162903 239.655975
176.079453 327.312927
238.878830 211.521439
957.923828 442.086914
749.046143 199.920868
928.090332 434.258636
-1.000000 -1.000000
223.951904 225.615997
847.638123 284.330048
500.157013 356.973145
204.520187 263.744690
818.911499 199.676254
678.824097 71.136826
530.150208 355.869049
144.831253 354.190796
663.626526 86.483467
644.299194 51.149227
716.386963 96.145615
1130.146118 40.790970
646.578064 155.640259
690.854309 52.940788
195.552795 223.214264
747.678040 74.619766
832.330933 260.582825
1217.300049 105.165680
-1.000000 -1.000000
738.307800 279.817566
174.489410 617.255127
1074.374878 127.174873
-1.000000 -1.000000
798.794983 229.017303
1230.319092 445.009552
422.688599 422.506897
854.963196 332.522858
40.242756 374.155121
743.633057 59.519787
974.885254 169.596191
190.540604 602.408752
468.623413 203.617676
745.518250 214.644196
-1.000000 -1.000000
1197.979858 224.043304
130.695068 338.681061
492.148651 326.915558
177.950577 261.345734
598.372314 221.638382
881.839050 179.993088
1224.902466 167.427780
166.440613 207.199158
-1.000000 -1.000000
775.396301 202.034363
716.316711 150.567825
743.596069 44.463264
774.940247 294.581604
206.052200 155.020248
290.183960 278.216095
304.172455 214.871155
1168.905884 145.882172
444.942108 331.024445
363.470734 429.425110
1158.600098 415.379486
716.448303 111.305931
1117.643677 84.986649
1146.017334 317.279480
657.879883 196.573166
700.259705 95.241241
449.712982 204.053711
914.648865 350.598389
1145.091675 264.723236
728.378845 129.317703
295.819458 318.786682
884.257568 165.568039
1132.199097 172.173996
708.301331 409.430573
743.059998 591.640015
1174.812744 448.424011
1230.949707 387.130096
1094.295654 98.251411
210.114838 200.713974
427.797394 229.941254
1178.183350 100.324341
778.582092 216.995255
773.082947 171.457870
646.382446 72.617996
726.964905 295.289368
733.111877 149.390594
758.455078 172.453156
455.766022 248.751389
152.306808 468.329926
674.768127 141.537003
758.585632 123.091797
1150.414917 380.916321
1215.807251 386.988861
779.282715 156.387604
183.766647 254.545029
862.084595 270.452393
1050.012573 308.749664
289.025574 292.928009
129.387634 293.385590
443.938171 347.041412
731.919861 199.851257
722.933960 236.967117
1151.270386 146.230820
956.186523 333.902130
834.464233 389.169586
743.486755 133.118057
307.608704 485.069550
348.587769 425.462097
752.937683 279.795135
711.757996 165.281906
693.893127 76.101822
95.205055 501.503845
1047.464233 323.890228
713.465942 126.393509
168.161972 470.219727
-1.000000 -1.000000
205.551590 600.628845
-1.000000 -1.000000
803.852173 198.540848
-1.000000 -1.000000
743.012878 576.690613
174.828217 368.239166
844.270874 310.786743
223.306244 168.784027
1032.514893 323.793884
1197.826416 249.408936
-1.000000 -1.000000
439.099854 420.633362
648.461609 99.526611
846.566345 260.354309
323.367310 383.964752
733.616638 338.737915
1034.669922 308.714752
1074.360962 112.190338
783.779785 233.042694
-1.000000 -1.000000
155.065491 236.228210
644.608459 172.024384
180.397781 182.402313
879.187622 195.178711
708.161926 379.308777
876.300354 273.205261
364.215118 444.612305
686.937378 168.357483
294.343903 382.796906
787.655334 369.994934
696.705872 153.637939
734.283875 259.478973
443.539856 158.290634
350.071136 206.746948
440.874176 248.880508
255.202682 380.971588
762.870239 74.592758
198.532211 430.964935
-1.000000 -1.000000
1166.916138 251.650375
219.083969 525.619873
238.292847 226.677399
1045.090576 339.617188
1040.660034 200.004227
728.219421 221.780045
758.123718 157.561035
928.453003 336.366821
798.286987 244.556076
290.482391 335.792999
1090.350830 216.284653
280.970154 304.731384
1030.169434 339.355591
981.735962 350.051300
834.505981 275.539154
927.517578 187.719177
758.510498 138.162140
1238.924927 489.500366
350.031219 191.818665
253.934174 208.597031
199.581390 585.958069
757.720459 589.777710
334.971008 367.074310
453.938660 442.436707
213.058792 632.441772
723.164429 279.987640
640.854980 196.084778
689.183655 139.000153
-1.000000 -1.000000
-1.000000 -1.000000
1181.734497 251.644257
644.309387 403.229248
275.936218 473.031219
-1.000000 -1.000000
601.026855 206.241806
177.114029 536.219116
1041.714722 170.429977
714.429504 180.402817
153.206375 631.936890
1158.516357 430.320801
87.648064 526.911194
883.903748 363.493103
713.024841 51.844738
234.764160 271.810181
634.813171 425.253052
773.328064 186.579575
210.503082 376.258575
1019.881470 308.731079
1202.045654 194.042206
189.373352 374.681061
198.903137 415.714020
718.917969 262.476837
797.604065 348.437164
749.963928 261.118896
108.955231 531.600525
311.003174 321.754181
145.284546 440.653381
742.059387 606.505432
405.290833 127.022102
362.569977 464.685120
242.701660 455.707611
425.892822 244.973694
975.000122 381.104279
1238.895020 135.155716
701.507507 110.447372
1206.051025 302.199310
-1.000000 -1.000000
234.053040 524.624573
826.537048 353.138367
167.097870 485.074493
183.914169 432.592377
412.904358 218.408600
131.032593 352.940002
788.636902 177.607010
94.700371 406.941956
862.537781 216.129913
1059.973389 340.477386
854.154846 347.307220
109.983475 410.100372
633.471863 111.802910
817.920593 261.048126
869.517517 364.124725
210.353973 244.237061
402.190125 173.504059
1182.789062 227.260773
758.839661 59.524746
629.754517 149.593643
132.317230 512.537231
407.995575 420.459595
971.121643 333.851196
363.837189 414.466705
169.232361 455.271210
741.280212 178.803253
663.537170 111.720398
742.689270 164.162796
1134.737183 392.750580
888.424805 395.956940
757.633667 574.835510
347.145325 485.801849
347.927765 176.875534
334.132507 425.620605
321.411346 229.193878
875.484863 379.166290
1040.080444 185.307144
1074.671631 215.503220
861.263977 255.855499
443.960236 362.096954
758.854553 44.357071
1145.083374 332.336212
240.700867 440.696564
625.882690 194.644913
953.051575 189.545334
302.223633 439.885468
1188.879395 209.089783
597.547791 411.782623
1017.715637 323.775452
393.259949 433.454498
1143.979004 286.980133
401.799377 87.258530
93.148758 387.110931
265.241852 457.918884
120.687187 318.308533
184.541519 417.122284
112.178123 392.467316
400.232910 189.558807
208.598541 510.617065
1132.346191 187.150375
1079.254028 97.239418
649.884399 426.035187
196.174103 393.244019
898.380737 360.739807
214.546387 585.880432
-1.000000 -1.000000
849.594482 387.871552
365.465729 191.741867
184.600082 587.768433
890.478027 284.444672
889.606140 380.665680
957.829346 411.694061
717.169800 81.092697
191.672058 155.811737
1178.818359 83.842506
335.653534 336.617584
124.200363 531.539673
889.932007 202.099030
917.886414 320.455505
675.338623 126.631699
501.375153 427.311279
189.425705 236.879471
415.419830 143.101349
455.235748 427.624603
378.570221 429.368988
365.499634 206.652802
137.929749 647.802124
794.526550 158.309052
767.304321 425.771210
1184.594727 673.918335
474.585510 218.590652
379.006897 448.565491
1121.288452 120.211372
270.432526 381.462830
629.117188 49.211365
629.654419 170.703186
812.561951 94.665985
684.318176 183.102997
404.887390 102.238335
335.472107 393.083221
276.869263 488.059326
192.895386 257.152100
715.782715 196.347702
1230.636230 255.487411
729.365723 591.518311
157.488785 222.156296
908.528320 396.840485
222.878098 240.456879
420.121765 127.817558
460.403717 503.543213
797.048279 333.508606
348.955841 410.459930
274.911896 258.764679
226.882904 387.261810
-1.000000 -1.000000
245.523102 470.823761
943.192322 455.465424
189.020248 358.361359
299.892975 169.723190
280.010101 457.993591
1224.876343 152.743073
795.539246 260.241882
728.386108 606.491455
146.147369 425.612518
169.344086 435.225861
1062.378540 324.277710
1107.228638 195.244080
741.669006 428.778351
1004.809570 148.268890
664.497314 421.778381
805.562744 124.964561
279.064484 381.358612
347.230530 395.911438
160.110458 616.427734
363.473694 176.694229
1152.173096 249.564850
989.795715 182.504028
833.739014 290.350616
377.361145 464.624542
472.486572 233.625595
-1.000000 -1.000000
712.245850 221.728180
1167.917725 236.475494
1163.499512 79.518082
261.253754 472.934845
849.464722 197.693588
837.066467 372.680267
1134.720215 377.668915
292.682831 487.042175
209.214767 261.640289
686.441528 110.558601
743.146729 561.849060
581.711060 199.014374
574.572754 41.105904
535.161072 426.236908
322.552246 485.910156
757.537964 604.769226
611.979492 196.177551
583.065186 424.151520
708.640076 277.925964
631.278564 74.841255
604.679016 427.161011
363.564026 399.388062
1115.218018 40.962585
904.979309 202.809036
325.822601 321.971436
214.032181 427.142029
1195.462524 166.509018
589.640625 41.029587
711.600708 589.450989
1194.044678 74.440941
238.068207 184.557373
-1.000000 -1.000000
582.583435 392.879730
617.069519 344.070923
319.921631 424.667938
410.944092 233.047989
255.618912 440.799896
913.963074 375.891083
890.298706 269.673157
475.966705 536.103882
175.846390 602.053955
811.773193 365.577759
855.292603 361.860687
1194.066284 98.206306
453.792480 458.435516
711.580139 604.477539
874.823364 395.525909
178.445007 398.678253
288.008331 258.345367
468.632263 521.108765
811.536560 140.200806
729.385742 576.529541
252.867569 223.865326
863.211304 231.440079
102.385429 429.891510
220.531448 153.880432
416.789795 87.176971
917.624329 305.394196
1015.270386 339.205383
1137.050171 249.593414
725.243103 429.208160
130.678894 442.267609
710.764465 294.734924
619.805847 437.039337
536.260071 441.100769
223.556412 509.507660
640.977966 343.278290
89.335922 428.931763
985.633240 334.906250
1204.022705 287.262085
958.152405 457.386169
969.861206 184.597427
227.187302 254.612625
305.573578 424.731506
249.206024 524.820801
488.170654 429.634491
629.392944 135.793961
226.233109 266.797607
798.277344 441.331238
220.415283 601.304688
708.526123 424.488983
609.474854 255.547455
177.106140 167.503815
520.427124 423.140198
1122.299805 202.146851
840.227173 325.909637
430.359436 142.980759
378.477356 176.567261
984.958862 364.750580
820.696960 442.045227
398.301636 204.594421
582.642700 408.809631
917.494690 413.916656
170.158997 419.477234
219.324509 615.989258
453.752991 472.661377
361.996948 479.754974
115.425102 373.003937
138.507523 632.143677
334.261047 410.586792
760.749390 229.021179
99.746193 369.298615
419.852264 102.108017
820.757324 276.527222
293.556122 366.441284
238.842010 509.424957
501.616791 412.247253
380.406616 191.595825
757.957153 559.937012
875.346130 255.632874
720.726501 308.558167
536.430603 456.420776
-1.000000 -1.000000
445.716095 499.363312
1209.435913 177.617218
339.436981 351.553680
815.433594 66.451241
501.069946 450.487488
380.426941 206.495804
1147.003052 181.194656
1167.915039 221.338623
707.396912 236.629654
633.372253 89.684494
137.116959 468.243286
1137.552856 202.158081
131.524857 428.559387
709.644470 574.381042
236.685394 426.169434
184.726151 520.977356
1218.062866 255.875244
-1.000000 -1.000000
230.608841 470.781830
818.387756 51.343372
659.374817 406.683716
635.214172 440.003448
1204.668091 264.411438
245.756485 261.642242
582.628235 214.061218
460.865967 536.195984
426.856934 488.209656
1004.982544 163.422485
772.593750 585.735962
184.348816 447.938995
1059.272095 139.334518
182.684814 470.265289
537.114624 325.760498
803.737427 179.682617
280.225098 426.657715
1178.863281 68.569084
961.185486 318.922913
-1.000000 -1.000000
1060.520386 216.555679
453.701019 518.425659
381.083832 486.646118
932.780518 321.221436
1206.057373 317.215057
259.575806 248.386673
307.557281 500.093353
-1.000000 -1.000000
1046.754517 294.085022
1186.846069 194.064529
159.498001 376.214630
1204.912231 332.332581
262.114960 488.132904
651.248962 440.953094
802.814819 275.876801
471.321320 431.546509
639.845398 210.190964
41.426010 356.507355
145.564774 614.612183
760.560059 243.651215
477.026154 316.904480
435.055817 127.594955
1197.498779 467.262787
169.230911 500.123413
110.654366 486.519348
550.009155 426.330627
393.960419 418.395081
567.674316 430.270081
158.498108 410.003784
270.343292 442.912964
115.226799 332.457245
840.767456 354.163849
215.721054 571.267517
501.787903 397.166138
905.433411 284.740051
740.560547 621.225891
214.355026 411.982788
693.268494 409.825562
303.250519 398.600952
569.766968 445.129608
