-1.000000 -1.000000
-1.000000 -1.000000
-1.000000 -1.000000
-1.000000 -1.000000
-1.000000 -1.000000
-1.000000 -1.000000
-1.000000 -1.000000
-1.000000 -1.000000
-1.000000 -1.000000
-1.000000 -1.000000
-1.000000 -1.000000
-1.000000 -1.000000
-1.000000 -1.000000
-1.000000 -1.000000
-1.000000 -1.000000
-1.000000 -1.000000
-1.000000 -1.000000
-1.000000 -1.000000
-1.000000 -1.000000
1103.616577 220.537338
-1.000000 -1.000000
-1.000000 -1.000000
1115.135864 176.764618
-1.000000 -1.000000
-1.000000 -1.000000
-1.000000 -1.000000
-1.000000 -1.000000
-1.000000 -1.000000
-1.000000 -1.000000
-1.000000 -1.000000
-1.000000 -1.000000
-1.000000 -1.000000
658.457275 381.249268
809.609558 93.405540
-1.000000 -1.000000
386.248047 224.532242
-1.000000 -1.000000
613.985840 461.429749
-1.000000 -1.000000
-1.000000 -1.000000
-1.000000 -1.000000
-1.000000 -1.000000
457.600800 266.470428
-1.000000 -1.000000
-1.000000 -1.000000
-1.000000 -1.000000
1085.636963 205.559769
-1.000000 -1.000000
-1.000000 -1.000000
-1.000000 -1.000000
-1.000000 -1.000000
952.744690 216.717422
-1.000000 -1.000000
-1.000000 -1.000000
1100.621948 205.214920
-1.000000 -1.000000
-1.000000 -1.000000
-1.000000 -1.000000
383.728027 208.552216
597.789673 461.189209
1119.580566 216.369858
-1.000000 -1.000000
-1.000000 -1.000000
-1.000000 -1.000000
-1.000000 -1.000000
-1.000000 -1.000000
-1.000000 -1.000000
-1.000000 -1.000000
-1.000000 -1.000000
-1.000000 -1.000000
-1.000000 -1.000000
379.142181 238.836731
597.383179 439.303650
-1.000000 -1.000000
-1.000000 -1.000000
-1.000000 -1.000000
-1.000000 -1.000000
-1.000000 -1.000000
-1.000000 -1.000000
-1.000000 -1.000000
-1.000000 -1.000000
958.712341 56.826160
745.374390 476.193237
-1.000000 -1.000000
-1.000000 -1.000000
-1.000000 -1.000000
-1.000000 -1.000000
-1.000000 -1.000000
-1.000000 -1.000000
-1.000000 -1.000000
994.807068 216.978394
658.188782 365.673676
-1.000000 -1.000000
-1.000000 -1.000000
-1.000000 -1.000000
-1.000000 -1.000000
-1.000000 -1.000000
-1.000000 -1.000000
-1.000000 -1.000000
641.726135 464.171143
454.589264 41.062912
-1.000000 -1.000000
-1.000000 -1.000000
-1.000000 -1.000000
-1.000000 -1.000000
455.359314 282.571014
765.880249 448.538208
-1.000000 -1.000000
-1.000000 -1.000000
-1.000000 -1.000000
-1.000000 -1.000000
-1.000000 -1.000000
629.895142 459.218018
-1.000000 -1.000000
-1.000000 -1.000000
-1.000000 -1.000000
-1.000000 -1.000000
-1.000000 -1.000000
-1.000000 -1.000000
1084.462891 505.568726
-1.000000 -1.000000
-1.000000 -1.000000
-1.000000 -1.000000
-1.000000 -1.000000
-1.000000 -1.000000
-1.000000 -1.000000
674.763794 467.154480
-1.000000 -1.000000
-1.000000 -1.000000
446.958984 268.219513
-1.000000 -1.000000
785.470703 433.662750
-1.000000 -1.000000
-1.000000 -1.000000
-1.000000 -1.000000
-1.000000 -1.000000
-1.000000 -1.000000
948.489319 233.691055
630.558960 442.624054
645.567627 449.580353
650.653076 468.659760
-1.000000 -1.000000
-1.000000 -1.000000
-1.000000 -1.000000
-1.000000 -1.000000
-1.000000 -1.000000
467.558746 287.166016
-1.000000 -1.000000
-1.000000 -1.000000
-1.000000 -1.000000
-1.000000 -1.000000
419.541595 210.101791
-1.000000 -1.000000
-1.000000 -1.000000
-1.000000 -1.000000
-1.000000 -1.000000
-1.000000 -1.000000
-1.000000 -1.000000
-1.000000 -1.000000
755.767456 481.743408
-1.000000 -1.000000
-1.000000 -1.000000
-1.000000 -1.000000
941.891541 485.960785
-1.000000 -1.000000
-1.000000 -1.000000
-1.000000 -1.000000
-1.000000 -1.000000
805.537659 433.674927
-1.000000 -1.000000
608.449158 364.369385
-1.000000 -1.000000
605.352356 379.097229
727.052246 472.162170
-1.000000 -1.000000
-1.000000 -1.000000
-1.000000 -1.000000
-1.000000 -1.000000
-1.000000 -1.000000
-1.000000 -1.000000
-1.000000 -1.000000
599.133240 419.830963
-1.000000 -1.000000
470.188965 272.822510
-1.000000 -1.000000
1038.829346 243.512024
-1.000000 -1.000000
261.206665 497.040985
-1.000000 -1.000000
-1.000000 -1.000000
-1.000000 -1.000000
-1.000000 -1.000000
-1.000000 -1.000000
444.460358 283.190735
-1.000000 -1.000000
611.792542 477.194733
772.938477 451.119476
-1.000000 -1.000000
-1.000000 -1.000000
259.477081 512.309570
760.882019 461.822449
-1.000000 -1.000000
417.815765 226.405060
-1.000000 -1.000000
-1.000000 -1.000000
-1.000000 -1.000000
-1.000000 -1.000000
280.440033 495.082489
-1.000000 -1.000000
-1.000000 -1.000000
-1.000000 -1.000000
-1.000000 -1.000000
940.191833 213.693207
-1.000000 -1.000000
-1.000000 -1.000000
-1.000000 -1.000000
929.375244 493.583649
-1.000000 -1.000000
647.714539 429.192932
-1.000000 -1.000000
-1.000000 -1.000000
-1.000000 -1.000000
-1.000000 -1.000000
245.547287 494.531891
-1.000000 -1.000000
-1.000000 -1.000000
-1.000000 -1.000000
-1.000000 -1.000000
-1.000000 -1.000000
278.758453 510.502197
-1.000000 -1.000000
-1.000000 -1.000000
661.656738 477.529785
-1.000000 -1.000000
824.930359 93.228493
-1.000000 -1.000000
-1.000000 -1.000000
-1.000000 -1.000000
-1.000000 -1.000000
-1.000000 -1.000000
-1.000000 -1.000000
1074.454956 521.717651
-1.000000 -1.000000
627.753845 474.711273
-1.000000 -1.000000
-1.000000 -1.000000
-1.000000 -1.000000
-1.000000 -1.000000
-1.000000 -1.000000
433.892853 209.672409
243.235794 510.191437
639.445557 482.589539
-1.000000 -1.000000
-1.000000 -1.000000
631.961914 423.876801
-1.000000 -1.000000
-1.000000 -1.000000
503.279663 438.750702
-1.000000 -1.000000
1035.911133 211.795563
-1.000000 -1.000000
-1.000000 -1.000000
961.391724 234.123901
-1.000000 -1.000000
-1.000000 -1.000000
-1.000000 -1.000000
-1.000000 -1.000000
595.049683 477.032471
-1.000000 -1.000000
-1.000000 -1.000000
-1.000000 -1.000000
416.393341 193.380966
-1.000000 -1.000000
-1.000000 -1.000000
-1.000000 -1.000000
-1.000000 -1.000000
1119.061279 230.696609
-1.000000 -1.000000
-1.000000 -1.000000
-1.000000 -1.000000
1015.372253 252.321625
660.664001 455.146515
-1.000000 -1.000000
-1.000000 -1.000000
-1.000000 -1.000000
818.421021 136.799286
1022.143250 216.776398
617.734497 358.797668
-1.000000 -1.000000
721.849121 445.695953
-1.000000 -1.000000
-1.000000 -1.000000
-1.000000 -1.000000
1115.621094 201.120895
-1.000000 -1.000000
-1.000000 -1.000000
-1.000000 -1.000000
-1.000000 -1.000000
-1.000000 -1.000000
-1.000000 -1.000000
256.718658 527.284058
-1.000000 -1.000000
-1.000000 -1.000000
-1.000000 -1.000000
-1.000000 -1.000000
-1.000000 -1.000000
-1.000000 -1.000000
-1.000000 -1.000000
-1.000000 -1.000000
-1.000000 -1.000000
-1.000000 -1.000000
-1.000000 -1.000000
-1.000000 -1.000000
-1.000000 -1.000000
431.850861 226.051834
821.831787 109.724068
-1.000000 -1.000000
753.644836 496.542175
240.852997 525.601929
-1.000000 -1.000000
-1.000000 -1.000000
-1.000000 -1.000000
-1.000000 -1.000000
-1.000000 -1.000000
-1.000000 -1.000000
-1.000000 -1.000000
-1.000000 -1.000000
-1.000000 -1.000000
701.275696 481.681915
662.395508 168.137802
-1.000000 -1.000000
-1.000000 -1.000000
-1.000000 -1.000000
-1.000000 -1.000000
940.313538 249.180450
274.849304 524.978394
382.571350 196.109818
-1.000000 -1.000000
-1.000000 -1.000000
-1.000000 -1.000000
-1.000000 -1.000000
662.307373 355.218750
-1.000000 -1.000000
-1.000000 -1.000000
-1.000000 -1.000000
651.357544 492.929718
-1.000000 -1.000000
-1.000000 -1.000000
-1.000000 -1.000000
-1.000000 -1.000000
730.934326 451.070831
-1.000000 -1.000000
934.349854 231.486694
-1.000000 -1.000000
-1.000000 -1.000000
-1.000000 -1.000000
-1.000000 -1.000000
694.325378 398.015656
-1.000000 -1.000000
811.662720 440.317474
-1.000000 -1.000000
-1.000000 -1.000000
-1.000000 -1.000000
-1.000000 -1.000000
-1.000000 -1.000000
-1.000000 -1.000000
-1.000000 -1.000000
-1.000000 -1.000000
-1.000000 -1.000000
-1.000000 -1.000000
-1.000000 -1.000000
742.613647 156.271698
-1.000000 -1.000000
-1.000000 -1.000000
-1.000000 -1.000000
-1.000000 -1.000000
-1.000000 -1.000000
-1.000000 -1.000000
-1.000000 -1.000000
-1.000000 -1.000000
-1.000000 -1.000000
-1.000000 -1.000000
-1.000000 -1.000000
448.599121 208.925797
430.707947 194.043533
-1.000000 -1.000000
-1.000000 -1.000000
-1.000000 -1.000000
846.776489 423.318573
-1.000000 -1.000000
321.841003 408.086548
-1.000000 -1.000000
-1.000000 -1.000000
306.919891 406.939667
817.399048 181.340775
-1.000000 -1.000000
-1.000000 -1.000000
322.796844 393.204437
-1.000000 -1.000000
-1.000000 -1.000000
-1.000000 -1.000000
646.200562 167.596008
-1.000000 -1.000000
-1.000000 -1.000000
-1.000000 -1.000000
-1.000000 -1.000000
-1.000000 -1.000000
-1.000000 -1.000000
-1.000000 -1.000000
-1.000000 -1.000000
362.014496 402.467255
-1.000000 -1.000000
-1.000000 -1.000000
306.825592 421.707855
670.168091 492.328918
-1.000000 -1.000000
377.107239 402.403931
-1.000000 -1.000000
347.119965 403.357300
-1.000000 -1.000000
1033.436890 230.724060
481.805450 274.753662
354.071014 387.617493
-1.000000 -1.000000
431.971191 261.676910
323.730865 422.666992
-1.000000 -1.000000
369.115875 387.694702
-1.000000 -1.000000
-1.000000 -1.000000
580.561646 456.826935
-1.000000 -1.000000
479.839905 288.471130
-1.000000 -1.000000
-1.000000 -1.000000
-1.000000 -1.000000
282.514282 199.910614
-1.000000 -1.000000
446.513306 223.933777
362.102112 417.350372
478.764679 484.279633
811.139709 152.373215
-1.000000 -1.000000
-1.000000 -1.000000
770.325745 464.566711
-1.000000 -1.000000
-1.000000 -1.000000
-1.000000 -1.000000
-1.000000 -1.000000
-1.000000 -1.000000
-1.000000 -1.000000
743.539490 489.881104
-1.000000 -1.000000
-1.000000 -1.000000
-1.000000 -1.000000
347.225189 418.218048
-1.000000 -1.000000
-1.000000 -1.000000
-1.000000 -1.000000
377.143799 417.285889
-1.000000 -1.000000
-1.000000 -1.000000
-1.000000 -1.000000
724.066040 138.536911
-1.000000 -1.000000
626.613708 218.802216
-1.000000 -1.000000
-1.000000 -1.000000
-1.000000 -1.000000
-1.000000 -1.000000
-1.000000 -1.000000
-1.000000 -1.000000
611.954529 349.174469
-1.000000 -1.000000
-1.000000 -1.000000
-1.000000 -1.000000
-1.000000 -1.000000
-1.000000 -1.000000
269.727997 481.891418
-1.000000 -1.000000
-1.000000 -1.000000
-1.000000 -1.000000
1021.298401 232.158356
-1.000000 -1.000000
464.219635 220.967087
-1.000000 -1.000000
-1.000000 -1.000000
-1.000000 -1.000000
-1.000000 -1.000000
339.234375 388.409485
-1.000000 -1.000000
-1.000000 -1.000000
-1.000000 -1.000000
-1.000000 -1.000000
-1.000000 -1.000000
-1.000000 -1.000000
-1.000000 -1.000000
-1.000000 -1.000000
-1.000000 -1.000000
691.560547 356.404175
-1.000000 -1.000000
-1.000000 -1.000000
-1.000000 -1.000000
-1.000000 -1.000000
-1.000000 -1.000000
-1.000000 -1.000000
925.287537 486.266602
723.756287 153.479263
-1.000000 -1.000000
-1.000000 -1.000000
-1.000000 -1.000000
706.270874 138.964569
450.305573 237.569489
-1.000000 -1.000000
-1.000000 -1.000000
737.866821 170.838165
-1.000000 -1.000000
-1.000000 -1.000000
-1.000000 -1.000000
579.097534 471.945129
618.115845 660.550964
934.652283 514.999146
-1.000000 -1.000000
-1.000000 -1.000000
-1.000000 -1.000000
429.633942 278.762817
-1.000000 -1.000000
-1.000000 -1.000000
-1.000000 -1.000000
-1.000000 -1.000000
595.022156 360.687805
-1.000000 -1.000000
-1.000000 -1.000000
451.342316 297.581848
-1.000000 -1.000000
672.879150 183.958237
-1.000000 -1.000000
-1.000000 -1.000000
-1.000000 -1.000000
-1.000000 -1.000000
-1.000000 -1.000000
-1.000000 -1.000000
938.296570 376.779724
-1.000000 -1.000000
-1.000000 -1.000000
291.658386 408.109070
-1.000000 -1.000000
610.459534 301.849701
-1.000000 -1.000000
-1.000000 -1.000000
731.546631 461.782562
-1.000000 -1.000000
-1.000000 -1.000000
-1.000000 -1.000000
627.738342 349.919952
-1.000000 -1.000000
-1.000000 -1.000000
-1.000000 -1.000000
930.778931 393.244385
720.446716 168.545227
-1.000000 -1.000000
-1.000000 -1.000000
-1.000000 -1.000000
-1.000000 -1.000000
822.014893 226.356949
-1.000000 -1.000000
618.323364 647.512085
-1.000000 -1.000000
-1.000000 -1.000000
-1.000000 -1.000000
914.905823 393.353394
-1.000000 -1.000000
-1.000000 -1.000000
301.177521 479.054749
-1.000000 -1.000000
-1.000000 -1.000000
-1.000000 -1.000000
-1.000000 -1.000000
922.893066 377.768372
-1.000000 -1.000000
-1.000000 -1.000000
-1.000000 -1.000000
-1.000000 -1.000000
-1.000000 -1.000000
-1.000000 -1.000000
850.859192 255.309525
578.413757 442.459534
-1.000000 -1.000000
-1.000000 -1.000000
647.712341 238.901123
-1.000000 -1.000000
724.098206 422.037231
-1.000000 -1.000000
616.225830 316.347198
445.600922 195.192169
-1.000000 -1.000000
441.873199 298.042755
-1.000000 -1.000000
-1.000000 -1.000000
-1.000000 -1.000000
-1.000000 -1.000000
-1.000000 -1.000000
-1.000000 -1.000000
-1.000000 -1.000000
928.149536 412.575562
-1.000000 -1.000000
-1.000000 -1.000000
-1.000000 -1.000000
-1.000000 -1.000000
-1.000000 -1.000000
-1.000000 -1.000000
1098.510254 265.596588
-1.000000 -1.000000
908.888916 411.284851
-1.000000 -1.000000
-1.000000 -1.000000
954.158569 249.964035
767.739380 180.310898
-1.000000 -1.000000
-1.000000 -1.000000
-1.000000 -1.000000
-1.000000 -1.000000
625.901306 658.885254
-1.000000 -1.000000
-1.000000 -1.000000
-1.000000 -1.000000
593.259949 349.262054
496.757446 264.391144
-1.000000 -1.000000
-1.000000 -1.000000
-1.000000 -1.000000
-1.000000 -1.000000
-1.000000 -1.000000
-1.000000 -1.000000
-1.000000 -1.000000
466.312988 265.400909
-1.000000 -1.000000
1038.927124 233.241135
-1.000000 -1.000000
-1.000000 -1.000000
-1.000000 -1.000000
-1.000000 -1.000000
-1.000000 -1.000000
-1.000000 -1.000000
-1.000000 -1.000000
492.339233 488.253021
-1.000000 -1.000000
-1.000000 -1.000000
907.791260 377.940735
-1.000000 -1.000000
-1.000000 -1.000000
-1.000000 -1.000000
592.645264 328.513397
736.501526 404.923126
-1.000000 -1.000000
-1.000000 -1.000000
-1.000000 -1.000000
-1.000000 -1.000000
617.776550 671.999695
411.037354 161.263016
-1.000000 -1.000000
-1.000000 -1.000000
427.056549 293.549866
-1.000000 -1.000000
-1.000000 -1.000000
707.035828 152.855942
-1.000000 -1.000000
-1.000000 -1.000000
-1.000000 -1.000000
768.430664 409.674133
-1.000000 -1.000000
-1.000000 -1.000000
-1.000000 -1.000000
-1.000000 -1.000000
-1.000000 -1.000000
-1.000000 -1.000000
-1.000000 -1.000000
-1.000000 -1.000000
-1.000000 -1.000000
-1.000000 -1.000000
634.678345 154.140396
-1.000000 -1.000000
770.031494 423.468994
-1.000000 -1.000000
-1.000000 -1.000000
-1.000000 -1.000000
-1.000000 -1.000000
-1.000000 -1.000000
-1.000000 -1.000000
-1.000000 -1.000000
863.598145 404.160431
-1.000000 -1.000000
-1.000000 -1.000000
-1.000000 -1.000000
-1.000000 -1.000000
-1.000000 -1.000000
-1.000000 -1.000000
-1.000000 -1.000000
625.644470 645.977417
-1.000000 -1.000000
-1.000000 -1.000000
-1.000000 -1.000000
-1.000000 -1.000000
-1.000000 -1.000000
1027.439453 246.092346
1083.367798 268.127441
-1.000000 -1.000000
291.561981 422.885620
-1.000000 -1.000000
-1.000000 -1.000000
-1.000000 -1.000000
484.737762 261.962280
-1.000000 -1.000000
-1.000000 -1.000000
-1.000000 -1.000000
464.355652 475.004272
899.594055 393.266327
234.157974 492.399536
-1.000000 -1.000000
-1.000000 -1.000000
-1.000000 -1.000000
-1.000000 -1.000000
-1.000000 -1.000000
-1.000000 -1.000000
183.360275 405.232635
-1.000000 -1.000000
-1.000000 -1.000000
-1.000000 -1.000000
-1.000000 -1.000000
503.658600 490.647491
-1.000000 -1.000000
-1.000000 -1.000000
-1.000000 -1.000000
-1.000000 -1.000000
-1.000000 -1.000000
405.015991 226.143463
-1.000000 -1.000000
-1.000000 -1.000000
-1.000000 -1.000000
-1.000000 -1.000000
-1.000000 -1.000000
-1.000000 -1.000000
-1.000000 -1.000000
-1.000000 -1.000000
-1.000000 -1.000000
-1.000000 -1.000000
-1.000000 -1.000000
-1.000000 -1.000000
-1.000000 -1.000000
-1.000000 -1.000000
417.176483 174.335098
-1.000000 -1.000000
228.839935 487.273865
404.507721 243.511017
-1.000000 -1.000000
815.286987 200.390289
-1.000000 -1.000000
-1.000000 -1.000000
461.274536 264.265167
-1.000000 -1.000000
-1.000000 -1.000000
-1.000000 -1.000000
630.656128 95.074516
499.851227 236.966064
833.885193 135.380356
562.141235 250.906281
408.447662 141.017807
-1.000000 -1.000000
-1.000000 -1.000000
-1.000000 -1.000000
-1.000000 -1.000000
-1.000000 -1.000000
608.981750 659.879150
-1.000000 -1.000000
-1.000000 -1.000000
324.884674 249.104691
423.104980 162.740585
-1.000000 -1.000000
-1.000000 -1.000000
204.930328 467.613403
-1.000000 -1.000000
-1.000000 -1.000000
-1.000000 -1.000000
-1.000000 -1.000000
-1.000000 -1.000000
-1.000000 -1.000000
-1.000000 -1.000000
-1.000000 -1.000000
-1.000000 -1.000000
-1.000000 -1.000000
608.316711 671.919128
-1.000000 -1.000000
-1.000000 -1.000000
-1.000000 -1.000000
1115.286621 245.168991
623.939270 490.500183
-1.000000 -1.000000
-1.000000 -1.000000
826.646484 166.769211
-1.000000 -1.000000
-1.000000 -1.000000
-1.000000 -1.000000
403.785675 211.139725
-1.000000 -1.000000
1026.366089 244.018112
-1.000000 -1.000000
-1.000000 -1.000000
459.766693 281.041656
-1.000000 -1.000000
591.550171 293.755157
-1.000000 -1.000000
-1.000000 -1.000000
-1.000000 -1.000000
-1.000000 -1.000000
739.599792 442.520569
-1.000000 -1.000000
-1.000000 -1.000000
-1.000000 -1.000000
-1.000000 -1.000000
-1.000000 -1.000000
464.398041 249.429214
576.126343 40.257221
-1.000000 -1.000000
-1.000000 -1.000000
626.173767 671.247986
473.051331 259.989014
-1.000000 -1.000000
579.327698 346.292236
-1.000000 -1.000000
467.805725 488.488983
-1.000000 -1.000000
-1.000000 -1.000000
-1.000000 -1.000000
-1.000000 -1.000000
-1.000000 -1.000000
-1.000000 -1.000000
-1.000000 -1.000000
603.172302 656.537231
-1.000000 -1.000000
-1.000000 -1.000000
-1.000000 -1.000000
-1.000000 -1.000000
-1.000000 -1.000000
-1.000000 -1.000000
-1.000000 -1.000000
-1.000000 -1.000000
-1.000000 -1.000000
-1.000000 -1.000000
-1.000000 -1.000000
-1.000000 -1.000000
757.566650 416.928223
773.064636 418.492584
-1.000000 -1.000000
-1.000000 -1.000000
602.753601 670.593506
-1.000000 -1.000000
-1.000000 -1.000000
-1.000000 -1.000000
-1.000000 -1.000000
832.455444 181.425995
609.584656 646.852234
-1.000000 -1.000000
828.261353 263.125641
-1.000000 -1.000000
277.711151 187.665115
418.803894 126.269882
-1.000000 -1.000000
-1.000000 -1.000000
-1.000000 -1.000000
603.696350 490.978668
-1.000000 -1.000000
575.682739 359.295807
477.596313 499.992798
-1.000000 -1.000000
-1.000000 -1.000000
-1.000000 -1.000000
-1.000000 -1.000000
881.247620 405.799835
-1.000000 -1.000000
-1.000000 -1.000000
1004.909973 244.002563
-1.000000 -1.000000
172.655487 479.219238
-1.000000 -1.000000
-1.000000 -1.000000
-1.000000 -1.000000
-1.000000 -1.000000
652.433228 505.079010
-1.000000 -1.000000
580.574219 486.635437
-1.000000 -1.000000
-1.000000 -1.000000
-1.000000 -1.000000
-1.000000 -1.000000
-1.000000 -1.000000
431.833557 174.681396
408.113525 213.393356
-1.000000 -1.000000
675.737854 505.880371
-1.000000 -1.000000
-1.000000 -1.000000
743.204956 472.596222
-1.000000 -1.000000
-1.000000 -1.000000
-1.000000 -1.000000
-1.000000 -1.000000
-1.000000 -1.000000
-1.000000 -1.000000
194.251129 467.083618
-1.000000 -1.000000
-1.000000 -1.000000
422.155731 141.991135
-1.000000 -1.000000
-1.000000 -1.000000
-1.000000 -1.000000
-1.000000 -1.000000
409.229614 228.594940
-1.000000 -1.000000
-1.000000 -1.000000
584.782166 366.965515
-1.000000 -1.000000
-1.000000 -1.000000
-1.000000 -1.000000
-1.000000 -1.000000
-1.000000 -1.000000
836.875732 107.660553
-1.000000 -1.000000
-1.000000 -1.000000
-1.000000 -1.000000
-1.000000 -1.000000
580.191406 304.036957
634.099426 137.581741
-1.000000 -1.000000
-1.000000 -1.000000
-1.000000 -1.000000
603.175659 643.093872
-1.000000 -1.000000
-1.000000 -1.000000
-1.000000 -1.000000
-1.000000 -1.000000
-1.000000 -1.000000
839.846069 92.838516
512.055115 473.606415
492.144043 502.982605
-1.000000 -1.000000
-1.000000 -1.000000
-1.000000 -1.000000
-1.000000 -1.000000
-1.000000 -1.000000
1040.166138 226.386139
637.404663 662.951599
-1.000000 -1.000000
-1.000000 -1.000000
-1.000000 -1.000000
-1.000000 -1.000000
823.880432 218.140625
-1.000000 -1.000000
-1.000000 -1.000000
-1.000000 -1.000000
-1.000000 -1.000000
1072.222046 270.795441
-1.000000 -1.000000
-1.000000 -1.000000
-1.000000 -1.000000
-1.000000 -1.000000
-1.000000 -1.000000
-1.000000 -1.000000
-1.000000 -1.000000
947.488708 363.809509
-1.000000 -1.000000
-1.000000 -1.000000
-1.000000 -1.000000
-1.000000 -1.000000
505.801941 504.865479
-1.000000 -1.000000
-1.000000 -1.000000
-1.000000 -1.000000
-1.000000 -1.000000
-1.000000 -1.000000
-1.000000 -1.000000
323.477112 379.694672
437.685211 162.660461
-1.000000 -1.000000
-1.000000 -1.000000
-1.000000 -1.000000
-1.000000 -1.000000
-1.000000 -1.000000
-1.000000 -1.000000
-1.000000 -1.000000
-1.000000 -1.000000
-1.000000 -1.000000
775.999939 411.369812
-1.000000 -1.000000
-1.000000 -1.000000
-1.000000 -1.000000
616.538269 675.932129
-1.000000 -1.000000
560.730469 476.625916
-1.000000 -1.000000
-1.000000 -1.000000
