-1.000000 -1.000000
-1.000000 -1.000000
148.816757 206.130890
-1.000000 -1.000000
-1.000000 -1.000000
147.859741 191.176849
-1.000000 -1.000000
1227.998779 40.431435
-1.000000 -1.000000
-1.000000 -1.000000
-1.000000 -1.000000
94.857674 40.174549
163.778595 209.236938
-1.000000 -1.000000
1028.604370 172.117386
217.820587 204.528610
133.811478 206.084549
-1.000000 -1.000000
1212.966309 40.816620
139.966293 176.142532
232.873413 207.542236
163.832474 194.273331
1043.642578 176.155090
1013.546570 170.014130
221.976746 189.521317
132.888382 191.132416
-1.000000 -1.000000
-1.000000 -1.000000
-1.000000 -1.000000
-1.000000 -1.000000
-1.000000 -1.000000
516.751648 41.017120
-1.000000 -1.000000
501.748322 41.017006
236.957291 192.546371
247.826202 210.500198
-1.000000 -1.000000
-1.000000 -1.000000
-1.000000 -1.000000
775.991699 159.555008
-1.000000 -1.000000
1227.009155 104.466255
486.780365 40.173927
-1.000000 -1.000000
237.068054 177.571564
-1.000000 -1.000000
-1.000000 -1.000000
773.893738 174.522934
1028.535889 187.097672
-1.000000 -1.000000
1230.312988 78.417122
-1.000000 -1.000000
1036.007690 105.524864
760.969910 159.547684
1013.408569 185.018890
758.886414 174.530106
260.772430 225.591370
1021.012756 104.423584
162.862305 179.269104
245.775818 225.563126
1043.505005 191.136002
803.702087 208.884140
242.676926 240.609634
262.790405 210.587555
258.686462 240.610291
118.815300 207.984024
818.685303 209.064697
124.988045 176.048599
1021.600891 40.918789
1058.811523 174.217972
222.200546 174.548279
531.724731 40.974102
1036.194824 90.365578
1233.918335 145.898880
833.694824 209.108612
737.935486 98.055756
148.759109 220.894806
1021.053650 89.330704
146.719391 235.888565
139.136246 161.127533
751.847961 189.553375
767.826599 189.501251
133.762177 220.905197
131.745529 235.916824
1233.901978 127.857101
998.398254 165.762695
745.968384 159.571396
1051.000732 107.545837
230.840683 222.637436
529.822693 56.313316
237.170319 162.556519
-1.000000 -1.000000
1036.352539 75.181404
743.894653 174.562836
805.679688 193.801743
820.679077 194.041107
752.867249 97.135551
116.819336 229.977173
1215.150513 89.403900
835.700684 194.103851
-1.000000 -1.000000
-1.000000 -1.000000
227.740631 237.667770
527.901001 71.295441
161.665405 235.841019
-1.000000 -1.000000
736.830139 196.601593
1229.964600 160.912033
839.670410 224.225311
1235.483154 63.339058
1006.014038 98.338570
206.967499 189.522690
1021.218079 74.269859
277.685547 211.761551
1051.440552 70.097206
788.116821 391.835236
1215.383545 74.282188
737.906250 83.038284
787.168640 376.847351
1051.361206 89.203758
-1.000000 -1.000000
1212.005493 104.316444
719.540894 375.449585
691.389221 316.323090
1005.947449 83.351944
418.992645 221.685211
661.440125 465.057526
292.771912 217.409119
79.411766 53.007057
210.848541 219.508972
786.862915 406.803040
275.675171 226.716965
693.189209 301.283661
514.800659 56.143757
418.316681 429.984589
512.875671 71.130013
1060.857788 149.295044
676.435852 471.038300
1058.637451 189.211349
1218.732056 144.968338
1043.744995 161.451508
1209.667114 129.934784
695.006287 286.193695
251.883118 195.406647
420.006927 206.601227
433.942657 222.688904
292.638367 202.213318
1060.869873 134.321686
291.171539 232.904938
-1.000000 -1.000000
767.643494 204.546967
233.550629 340.802612
998.264587 180.902069
752.835632 82.113373
222.526886 159.514847
772.603638 371.874573
773.668762 391.896545
1198.405396 144.989090
824.633545 224.094009
1044.921021 128.119064
657.462280 449.985321
403.349243 426.832397
1198.339233 159.963684
435.022369 207.682571
718.548889 390.451233
1028.306030 202.092636
1013.263977 200.008560
109.911819 40.984776
233.775284 355.845673
218.670959 346.683746
676.467590 456.091553
1045.810669 146.305176
388.395050 427.704803
703.476868 379.357483
641.880798 183.768814
-1.000000 -1.000000
661.447449 479.990906
250.059570 339.050385
1194.493774 129.986359
1214.630615 160.021133
315.900116 229.622101
418.951080 236.745300
124.184013 161.029022
782.473999 421.763062
582.091675 183.401642
706.293457 316.319733
597.516785 450.467346
801.780212 406.814880
803.043701 391.813202
752.631470 204.642776
421.368011 445.015961
315.724335 214.670715
772.595459 406.871155
1029.938354 120.869621
1036.512573 60.144791
117.879204 193.036743
576.772583 211.435699
435.092804 192.662018
1028.719116 150.322403
1073.712769 172.297394
440.187805 431.041321
802.089661 376.817993
582.517395 444.212341
708.113464 301.277863
591.963806 199.456360
394.428619 442.797699
337.894623 445.990143
678.461853 485.993164
455.138794 431.083191
656.921326 185.898163
264.847992 337.167389
641.810181 198.809464
1065.774170 108.921616
602.164795 183.526962
508.552826 86.268723
218.794083 361.654663
420.112091 191.628143
691.500977 471.138702
-1.000000 -1.000000
500.316040 180.965088
612.547913 442.574402
206.969238 174.517532
723.336121 108.052750
684.424927 331.445129
116.963242 244.974243
1234.155151 175.930817
691.512451 456.147736
643.597168 213.942978
835.553772 100.598495
582.466370 459.187592
606.815613 209.434830
567.678284 450.139526
440.277161 446.082031
287.334778 350.205078
591.893677 214.463669
492.105164 217.937012
251.983505 180.497116
1047.346191 206.173141
248.445618 354.026306
597.477417 465.443909
525.516602 86.376686
331.020630 233.483795
619.654663 188.619415
828.994324 179.087234
405.082520 206.535706
703.428284 394.363251
627.487000 449.723755
277.824310 197.064743
806.973999 178.854630
709.938660 286.231628
485.407196 180.896057
820.503296 100.621696
612.536499 457.629303
567.075439 196.356888
471.114594 217.832397
455.239777 446.113831
260.529449 255.947418
491.243591 202.934418
433.908478 237.712067
606.798889 224.481583
649.869995 164.692200
476.916046 433.219025
672.021851 187.876251
782.836121 189.550644
767.825012 100.020088
797.237427 421.839020
465.221802 202.848373
629.996643 165.596024
507.596924 446.746765
330.980957 218.492783
561.809692 211.455032
497.863068 71.148117
1075.823975 135.392365
1005.924500 113.278847
788.615601 206.620422
688.344788 380.332886
623.547058 213.753143
567.224915 181.281479
287.251617 335.192749
658.692139 203.057297
379.500153 442.681122
233.955154 370.831146
499.799774 56.166645
519.330811 176.913116
265.474457 352.166504
649.556702 231.880966
324.568329 199.554245
596.350525 480.469757
576.704468 226.498856
1075.787476 152.339264
581.349548 475.226776
537.755676 425.904236
642.402222 446.816559
203.572601 345.511902
565.742615 435.219208
540.791443 448.966980
602.322144 164.391754
630.231750 150.673065
625.593018 228.769287
340.677765 460.970825
288.261627 365.233429
203.542679 360.429932
743.379456 373.643188
441.762939 278.353546
583.340454 164.242294
693.442261 486.153687
273.390015 367.261078
850.629883 100.548080
444.217773 465.028107
598.378601 145.485779
552.075500 181.153488
1183.375366 144.782623
218.449341 331.700928
836.567322 85.462578
688.252380 395.301208
565.244263 162.246826
699.547913 331.504303
662.479065 257.652069
506.537689 429.658844
664.522156 218.045883
1218.893066 175.939636
646.439148 247.714386
551.824585 196.297043
673.769470 203.028397
768.517578 424.776276
470.337769 179.986099
664.440125 232.881180
404.215576 221.518890
500.750885 234.167633
252.117371 165.585220
730.909729 158.380035
628.514160 413.671143
1021.417114 59.218029
503.546875 157.043701
525.790894 448.887390
477.016327 448.232300
322.894867 446.919067
646.371338 464.894501
583.503113 136.503967
613.516541 427.462982
1183.270386 159.715973
552.816528 417.023865
208.667343 234.393143
655.959534 149.760849
821.533081 85.498337
834.693237 70.444405
613.533020 412.672302
521.809326 420.854614
521.360840 156.037689
679.016541 165.670273
550.248779 162.048386
633.422791 394.830261
506.016144 196.098358
565.541992 465.116730
591.705322 229.464371
532.863525 401.932495
627.406555 464.725311
386.449707 412.726501
485.882385 235.004044
405.132568 191.606201
422.166168 466.882568
631.449219 428.586060
549.412048 141.362137
598.480042 126.455971
418.896179 251.816483
677.118591 149.710312
401.412170 411.890808
493.648224 86.373634
297.149475 320.317993
758.400146 386.784332
551.685242 381.331818
492.507324 444.468842
479.691315 144.031616
613.422363 144.502762
666.489380 276.885529
558.602722 226.579636
471.795685 285.659332
455.226654 187.726379
506.617035 142.102295
274.985077 242.008530
619.490112 479.688141
506.973022 211.074783
549.789368 402.035706
718.507996 405.458679
461.892883 416.255463
478.652527 158.884918
64.793205 67.577126
728.810181 181.653137
470.663635 400.393158
471.014130 232.838318
809.665771 223.896912
647.487976 262.648285
537.116272 177.020584
521.067871 192.077911
564.353516 136.540680
491.520386 429.475342
515.492737 235.288193
721.407104 320.292450
756.457031 403.773956
244.387665 255.645035
506.549072 461.707550
643.502686 411.843689
684.749817 415.060944
534.292847 141.390503
302.075165 349.349670
616.543030 102.554916
373.562042 427.559235
564.667175 402.125763
655.593384 335.157928
456.692841 281.567627
680.396606 500.947479
742.481445 388.637817
564.407959 480.081543
346.053070 234.312286
738.053589 113.220306
679.540039 218.055420
493.647247 398.510010
450.071686 202.634613
630.542114 379.868561
470.658295 129.081360
620.561951 243.555069
571.594116 119.571312
1179.303223 129.534958
522.011292 207.157501
531.548950 231.214630
227.495926 252.664337
476.722870 418.342804
691.359009 125.720177
587.648560 104.516945
536.803772 207.234726
737.628174 68.002083
447.047882 416.319641
258.545532 369.136017
767.689514 356.797089
463.148315 463.086975
725.148315 130.944351
618.552368 126.549576
279.089996 382.324677
598.532959 409.485657
133.893539 250.869598
536.773193 378.260101
566.274231 369.447723
597.489624 435.321228
663.521362 494.882294
706.318848 129.639648
455.909760 125.988464
728.538940 360.592682
743.134460 322.500153
297.004517 305.457489
692.199585 144.741699
637.353760 479.771332
407.231171 466.835175
736.461060 337.651123
555.741699 103.570442
365.452057 594.133362
282.095734 320.077026
536.849304 192.211548
679.003113 533.922607
566.405212 384.354553
600.276733 394.649109
649.389526 277.766510
615.378723 381.767303
342.371979 476.048737
704.482056 364.609375
478.023315 463.279236
426.686432 277.239471
334.997406 431.029327
497.774231 101.221962
649.711121 355.977020
703.786011 227.026306
391.301270 457.786377
676.571960 121.790184
723.238525 93.147820
325.756592 461.922791
1073.707397 187.282333
456.014984 226.766861
470.686707 300.677032
620.496521 258.642273
339.920105 203.257919
645.703369 370.948761
851.598877 85.404709
752.997070 112.380203
452.844421 400.386841
691.401184 110.775688
528.311035 257.479675
551.462402 366.476105
346.059937 219.305649
552.658386 118.539368
618.211243 396.720215
770.828064 335.672913
429.258484 415.217194
460.081207 108.038956
631.516907 101.610474
537.475281 126.618347
738.543274 405.620514
484.646179 383.584381
706.472778 471.214203
657.382935 434.959534
486.694183 294.802704
699.800110 422.172485
497.700409 123.315819
708.385742 488.288269
484.787476 249.957169
676.525940 106.902443
567.721436 417.168121
767.759216 84.978241
464.607422 144.065582
512.705261 101.289116
474.951202 108.109421
679.435120 232.901688
723.131958 304.351746
307.956024 450.041260
513.314026 253.223221
707.314941 144.694214
708.375061 106.842751
363.617004 443.466797
298.924988 290.414276
787.271057 361.869751
-1.000000 -1.000000
570.714111 103.568604
659.268616 134.791397
746.385986 358.702850
508.833649 403.640381
704.789856 212.290939
525.596741 473.795837
634.381409 277.764099
479.782349 88.226318
655.392151 319.991150
819.724182 70.488121
770.839722 320.783569
744.964966 306.475494
633.466553 135.796265
384.327576 472.784790
364.630066 458.447876
1234.454590 202.197937
672.381165 440.976868
491.695862 413.473297
423.203461 176.689102
630.547668 364.814117
433.781006 252.604675
481.745514 270.746216
507.628876 476.692810
615.333923 366.657410
469.635040 385.541718
441.861206 293.283600
499.767670 373.899567
648.544495 394.014984
311.797211 314.424988
350.479279 595.001404
469.713593 315.661072
536.518616 111.589020
569.034790 354.502472
681.838196 548.998962
656.568054 119.918251
540.630310 463.969940
266.664215 322.004944
657.415710 304.974152
541.464661 478.943024
302.994690 364.394989
513.371033 271.067017
582.617676 426.256226
755.398438 339.627502
536.438171 358.298340
556.357178 256.484955
1062.550659 204.263687
404.251617 236.631775
704.122681 166.831100
262.326355 384.174377
771.473450 305.764343
454.786316 322.507172
281.918671 305.309723
617.474121 494.604797
672.714233 307.134064
708.053162 185.357574
94.428139 53.187286
313.715057 291.457581
472.680023 359.632507
646.582153 103.785141
294.039917 380.333862
702.703857 241.871353
648.552307 494.785248
528.288757 272.217529
581.039978 369.488831
485.576996 309.812653
1013.647278 155.491333
464.998596 90.042961
148.676804 250.880432
454.739502 383.446960
344.159760 490.941559
203.354141 330.731537
420.198395 400.244629
719.827026 214.350571
1014.917664 128.595078
721.671021 345.551697
408.186127 176.691071
557.377441 241.517075
316.846741 349.439880
661.563538 104.858780
484.541534 324.831787
740.049194 128.011719
449.697937 141.046204
218.661438 376.577606
600.381348 495.500397
677.181824 247.893051
718.945312 229.050934
316.067291 244.480011
101.801086 225.091278
463.524139 158.873291
514.867798 373.974670
614.291809 351.699982
706.570435 456.230530
512.711914 124.386650
488.568787 358.651459
440.688995 125.946449
508.877869 388.815308
602.649292 244.328232
202.742111 375.020905
441.992950 479.971436
569.158813 339.600494
633.531311 120.646408
752.595764 67.068100
319.997314 432.026825
581.247437 490.347351
841.803406 245.337936
366.186188 636.621033
212.391830 249.618561
575.601624 241.315948
669.527588 415.865906
677.552002 292.097656
350.485352 580.052734
1005.955444 68.447891
717.883667 243.986084
547.111267 332.283020
634.507751 349.985352
543.242981 273.203339
364.543945 473.555542
520.706116 359.025055
688.647827 203.244629
596.219360 379.588440
399.269440 481.882935
365.435547 579.227356
530.127380 343.350037
445.042999 107.978378
311.885498 329.400757
830.466858 115.813210
617.337830 335.874298
380.354889 598.190491
687.538879 438.134613
371.523804 412.576721
633.303894 494.594177
573.550781 256.419281
722.397156 427.533569
579.389221 399.366577
487.466461 343.713196
247.371857 395.080719
554.040222 351.375610
619.402466 275.673065
483.035919 71.195122
503.617645 354.015503
849.697021 70.415085
498.523956 268.080780
427.352386 141.001999
358.739349 428.345032
328.366791 286.521515
724.951111 289.332886
562.154114 324.380493
283.942535 290.317230
640.385620 334.956451
421.982880 481.810730
457.778412 359.450287
581.201660 384.438446
805.449951 100.749290
447.464294 163.655533
706.594299 347.551880
427.222900 161.833191
700.331665 503.297943
733.886414 239.893661
532.091675 328.248444
405.229614 397.144684
665.328674 509.746887
584.067017 350.468964
351.228027 659.208984
437.972900 400.351074
1081.645508 40.659916
845.507935 115.786125
700.888794 256.705841
310.810242 465.065125
602.406372 259.582428
381.181366 628.718872
1066.459229 75.216293
469.936066 252.866135
317.713318 364.377777
346.689697 512.774963
785.404663 346.755951
202.754471 204.512192
266.482758 307.369629
734.865173 225.190567
318.468323 482.725098
829.424377 130.830383
469.031097 478.167847
843.795410 179.159866
577.178833 324.582123
103.776550 209.949997
660.721252 371.032349
599.098938 351.743011
526.524353 488.587555
664.656799 356.254486
513.402771 300.083801
693.972534 534.231812
558.318115 274.146118
701.842285 563.333252
604.240601 275.695770
492.481750 476.441315
390.303589 396.980865
515.149902 334.180969
588.796143 89.608398
686.846863 181.048447
442.941772 362.270355
63.978317 83.049316
472.778717 344.685669
346.662933 678.939148
688.343994 365.646576
634.204834 304.784241
1006.521912 40.952419
351.160583 639.267029
154.718811 164.211136
513.157776 315.074554
826.787415 245.908005
811.972290 421.714386
672.879761 400.036041
350.971680 260.014099
753.681335 418.723206
439.949066 322.301086
573.372620 274.326172
1066.481934 90.393173
450.137726 92.917061
77.799011 118.597580
541.427002 88.432976
232.310837 392.699402
622.043884 320.757690
691.448242 96.041573
360.791351 227.280975
335.542419 579.790649
640.009338 319.888763
815.367371 115.851082
313.632721 276.717438
528.224854 299.165619
556.822632 88.497437
420.112427 385.042328
331.547607 678.780029
342.887085 276.781189
241.058487 448.403625
751.811218 291.566956
785.517395 331.706268
439.993591 377.267914
305.069397 435.073334
723.153625 78.137016
455.844666 338.511566
366.097229 651.640808
738.502014 430.613403
187.541138 346.851562
680.778015 563.918335
456.730194 493.066132
546.985474 317.215698
589.447876 276.564636
619.114197 304.721924
786.258301 316.820984
345.906616 565.075439
328.266327 271.931458
-1.000000 -1.000000
592.236389 335.681366
681.312744 262.796448
360.875519 242.175629
498.598724 491.440277
79.974182 67.996544
427.881470 362.148407
335.469757 594.589050
328.418304 301.460754
438.837524 494.707184
483.782776 491.338013
749.863831 228.209442
187.564697 361.775299
348.534637 527.788940
-1.000000 -1.000000
343.052673 291.676239
326.703796 318.511688
806.536194 85.681877
348.432190 550.330261
746.021423 144.165787
791.691345 174.558990
600.134460 510.504730
770.506226 290.672668
666.806519 548.850830
752.903137 243.120544
715.249756 503.270660
1080.723145 120.298866
542.299500 493.914368
454.907745 241.704208
366.249451 621.564819
262.313507 399.232147
562.253235 495.170807
603.746399 87.646774
571.818909 88.530624
186.514038 376.635498
664.174805 526.546936
331.458618 257.073730
426.765564 292.115814
429.869934 106.953064
426.946991 307.072113
702.663513 437.229370
389.255310 215.470612
366.327332 666.615540
638.297791 509.382355
997.707275 195.968781
755.028503 127.290283
439.965881 347.288788
40.529099 576.313843
836.209717 164.091965
583.204834 505.517975
607.104980 319.733643
308.645935 379.503845
1220.554565 59.050682
268.449646 290.505280
384.110565 487.745972
675.541931 578.933472
79.888542 98.663513
298.797577 275.611786
365.874268 260.167053
616.378174 509.480408
676.425415 92.005981
381.070587 643.736328
848.592163 209.179062
450.208130 77.969734
732.930969 254.983856
412.065948 161.802216
276.905029 397.430939
357.816833 274.998047
715.935791 258.891327
243.947205 463.480927
354.755707 204.415726
269.513855 450.208740
411.963318 144.941483
424.869141 322.186981
786.104858 301.884918
282.296326 591.450256
454.942261 256.756744
-1.000000 -1.000000
753.399170 433.734283
232.717270 326.214050
730.289917 503.557678
844.551147 130.786758
92.758423 115.512108
435.015594 91.870720
761.008545 144.318726
305.173035 420.129852
273.176361 41.212097
557.329529 294.299774
176.395096 233.964493
308.531860 199.417587
320.200439 416.995972
40.113743 593.038391
366.154236 488.473633
102.014320 240.069717
696.536987 578.086182
592.097778 315.648438
278.038300 465.391937
217.255234 391.451050
424.865662 347.154205
330.923401 564.718994
821.152466 163.997513
708.913269 547.438721
575.194153 309.514557
631.456299 86.730545
73.740997 133.461563
384.688904 230.313721
723.530396 488.533417
-1.000000 -1.000000
721.812561 472.437164
771.439697 275.679474
411.993011 496.599030
413.149170 369.961853
286.705109 576.373108
88.670685 198.518692
711.398376 578.521118
761.054443 258.499237
331.751160 349.498413
708.971069 532.482605
351.256927 624.215027
80.050262 83.774254
411.919220 282.201447
489.624054 506.356873
771.883972 241.172440
238.218994 433.261963
661.541443 89.880226
293.784058 395.534821
680.079712 516.128967
187.647797 331.878693
600.073853 300.690521
484.830444 56.229752
286.627106 539.863892
729.038818 518.629272
357.961151 289.912201
336.335175 655.086487
680.176086 346.705383
776.014221 144.187592
665.570435 563.793274
425.463593 125.969101
-1.000000 -1.000000
263.357208 465.193481
-1.000000 -1.000000
453.575562 507.883850
251.538116 322.294495
40.349258 285.977814
646.532959 88.817352
776.374268 259.684235
1066.533081 60.317165
583.110229 520.472168
814.313171 130.832581
708.282715 92.097694
754.837585 276.647675
272.026245 574.510010
799.854919 346.800140
573.295166 289.461853
693.214600 593.676086
736.815063 470.538055
326.695251 333.534760
267.462158 592.433838
437.873383 509.673645
343.187683 306.705750
1203.297974 174.934921
395.367065 381.754852
1077.865845 206.230743
284.035706 450.506897
270.033020 539.552612
374.529480 212.604309
331.689575 513.388000
716.620239 563.815369
-1.000000 -1.000000
283.677094 554.651123
76.495079 148.404007
225.707474 447.961517
544.249207 73.386833
404.170776 251.889511
247.162155 478.669250
323.518524 379.148956
277.854523 480.458801
802.106018 361.646820
738.814880 485.523315
712.158813 594.846069
-1.000000 -1.000000
747.547363 503.562073
259.488770 554.088562
580.364502 570.999573
390.119812 200.649872
333.482300 528.475830
816.300049 407.076996
293.828430 248.367752
300.821381 539.028687
721.981018 457.441589
507.351257 506.505310
297.041138 593.535706
991.669250 41.007549
336.400421 637.262207
393.014526 176.858414
356.683380 413.355286
94.876961 97.616356
295.811554 465.810547
380.296021 583.263245
781.773132 226.613129
-1.000000 -1.000000
372.800842 282.141052
639.219910 524.100586
320.533356 579.372681
786.171204 276.658447
1125.646973 349.415497
303.542206 480.813599
375.364044 397.801208
303.658905 557.753723
148.973145 444.755157
256.940643 572.933289
747.359863 521.682068
-1.000000 -1.000000
563.337585 569.885925
979.468445 278.063995
786.869568 241.445801
270.819977 429.404236
811.887512 246.522842
691.337402 81.077576
1110.355957 348.500092
313.536377 261.938263
464.892029 75.206306
-1.000000 -1.000000
163.262222 250.862625
731.507263 564.228210
556.110962 510.111877
600.108826 525.295898
228.663467 463.094208
88.531380 133.143494
678.312073 594.384766
650.401062 572.672668
389.620789 245.417572
799.894958 331.918579
316.234039 678.827576
362.641907 564.342407
635.348877 573.562561
1234.053223 217.230392
411.829346 297.065430
-1.000000 -1.000000
-1.000000 -1.000000
-1.000000 -1.000000
133.881226 444.316010
-1.000000 -1.000000
526.064636 503.651459
-1.000000 -1.000000
277.285767 256.497192
435.083160 76.958344
79.287376 163.106506
95.060204 82.738548
746.093811 536.991882
641.667725 541.414490
979.460876 293.076416
545.625732 567.759827
240.093597 412.917297
333.423828 544.172241
363.836731 503.282288
769.944702 114.889893
148.895859 429.756226
119.073700 443.890289
762.418457 506.773071
-1.000000 -1.000000
753.785400 488.555756
790.901123 259.685669
372.873505 297.020844
410.978851 511.548584
351.353699 609.686829
800.856995 317.252289
600.449036 574.169373
329.029938 497.365936
748.366760 448.670471
292.796509 187.457932
1109.320679 363.490173
253.699295 430.102448
650.340027 557.603516
759.638123 603.012512
782.175049 436.434357
999.640564 127.392723
326.780975 622.121582
318.573883 530.542908
252.596695 591.058167
767.420410 69.759789
541.010254 508.868317
320.352478 593.765869
1127.532349 364.451599
730.893066 533.847717
358.166199 304.735962
263.236023 480.373932
254.717865 535.007568
617.242554 524.236755
409.980194 354.992188
215.998550 405.848480
559.554993 73.517662
751.976196 465.548004
-1.000000 -1.000000
-1.000000 -1.000000
210.149841 444.048950
563.536621 554.956421
283.893036 275.459961
804.676636 70.623222
-1.000000 -1.000000
396.911072 161.904709
449.028351 569.062622
133.890244 429.310547
581.446533 555.890991
288.320038 41.143227
746.947266 552.095032
380.787994 260.416687
768.374634 439.709869
155.208679 678.816833
255.209518 413.416595
383.134613 613.812988
316.846100 514.304077
217.347900 317.623322
580.473450 586.171143
-1.000000 -1.000000
563.353577 584.905518
396.116547 502.632233
766.921997 226.199768
-1.000000 -1.000000
464.889954 560.154968
471.762390 506.121979
730.792603 548.944946
726.098694 578.741394
1125.732666 334.503632
1140.965576 349.291321
617.597717 572.204041
752.513550 580.260986
1051.106689 236.566772
86.988205 183.595093
422.091034 558.629333
491.334473 521.095703
841.656982 260.553223
-1.000000 -1.000000
1057.552124 221.292725
545.694153 552.773926
91.392937 148.162827
708.605713 609.903687
231.948395 478.382660
865.647156 100.420113
692.642700 608.748840
762.341980 523.866882
375.247375 197.806061
727.138489 593.710022
395.268524 366.861420
635.556885 558.336304
314.177643 497.548676
301.142334 579.365295
-1.000000 -1.000000
409.931641 312.071136
1110.580444 333.684357
341.274597 321.743408
334.923370 416.122925
522.089050 518.428650
1200.375244 88.628281
798.515747 159.554245
119.292030 429.037537
396.506989 146.963211
380.982941 502.631195
332.612610 364.389587
278.752747 495.840088
399.078674 596.375793
527.006714 563.502441
-1.000000 -1.000000
406.268951 556.550720
762.372864 617.904297
436.933197 553.798340
422.985840 573.550537
247.868744 493.763763
723.163879 442.547729
739.772278 276.800171
525.038879 548.554138
976.717651 262.699188
286.548004 519.852905
397.062439 281.972809
463.813843 575.107361
318.462036 546.055664
405.088226 571.589233
-1.000000 -1.000000
488.886505 560.152710
545.612244 582.854370
321.366180 659.003784
600.429932 589.184875
231.869171 311.863129
676.162476 77.024017
800.877319 302.341949
137.623672 678.875916
290.316559 428.333374
381.155518 658.798096
816.804504 377.179504
-1.000000 -1.000000
320.428406 402.009186
251.099808 307.757080
476.058716 532.098267
-1.000000 -1.000000
214.359024 420.443542
618.798279 546.086121
346.519318 349.641449
169.651154 678.880981
123.625748 413.194244
504.879730 561.093811
-1.000000 -1.000000
-1.000000 -1.000000
94.147720 166.956039
149.977386 415.014465
646.372742 73.821686
507.084686 521.219299
768.446777 491.672791
776.745422 507.498688
762.155518 539.153625
419.824890 92.014435
164.119537 444.814301
-1.000000 -1.000000
817.602417 392.148010
-1.000000 -1.000000
40.138023 667.489685
1006.298279 301.035431
599.812134 547.988098
270.951050 413.551880
1142.851440 364.328278
563.043213 525.283508
744.452881 594.887634
776.761169 523.436340
831.876282 408.059570
151.965607 459.703766
630.487610 71.754219
491.124939 536.152527
262.933990 502.557404
360.802429 388.375458
994.572998 274.030243
-1.000000 -1.000000
398.645569 614.038879
722.802368 63.062069
271.945801 517.653992
363.376709 526.116089
508.955658 544.211914
81.015160 569.992676
408.936157 676.114807
875.728516 256.479004
615.702637 72.724304
-1.000000 -1.000000
105.239548 266.635040
724.846863 274.416718
396.973511 267.358002
-1.000000 -1.000000
981.273071 308.141479
766.870483 465.457581
990.879272 100.407242
860.565735 115.609024
860.626465 257.358826
774.760559 603.028931
232.702072 493.404755
449.090088 535.203186
1238.767334 313.840057
86.192848 406.193848
677.737122 609.498108
140.415375 643.170898
661.221619 74.899101
300.898773 519.699219
293.425934 497.252777
423.941376 675.799866
201.555710 316.789001
169.600464 421.015991
140.432816 658.194275
990.892456 85.363991
256.812286 518.327209
352.147949 364.222656
582.613281 540.984009
723.550415 609.837891
380.616730 381.426636
544.895325 537.921265
194.274567 613.141907
589.038269 74.621834
1155.941650 349.254120
831.785828 423.254852
1021.657654 256.339569
290.710205 412.262024
690.240784 634.784058
424.376343 536.726624
-1.000000 -1.000000
801.068787 275.875397
381.169617 568.418274
528.026611 578.606201
-1.000000 -1.000000
363.366791 546.446167
-1.000000 -1.000000
1032.414185 217.197586
663.342407 594.234375
77.682854 478.059021
767.683350 582.269958
566.539246 540.167725
545.747375 58.390400
-1.000000 -1.000000
-1.000000 -1.000000
-1.000000 -1.000000
382.915924 674.850281
389.395020 553.444031
238.606461 508.196075
405.651428 535.475464
1238.914917 328.278717
776.661682 538.812073
485.006989 575.348816
108.988495 411.127655
828.124573 678.968262
338.230682 379.076141
87.126801 228.736359
-1.000000 -1.000000
155.598862 658.397583
777.693237 618.022095
1009.556702 286.045044
688.957642 648.770020
618.483887 587.550964
114.389137 359.998230
635.197632 588.868042
523.848938 533.521484
-1.000000 -1.000000
101.833458 183.545090
409.993866 340.223999
443.858093 675.992004
212.751785 463.379547
136.580444 459.665375
207.703949 154.484604
179.096710 444.943542
252.947266 292.819763
394.975189 352.023560
1140.968384 334.305664
761.997620 560.301758
372.925873 312.057312
104.079788 445.800781
1049.716431 251.680984
120.267403 267.509674
1116.869141 260.285217
184.749908 392.314667
194.220383 598.275513
179.634247 616.864563
1025.528809 241.343018
390.674652 538.456543
814.728210 332.697968
395.582367 628.825562
-1.000000 -1.000000
1009.371338 271.128784
119.471321 644.384094
411.873627 267.501434
78.664001 555.643616
159.704620 643.314453
377.976929 182.975433
505.045959 576.435364
486.548157 663.093628
-1.000000 -1.000000
1157.227173 261.386322
1021.359131 301.173828
1197.381592 104.929489
85.371315 422.948273
-1.000000 -1.000000
681.072510 678.245361
169.933640 389.465729
244.028778 557.270569
1066.541016 238.584412
361.516876 349.598541
-1.000000 -1.000000
104.121735 281.379730
-1.000000 -1.000000
84.735062 391.599945
1073.175903 221.413712
1086.671997 243.114105
77.619026 493.552429
185.625168 317.749115
-1.000000 -1.000000
826.739136 261.034058
968.924988 165.690536
321.645294 637.098022
114.433640 375.171082
109.132530 168.145279
-1.000000 -1.000000
1141.184937 310.219299
170.368103 406.109863
1156.205933 302.379883
150.791824 474.821686
414.610352 108.548592
164.580414 616.320862
864.640869 70.274757
1125.950562 319.419525
335.991943 401.265564
184.423080 421.102722
78.423607 243.720444
-1.000000 -1.000000
241.634064 572.133362
859.605103 130.629791
139.517914 627.930481
121.066299 282.289246
209.184509 610.203430
-1.000000 -1.000000
250.760605 606.554932
782.743835 492.259125
113.619667 464.412689
708.159119 77.103989
447.886292 584.005615
237.413162 522.987610
684.167297 663.265930
1091.293945 262.214355
1238.845337 296.445709
414.926910 660.762085
-1.000000 -1.000000
1157.872070 364.284241
501.542969 662.816528
89.553169 368.971466
89.148109 437.507843
705.169983 635.063965
125.130478 659.435547
782.545715 100.784615
268.400940 275.734863
382.598969 517.307922
86.692703 213.707489
815.729858 318.223724
193.529083 446.035065
467.474701 662.837158
135.307495 267.286469
1028.498169 316.165802
298.254364 608.283020
1112.727783 276.729950
976.104248 41.046047
744.128052 609.885071
78.559151 259.014557
111.790359 540.351318
366.999969 364.483124
866.564819 85.196030
192.470398 583.113098
941.245728 257.906708
1136.980591 258.927612
410.069916 130.032043
831.821655 438.234222
108.110413 299.468597
167.158447 459.651550
239.269730 537.970703
124.508301 629.383423
97.526711 353.823456
177.479309 248.964417
1175.666626 113.398735
169.968994 359.666809
387.595337 295.966583
354.404694 189.775757
726.273804 624.836426
890.602661 256.433197
86.777412 584.685913
138.398590 513.390686
469.160370 60.535053
155.602524 400.145721
169.956818 374.723969
463.902679 590.116638
122.969826 299.286255
199.141739 300.950134
703.701782 648.983643
135.595047 474.654816
112.328316 525.541931
103.419968 129.996780
796.941772 436.605164
-1.000000 -1.000000
1087.867798 227.700836
-1.000000 -1.000000
956.570068 258.913635
356.467621 334.635986
282.391449 606.155090
992.096680 258.852051
776.698608 554.028381
815.822083 303.279785
113.697449 479.279358
763.948303 632.926575
237.219177 591.130859
1093.695190 357.231720
1094.218384 277.035126
1016.809143 226.268051
-1.000000 -1.000000
850.514343 402.729736
-1.000000 -1.000000
381.816284 161.958603
432.409119 588.611694
216.294266 303.088165
129.329315 353.910797
339.661530 188.496536
208.917847 595.598877
1156.116821 334.316437
112.256424 314.059418
100.838760 396.669067
179.501419 602.020813
399.912811 660.960388
139.635803 528.235657
1156.034912 286.910309
564.034058 599.842834
879.794373 306.602875
581.217163 601.145020
419.763641 77.294426
94.461113 477.789246
115.981026 396.717041
1238.692261 566.887390
110.479767 556.568481
170.902176 658.212585
1127.019287 235.901917
110.029709 629.402405
-1.000000 -1.000000
696.230286 678.348450
719.619751 645.745789
954.002991 165.653214
155.517166 385.478333
235.210236 608.790161
854.722107 301.951508
780.871399 464.702393
-1.000000 -1.000000
925.989441 256.962921
95.283424 570.064697
215.556976 478.625519
699.224182 663.361572
800.386108 115.734123
-1.000000 -1.000000
-1.000000 -1.000000
118.177536 510.460999
267.522797 607.006409
184.430740 302.835785
817.132019 442.010468
85.089394 610.049988
144.201782 543.332458
136.023926 284.059723
782.756348 583.166138
144.153214 353.856232
1110.755249 318.658142
358.204041 319.824127
1007.504272 315.966949
395.450836 643.823242
78.631058 537.497314
820.295471 658.744873
191.542038 463.853577
-1.000000 -1.000000
1094.782104 342.266815
92.989914 555.973694
138.022659 309.150360
300.890472 678.849792
104.703575 430.856232
77.574890 508.462158
114.538841 344.732056
178.552002 219.318649
445.983490 660.945618
104.954926 643.967896
387.297058 311.004364
910.877808 257.705078
1036.362183 301.128937
164.567383 597.712585
175.068420 642.902588
796.293701 663.496826
429.795654 660.712341
1112.356079 378.693298
-1.000000 -1.000000
870.922546 291.563660
546.420776 597.803284
1080.812622 104.847672
792.774841 617.208252
307.037140 631.354919
853.510132 319.080231
603.007874 604.147400
79.179619 334.779358
850.215332 194.160202
128.043335 543.339233
89.383324 278.107727
1184.530640 174.470032
663.118896 609.300537
106.222755 151.783417
1127.528809 379.653198
375.963196 349.958160
392.249237 337.251953
115.170036 495.513367
675.496399 633.588440
192.390167 249.311920
1039.527588 431.027008
1138.763184 273.310303
966.658081 180.839645
645.522827 58.828442
791.670532 525.419312
1170.840332 349.408356
875.583191 241.526215
166.132797 474.674072
779.122620 632.940430
1156.279053 317.337250
98.712669 463.152069
882.552124 321.879639
323.082672 184.994080
136.260925 498.384094
107.721107 112.577278
170.223480 344.592102
791.658936 509.341949
194.645187 480.699707
155.649612 370.328339
-1.000000 -1.000000
561.015930 58.499535
1024.578247 286.153381
-1.000000 -1.000000
746.749634 624.749146
615.814453 57.702675
97.574234 313.982391
-1.000000 -1.000000
1043.619507 316.349030
84.346527 453.088257
865.635986 402.940491
417.403656 588.363708
956.443542 243.939026
111.580498 329.770935
110.861244 659.196960
648.314087 604.076111
78.730133 313.856323
932.045715 241.980026
831.804382 392.915863
-1.000000 -1.000000
852.455322 385.499115
860.471497 242.359192
166.761734 582.724182
100.281166 610.054260
150.005096 267.828949
1140.836792 289.390015
1046.736694 410.065399
816.558411 347.690857
1142.785156 379.487701
894.672424 306.902100
1219.106934 190.981537
93.297089 296.372223
1018.439026 430.681183
1159.472290 436.867859
763.701172 678.892334
1172.594604 365.253754
101.594620 584.795593
674.323303 647.842346
252.819321 278.135162
1111.723145 237.867935
763.204834 647.832214
854.632507 287.268494
241.403671 623.931213
1054.758789 430.371399
546.646484 40.922222
129.631607 371.308258
141.674454 399.774597
971.488708 247.853592
1093.679077 372.366760
371.114136 335.105316
632.896301 603.869324
-1.000000 -1.000000
1024.187012 271.317017
778.270996 647.660583
89.745178 650.950684
149.551254 613.105591
95.057648 493.062225
789.735168 602.176331
94.019821 337.655975
97.015839 541.094971
711.509888 678.364258
-1.000000 -1.000000
897.667664 322.180298
1064.970337 253.728806
630.461670 56.757496
484.924774 590.316528
799.266968 130.657684
183.882767 263.479218
885.775696 291.451721
571.756836 662.972229
155.089890 528.134216
-1.000000 -1.000000
183.948883 287.895752
-1.000000 -1.000000
829.878357 324.028351
841.480652 288.453217
207.116699 580.081726
781.608887 665.368896
1110.929321 303.697327
449.849243 63.260971
794.272705 633.966980
1006.940857 256.088226
125.542694 558.761353
966.055664 316.603729
859.165283 418.136322
447.541229 598.903564
816.030457 284.865417
1094.732666 530.985718
851.377014 333.559540
97.842201 513.245728
1104.882568 549.129395
171.036469 325.180115
791.509277 540.881470
556.878601 677.166870
432.189911 62.443100
-1.000000 -1.000000
270.565338 621.861938
222.941910 508.264343
153.838776 513.347229
410.732971 645.857544
964.264954 290.567474
872.479553 386.729095
1015.381897 459.699982
486.326599 648.280945
381.364746 147.004684
890.558228 241.480667
1037.381714 583.468933
988.448669 457.732513
618.140198 602.577454
714.215820 663.366089
-1.000000 -1.000000
150.719910 282.744598
-1.000000 -1.000000
-1.000000 -1.000000
127.274033 323.917175
-1.000000 -1.000000
1036.429321 445.698151
1094.266724 292.477081
938.970764 166.648254
840.920105 302.716492
912.852783 320.012207
178.970139 204.340302
222.178741 575.870605
981.356018 180.934982
939.960449 328.812897
-1.000000 -1.000000
1129.802002 530.554993
600.906738 59.649487
1095.487061 327.574677
168.987778 264.805664
669.074402 663.270935
766.528259 664.345276
129.460052 338.783386
1062.267578 410.434570
79.412910 348.627716
212.144150 264.472870
231.306580 296.993713
502.655914 591.302063
830.258545 145.795044
151.726395 489.404297
-1.000000 -1.000000
1144.121338 435.527222
216.747421 493.386780
1182.328735 97.875816
1159.630493 246.259125
-1.000000 -1.000000
1049.711304 266.774750
95.560974 626.058716
1188.877319 677.990845
951.591614 181.827789
690.407959 66.060883
1051.713867 289.559174
919.151550 440.338104
937.252197 442.732697
982.562866 322.897980
1010.738586 241.107971
830.361084 338.899109
109.900116 97.880325
1125.740112 291.923615
191.022171 234.255600
292.413666 622.906250
556.801697 661.813354
530.627258 593.561768
1186.179321 433.722107
393.674255 131.551559
-1.000000 -1.000000
114.887230 613.149414
142.401520 323.714905
1061.882446 665.489868
135.357346 612.452393
1089.888184 551.380371
77.849365 626.556152
973.442139 457.551514
908.886902 242.727692
-1.000000 -1.000000
1019.951416 335.797180
1052.442627 583.646545
501.332977 647.950745
109.931610 570.637817
517.026428 662.654907
1230.161499 425.925903
1133.033081 545.688477
887.861023 386.582184
920.583679 425.400269
1227.464478 243.523636
1214.222534 424.572144
-1.000000 -1.000000
141.086777 558.400208
1045.556396 667.023682
782.432129 85.534866
880.864685 401.542084
854.590271 272.042084
795.901489 450.267151
943.317505 352.100983
1164.221558 421.733826
1159.423950 452.081757
1185.766235 350.920929
-1.000000 -1.000000
796.243774 648.703308
912.298889 642.324219
159.065262 543.167419
734.930481 640.258118
1110.271118 528.758179
950.934998 313.645660
1031.889648 416.160126
202.042694 628.763306
881.147949 336.348419
-1.000000 -1.000000
920.437073 334.842255
1106.860596 568.375427
214.190643 284.525208
149.462570 598.697937
362.597046 175.370758
903.698242 450.496033
221.718277 523.264648
1037.644775 598.461365
1077.727173 658.283813
263.075409 637.133240
1121.290771 404.121948
1097.269165 387.474548
1157.600708 379.231873
911.945862 304.779236
1051.536377 446.042023
918.642456 665.625610
751.826965 663.849304
1143.846680 403.508118
1145.918945 420.396637
977.366272 442.914795
1075.530151 358.946167
1003.250732 441.361542
1188.411255 259.598877
1068.593384 342.855652
910.687012 517.555542
167.370163 567.639160
469.959259 647.997742
1160.624512 678.647583
900.195007 425.678223
832.942017 377.820892
990.528015 343.172485
-1.000000 -1.000000
1159.859863 231.054703
919.988281 455.754059
1043.738281 386.559784
737.985046 53.087456
-1.000000 -1.000000
835.061096 662.818909
1144.871094 529.723145
822.587769 643.973877
1142.630615 243.813965
168.746429 280.368988
1189.450806 419.356293
198.623016 286.008301
77.740631 523.403748
940.327271 427.652466
185.532852 659.763428
242.578430 638.846252
866.526672 334.394623
-1.000000 -1.000000
935.924255 313.575073
857.386292 369.310974
832.065002 453.227997
1095.625366 312.770874
1146.967651 616.641846
226.363541 623.818848
586.733521 677.204224
795.807983 465.249817
207.409805 508.376587
1031.377808 460.646851
262.663086 653.015198
872.264465 370.587860
925.566772 522.576233
1232.825195 641.158997
1001.845581 664.483521
949.011536 289.288391
1206.709717 409.448120
1081.196777 89.490562
1052.372437 598.562256
1037.347168 568.351807
925.624817 543.735596
1079.941162 535.927307
307.051697 650.817993
144.451019 338.539429
955.308533 331.946960
1062.774780 318.801453
661.147583 59.894714
971.465332 232.997910
1078.628052 643.187988
953.202209 228.933075
653.809509 664.104736
1173.370239 261.515106
834.765442 362.575165
1022.331909 583.436646
895.864746 516.688721
1028.681152 386.604706
896.271973 336.730499
410.914307 630.895386
957.732483 456.421875
228.105484 267.567169
116.220421 585.114380
1200.577026 72.730858
206.397446 523.272461
869.632690 276.105804
223.480591 538.472961
1238.909058 624.926697
972.899841 343.566071
807.768433 618.593018
839.371338 574.746399
1003.427063 426.745026
942.474365 457.704498
281.510284 652.183899
-1.000000 -1.000000
-1.000000 -1.000000
1148.008789 554.893982
1238.345825 626.622925
1066.557251 287.630066
110.309616 83.311104
1120.327881 645.976257
-1.000000 -1.000000
1182.940186 448.197296
585.859802 59.613895
924.741150 349.824982
1070.059692 429.941467
861.835449 433.180450
834.003113 55.404427
425.625031 645.753418
1056.465210 613.018005
1159.159424 404.493835
1074.888916 553.202576
1132.740234 616.097351
1002.905762 650.598328
1017.823486 649.339233
1201.664185 244.455124
1218.516846 228.369980
804.655884 602.775940
1187.380981 365.607513
470.950256 40.935703
1188.372559 404.311371
845.621399 438.023895
897.269104 643.109314
660.498230 624.290405
1093.622314 646.579407
998.554077 149.871964
1238.990234 321.089020
185.448990 568.110413
987.714539 243.809357
1221.751709 623.757629
449.976440 646.160583
1203.235596 259.614014
940.941162 521.406860
1062.298096 644.842346
910.853394 537.886902
863.832458 448.086823
1075.014771 612.538147
1077.207153 408.501434
-1.000000 -1.000000
586.985352 662.162537
961.353210 273.493561
969.352966 481.847229
1144.291016 450.929779
1129.343384 435.083344
130.793701 587.638794
955.583069 441.918488
884.725708 276.362030
903.297241 665.526978
1174.155640 244.386276
940.861816 542.531982
887.443298 371.482605
837.199646 648.096313
-1.000000 -1.000000
1227.888428 336.070618
878.362183 355.726196
958.722046 359.385651
1131.229004 419.582520
984.444275 476.324524
936.677002 181.742950
838.031067 559.829712
1075.738892 628.261902
1162.475220 616.741638
1067.929932 584.026611
1015.519104 609.629639
1058.938965 386.820007
659.490234 648.610840
893.990723 494.306580
1092.329346 512.760681
1230.888184 410.681122
1100.574707 403.129517
988.487244 425.834290
1142.757324 569.572327
1170.854736 334.763214
151.925308 582.537170
1094.531860 661.256104
891.849609 477.206665
1217.836548 639.261169
1218.459595 213.200455
1144.098755 631.079773
1052.609741 568.453796
979.108276 581.839355
1034.894409 341.909302
1172.428589 380.415802
1201.749023 229.444290
170.008240 310.089874
915.920593 625.135559
1075.964722 569.280518
1022.343933 568.450500
153.007370 308.889282
-1.000000 -1.000000
987.006897 665.552856
1016.523987 411.754547
934.029846 290.364899
884.835754 425.461029
1232.953369 395.729248
791.499573 556.081970
955.590149 564.606995
-1.000000 -1.000000
1042.979370 651.135986
169.668335 527.970276
888.764954 448.832031
1060.391968 628.683533
1033.406250 613.205994
531.311951 662.410889
1064.841431 268.841522
810.689575 455.309967
169.696930 295.182434
931.466431 226.752945
1188.139160 389.166138
1142.558472 228.909927
228.538101 553.103882
432.105042 603.559998
189.869171 642.193604
966.768494 195.836975
1007.240601 582.529663
1232.630981 656.156250
118.154724 136.098465
1205.453735 394.542114
-1.000000 -1.000000
1029.789795 665.757324
1092.161865 568.795898
916.056824 279.848511
924.054260 166.599426
939.726807 564.487366
1201.093384 438.700500
1124.065063 220.832596
973.363464 426.897125
