118.783768 176.557037
121.183182 212.318390
-1.000000 -1.000000
776.293884 165.520264
212.527802 177.920380
774.840149 366.543640
-1.000000 -1.000000
519.169006 226.844467
539.033142 445.431915
-1.000000 -1.000000
-1.000000 -1.000000
-1.000000 -1.000000
-1.000000 -1.000000
-1.000000 -1.000000
455.739777 402.126129
652.148132 137.816696
-1.000000 -1.000000
-1.000000 -1.000000
-1.000000 -1.000000
-1.000000 -1.000000
643.246094 234.709030
-1.000000 -1.000000
-1.000000 -1.000000
543.474304 126.418121
525.761841 131.204193
-1.000000 -1.000000
507.149475 202.088638
-1.000000 -1.000000
367.018127 277.457489
-1.000000 -1.000000
-1.000000 -1.000000
-1.000000 -1.000000
-1.000000 -1.000000
-1.000000 -1.000000
462.732025 180.912659
-1.000000 -1.000000
-1.000000 -1.000000
-1.000000 -1.000000
460.821289 424.002625
-1.000000 -1.000000
425.262085 419.646027
707.399902 385.606049
743.018188 98.940514
-1.000000 -1.000000
-1.000000 -1.000000
219.528152 217.126999
-1.000000 -1.000000
688.336243 384.648346
575.662720 425.648254
487.767548 448.143951
-1.000000 -1.000000
-1.000000 -1.000000
-1.000000 -1.000000
-1.000000 -1.000000
320.337067 334.061859
-1.000000 -1.000000
1194.490967 144.615158
-1.000000 -1.000000
-1.000000 -1.000000
-1.000000 -1.000000
-1.000000 -1.000000
575.839478 106.617561
304.237885 317.192444
-1.000000 -1.000000
-1.000000 -1.000000
569.830261 400.740112
670.355042 133.408157
1214.776733 146.731155
661.896240 228.660629
623.135559 346.624817
-1.000000 -1.000000
461.794342 465.297699
-1.000000 -1.000000
-1.000000 -1.000000
-1.000000 -1.000000
392.333923 444.173004
-1.000000 -1.000000
-1.000000 -1.000000
479.004608 172.726593
746.635254 303.847931
573.219360 339.039307
838.699036 183.691803
578.384399 276.042450
-1.000000 -1.000000
-1.000000 -1.000000
544.800110 390.418579
298.819855 327.804108
734.259338 152.218231
723.104919 100.461067
-1.000000 -1.000000
688.470398 262.147736
-1.000000 -1.000000
-1.000000 -1.000000
-1.000000 -1.000000
-1.000000 -1.000000
443.072144 437.358643
-1.000000 -1.000000
-1.000000 -1.000000
-1.000000 -1.000000
508.997040 366.105682
-1.000000 -1.000000
-1.000000 -1.000000
481.589081 136.539337
600.683655 193.121338
688.667297 261.853699
-1.000000 -1.000000
598.355774 208.135605
-1.000000 -1.000000
-1.000000 -1.000000
-1.000000 -1.000000
-1.000000 -1.000000
623.485718 427.789154
-1.000000 -1.000000
-1.000000 -1.000000
-1.000000 -1.000000
-1.000000 -1.000000
-1.000000 -1.000000
466.497314 378.842926
-1.000000 -1.000000
-1.000000 -1.000000
715.644958 329.053131
-1.000000 -1.000000
444.370148 385.486542
-1.000000 -1.000000
-1.000000 -1.000000
654.078491 378.451080
-1.000000 -1.000000
623.608337 408.319672
-1.000000 -1.000000
472.342133 89.386253
700.750122 425.215546
626.317993 364.477936
416.302490 446.505554
568.936279 84.464439
528.995239 447.007904
-1.000000 -1.000000
319.613251 306.400055
-1.000000 -1.000000
682.382812 464.068420
-1.000000 -1.000000
-1.000000 -1.000000
-1.000000 -1.000000
-1.000000 -1.000000
712.610168 191.521408
-1.000000 -1.000000
-1.000000 -1.000000
841.572083 374.138580
594.801270 272.008179
-1.000000 -1.000000
-1.000000 -1.000000
547.295166 77.118713
-1.000000 -1.000000
-1.000000 -1.000000
451.045532 201.999695
-1.000000 -1.000000
638.965332 459.224457
727.505432 190.270279
540.569275 390.838531
-1.000000 -1.000000
-1.000000 -1.000000
-1.000000 -1.000000
509.046967 151.814880
-1.000000 -1.000000
-1.000000 -1.000000
511.284149 150.202820
483.622620 109.794693
-1.000000 -1.000000
650.179810 317.767212
774.382690 313.596375
-1.000000 -1.000000
-1.000000 -1.000000
-1.000000 -1.000000
508.241028 137.750641
-1.000000 -1.000000
-1.000000 -1.000000
475.531342 204.460159
-1.000000 -1.000000
-1.000000 -1.000000
489.164337 369.165741
-1.000000 -1.000000
351.620422 291.678162
-1.000000 -1.000000
520.742432 308.950104
-1.000000 -1.000000
-1.000000 -1.000000
-1.000000 -1.000000
-1.000000 -1.000000
-1.000000 -1.000000
-1.000000 -1.000000
-1.000000 -1.000000
-1.000000 -1.000000
783.107849 246.761002
351.952972 209.676010
-1.000000 -1.000000
-1.000000 -1.000000
502.287476 118.343880
-1.000000 -1.000000
-1.000000 -1.000000
-1.000000 -1.000000
338.875336 294.247406
696.456909 233.165848
821.047241 277.712616
-1.000000 -1.000000
-1.000000 -1.000000
-1.000000 -1.000000
-1.000000 -1.000000
-1.000000 -1.000000
-1.000000 -1.000000
-1.000000 -1.000000
-1.000000 -1.000000
-1.000000 -1.000000
-1.000000 -1.000000
704.253540 344.977661
386.086334 228.582840
761.306946 311.115723
704.253723 313.970001
-1.000000 -1.000000
-1.000000 -1.000000
-1.000000 -1.000000
-1.000000 -1.000000
-1.000000 -1.000000
-1.000000 -1.000000
266.741791 333.923798
357.921417 248.789856
481.157379 459.111908
-1.000000 -1.000000
831.050415 338.942810
-1.000000 -1.000000
-1.000000 -1.000000
-1.000000 -1.000000
-1.000000 -1.000000
1017.036743 84.459679
664.817993 164.324493
-1.000000 -1.000000
-1.000000 -1.000000
676.245300 312.695343
409.387634 218.139069
-1.000000 -1.000000
-1.000000 -1.000000
481.452972 209.248322
722.539062 560.770325
-1.000000 -1.000000
543.344055 156.804489
-1.000000 -1.000000
697.190125 403.466461
-1.000000 -1.000000
-1.000000 -1.000000
685.342590 230.706680
721.802673 310.154602
-1.000000 -1.000000
548.373901 320.776215
-1.000000 -1.000000
-1.000000 -1.000000
284.630676 334.516083
777.470215 494.614899
740.074646 465.284790
699.385437 326.067535
-1.000000 -1.000000
460.916870 230.926376
313.397156 294.903412
655.845947 369.731354
516.692505 311.922272
-1.000000 -1.000000
360.966614 456.499969
515.536011 178.776291
-1.000000 -1.000000
734.773132 124.043831
-1.000000 -1.000000
483.705597 76.688286
240.682861 345.506500
525.767822 374.208252
603.120239 177.644379
-1.000000 -1.000000
435.203033 412.912781
-1.000000 -1.000000
711.684326 362.689362
-1.000000 -1.000000
685.739685 312.014465
-1.000000 -1.000000
445.331879 402.897156
-1.000000 -1.000000
-1.000000 -1.000000
459.004059 103.419350
-1.000000 -1.000000
396.115234 230.197845
663.442505 364.311157
-1.000000 -1.000000
235.874588 218.055298
-1.000000 -1.000000
-1.000000 -1.000000
491.803253 128.446198
749.229248 144.575821
-1.000000 -1.000000
585.700806 182.591476
543.884033 310.634827
-1.000000 -1.000000
-1.000000 -1.000000
522.598938 289.047272
479.050659 328.496918
431.161499 441.221619
375.350037 458.095306
-1.000000 -1.000000
-1.000000 -1.000000
517.843445 276.644958
556.513123 159.986221
719.298950 424.981354
-1.000000 -1.000000
-1.000000 -1.000000
-1.000000 -1.000000
347.243134 444.399780
-1.000000 -1.000000
636.549561 180.251175
-1.000000 -1.000000
1231.323730 153.425888
-1.000000 -1.000000
-1.000000 -1.000000
679.210266 116.608139
503.635925 172.732391
494.896820 212.700760
-1.000000 -1.000000
475.289093 232.564529
-1.000000 -1.000000
-1.000000 -1.000000
714.087524 350.316223
324.284607 513.734680
685.827026 188.903641
554.487183 305.421600
595.454224 297.757477
-1.000000 -1.000000
374.730591 214.325073
729.605103 468.609070
489.280762 65.295662
400.193451 191.931778
616.473450 122.372803
-1.000000 -1.000000
615.090942 297.018402
-1.000000 -1.000000
486.059723 462.539001
823.550049 221.252441
-1.000000 -1.000000
380.965363 444.301910
484.737396 359.256653
-1.000000 -1.000000
-1.000000 -1.000000
533.085144 317.210236
-1.000000 -1.000000
-1.000000 -1.000000
-1.000000 -1.000000
525.452881 84.417999
-1.000000 -1.000000
-1.000000 -1.000000
583.077087 334.794403
654.514709 321.165924
-1.000000 -1.000000
459.060455 125.640480
-1.000000 -1.000000
358.833588 458.363922
-1.000000 -1.000000
-1.000000 -1.000000
-1.000000 -1.000000
305.017700 421.094360
-1.000000 -1.000000
736.834045 110.641624
509.605164 308.704102
-1.000000 -1.000000
462.217468 353.309113
678.003052 281.057861
366.055969 238.509476
-1.000000 -1.000000
537.541382 256.665344
-1.000000 -1.000000
270.626282 322.806244
-1.000000 -1.000000
626.907043 178.897568
484.208191 344.375183
571.042969 545.988220
-1.000000 -1.000000
-1.000000 -1.000000
686.824463 454.267120
703.023132 287.814087
469.590118 71.016441
571.252808 317.404236
-1.000000 -1.000000
715.108276 470.657410
-1.000000 -1.000000
680.828369 85.848495
-1.000000 -1.000000
-1.000000 -1.000000
-1.000000 -1.000000
-1.000000 -1.000000
796.414490 225.540100
-1.000000 -1.000000
266.323761 362.308258
352.674469 325.648560
-1.000000 -1.000000
367.705902 487.775177
701.623169 435.365540
-1.000000 -1.000000
355.733978 275.240753
-1.000000 -1.000000
592.826050 442.181946
-1.000000 -1.000000
535.856628 457.335510
609.421265 299.895813
-1.000000 -1.000000
725.449524 249.145798
446.485962 192.289169
-1.000000 -1.000000
840.048462 387.681396
634.058594 556.882507
619.870728 274.678375
-1.000000 -1.000000
-1.000000 -1.000000
764.524719 131.670715
732.724854 100.719048
-1.000000 -1.000000
-1.000000 -1.000000
-1.000000 -1.000000
-1.000000 -1.000000
461.554077 114.168190
550.172302 370.841797
463.454651 402.640289
723.120422 205.721130
636.463196 363.124878
556.862610 77.588310
609.817810 307.852539
329.014587 282.060181
378.697571 274.768311
-1.000000 -1.000000
581.556091 66.641083
495.876465 298.181641
826.344360 300.717621
-1.000000 -1.000000
465.540649 333.772400
402.887024 180.147095
486.513397 306.362000
523.281921 460.546387
-1.000000 -1.000000
277.366302 368.595093
-1.000000 -1.000000
-1.000000 -1.000000
-1.000000 -1.000000
524.450195 460.379822
-1.000000 -1.000000
456.858185 368.228302
-1.000000 -1.000000
455.824158 384.107635
641.145691 489.617462
363.232422 571.127502
298.292419 456.902222
606.354919 346.141754
-1.000000 -1.000000
-1.000000 -1.000000
421.858551 176.562805
724.802979 220.803024
-1.000000 -1.000000
-1.000000 -1.000000
611.383911 66.394028
-1.000000 -1.000000
620.310852 258.610413
720.509033 241.388977
442.837524 372.974213
764.783020 120.240837
-1.000000 -1.000000
-1.000000 -1.000000
-1.000000 -1.000000
-1.000000 -1.000000
-1.000000 -1.000000
772.086243 401.338684
708.652344 506.408691
-1.000000 -1.000000
704.916260 84.180237
-1.000000 -1.000000
-1.000000 -1.000000
288.121094 324.297272
774.814087 433.543701
-1.000000 -1.000000
-1.000000 -1.000000
278.133759 392.858185
712.980225 492.807770
-1.000000 -1.000000
504.155304 282.104218
518.720886 581.918152
398.893738 390.370270
684.975586 176.626907
760.853943 593.829285
677.992249 270.748047
373.214844 468.079712
340.968445 238.099792
561.481995 320.499451
593.542053 480.391876
777.188721 261.290497
759.853088 179.180023
-1.000000 -1.000000
503.706970 487.376709
503.596008 582.366272
-1.000000 -1.000000
-1.000000 -1.000000
760.167297 168.815781
-1.000000 -1.000000
-1.000000 -1.000000
-1.000000 -1.000000
-1.000000 -1.000000
819.876770 232.964569
-1.000000 -1.000000
793.199158 413.253723
-1.000000 -1.000000
309.663696 330.880890
-1.000000 -1.000000
309.202484 305.779846
-1.000000 -1.000000
-1.000000 -1.000000
-1.000000 -1.000000
637.641479 497.596069
331.023254 348.674316
768.833313 278.988647
395.869812 528.174744
-1.000000 -1.000000
568.906006 78.226120
423.813080 225.868286
-1.000000 -1.000000
-1.000000 -1.000000
750.876038 224.257721
765.861267 91.183578
434.502747 386.288391
413.598755 399.270294
398.172211 413.404633
-1.000000 -1.000000
514.143494 293.817322
-1.000000 -1.000000
-1.000000 -1.000000
-1.000000 -1.000000
756.900024 439.435303
549.940125 452.927856
-1.000000 -1.000000
731.746216 86.954437
721.715210 300.311218
395.564728 258.575409
577.385864 94.982094
748.396851 385.359650
559.054749 516.335205
-1.000000 -1.000000
256.184418 332.072601
750.343323 129.350174
-1.000000 -1.000000
767.092163 384.038513
497.249756 266.853577
481.915161 293.136871
-1.000000 -1.000000
-1.000000 -1.000000
-1.000000 -1.000000
705.122620 303.977539
-1.000000 -1.000000
775.830688 331.397125
608.939575 405.986694
369.851471 434.929138
472.989197 314.073517
-1.000000 -1.000000
-1.000000 -1.000000
-1.000000 -1.000000
256.465698 207.113770
-1.000000 -1.000000
782.107056 528.147827
507.342804 548.428406
765.730286 327.384583
382.124969 284.721161
471.014221 346.023743
696.924255 200.908951
-1.000000 -1.000000
275.130859 478.130249
-1.000000 -1.000000
542.859924 175.101852
-1.000000 -1.000000
-1.000000 -1.000000
458.970245 72.801971
331.159515 316.840179
461.880432 91.311058
472.458618 519.291077
670.019958 81.439377
367.793182 304.270172
-1.000000 -1.000000
503.397919 231.585709
-1.000000 -1.000000
-1.000000 -1.000000
776.058228 384.193481
477.285828 190.913391
-1.000000 -1.000000
766.525818 540.578247
470.463776 368.440216
506.763702 189.992935
715.024292 257.417480
659.828674 245.442169
348.538239 339.784149
-1.000000 -1.000000
-1.000000 -1.000000
283.826141 481.846191
-1.000000 -1.000000
530.287170 306.725769
278.212494 479.455536
-1.000000 -1.000000
706.530151 405.225830
581.981384 219.454300
399.794830 215.907349
426.986664 402.730927
754.728699 423.478821
693.540466 70.480095
-1.000000 -1.000000
653.340454 189.555298
-1.000000 -1.000000
785.275391 192.125122
-1.000000 -1.000000
-1.000000 -1.000000
571.170471 495.368469
-1.000000 -1.000000
786.822388 401.919434
659.617615 312.169708
710.464478 353.625641
-1.000000 -1.000000
-1.000000 -1.000000
330.094757 334.391113
270.454590 413.130341
419.603729 214.140335
651.427429 76.650497
714.396118 79.880287
324.961212 419.716095
801.582275 186.453323
714.371338 518.030396
555.155640 60.731384
501.655640 160.102875
749.015442 193.496780
507.311554 53.527485
-1.000000 -1.000000
368.146454 444.784882
-1.000000 -1.000000
1042.720093 74.779602
-1.000000 -1.000000
510.004181 266.022858
-1.000000 -1.000000
754.426636 548.765930
616.148621 133.216446
-1.000000 -1.000000
738.993835 240.226746
-1.000000 -1.000000
-1.000000 -1.000000
686.097900 551.461548
638.662659 558.289673
481.538879 241.633957
491.333313 204.017853
452.272858 352.580017
821.695190 250.933777
-1.000000 -1.000000
553.359070 262.520752
-1.000000 -1.000000
691.572754 587.745911
-1.000000 -1.000000
777.027161 104.130501
-1.000000 -1.000000
517.444275 168.103516
-1.000000 -1.000000
703.554382 73.288094
574.996643 557.940735
831.752075 341.042480
774.636597 205.265442
302.247131 290.896027
495.247803 331.421021
-1.000000 -1.000000
562.792114 340.620392
280.735565 545.467285
843.977600 226.849884
-1.000000 -1.000000
664.643311 597.033325
-1.000000 -1.000000
-1.000000 -1.000000
631.662109 275.642944
451.647766 218.990952
-1.000000 -1.000000
762.616699 458.286804
622.242554 73.940529
-1.000000 -1.000000
-1.000000 -1.000000
-1.000000 -1.000000
648.356567 599.768127
263.263000 384.793823
-1.000000 -1.000000
423.747711 392.008331
594.320618 475.363281
406.762970 550.068298
412.155640 203.601151
546.510498 76.205330
-1.000000 -1.000000
-1.000000 -1.000000
309.300873 525.449951
437.157837 337.749359
671.434631 68.667885
-1.000000 -1.000000
767.730957 108.957016
313.966858 544.902893
314.943604 319.740906
-1.000000 -1.000000
465.715912 388.667328
303.547699 541.866821
774.813782 220.627594
-1.000000 -1.000000
432.780518 163.398422
-1.000000 -1.000000
511.382050 360.701477
530.960266 415.732849
414.822906 424.933929
370.275513 501.741119
-1.000000 -1.000000
708.636780 415.117065
325.269257 432.233856
-1.000000 -1.000000
636.525452 496.512207
431.600922 349.523529
-1.000000 -1.000000
-1.000000 -1.000000
288.405396 314.162384
286.088501 461.608887
624.789429 533.377625
-1.000000 -1.000000
-1.000000 -1.000000
485.396667 99.595337
417.286377 369.998962
410.195801 190.510193
-1.000000 -1.000000
496.547211 108.045921
377.575348 568.950317
-1.000000 -1.000000
-1.000000 -1.000000
544.170044 288.185760
316.385559 391.312134
-1.000000 -1.000000
-1.000000 -1.000000
739.158081 134.081528
543.551697 60.233154
675.351746 186.036926
707.557129 561.124512
-1.000000 -1.000000
691.695679 597.638855
757.715332 77.073425
759.886536 192.962463
-1.000000 -1.000000
511.632782 448.396942
590.487244 76.985924
611.291260 588.140747
-1.000000 -1.000000
-1.000000 -1.000000
628.441345 552.322998
-1.000000 -1.000000
679.693115 409.914703
-1.000000 -1.000000
-1.000000 -1.000000
614.344543 463.560089
526.284241 512.832397
820.267822 314.830109
-1.000000 -1.000000
278.618317 340.852081
1234.104858 124.768639
268.504974 501.935577
445.853149 181.720032
381.433014 413.704041
738.682556 593.556946
-1.000000 -1.000000
-1.000000 -1.000000
625.510376 531.218079
410.900421 165.910049
758.381714 158.869431
300.984467 472.705170
-1.000000 -1.000000
-1.000000 -1.000000
-1.000000 -1.000000
636.928284 530.198120
587.450195 506.970673
366.478149 314.421600
-1.000000 -1.000000
-1.000000 -1.000000
-1.000000 -1.000000
460.813080 301.822388
-1.000000 -1.000000
297.421936 455.693512
268.767731 493.517639
-1.000000 -1.000000
554.227661 382.348999
338.864105 271.042877
585.394653 518.164185
-1.000000 -1.000000
-1.000000 -1.000000
550.236267 287.825562
709.672119 530.090210
826.747131 97.579727
-1.000000 -1.000000
697.885864 190.849731
649.258667 175.626236
447.265900 334.285767
375.597809 311.930817
660.865662 268.962402
559.015625 578.394836
772.323975 481.069366
819.356140 333.982147
639.018738 312.226044
759.210205 266.737091
813.596802 111.450027
-1.000000 -1.000000
799.338928 474.380310
616.981873 417.294556
520.633972 503.242310
767.992065 299.053467
749.945923 352.274200
-1.000000 -1.000000
379.252991 542.624390
505.066467 559.964966
545.210999 520.665710
-1.000000 -1.000000
497.532379 64.322289
681.034241 165.556183
-1.000000 -1.000000
251.443008 386.710571
705.423157 521.634827
-1.000000 -1.000000
518.835693 508.224304
-1.000000 -1.000000
720.423645 286.263184
432.339355 200.868408
-1.000000 -1.000000
-1.000000 -1.000000
635.373474 102.972313
720.941589 423.843658
-1.000000 -1.000000
684.070251 199.848541
542.023682 300.022644
325.338776 523.415527
-1.000000 -1.000000
-1.000000 -1.000000
801.927124 205.998093
-1.000000 -1.000000
432.277008 178.273132
690.408142 80.971695
-1.000000 -1.000000
-1.000000 -1.000000
469.567291 292.053833
415.898071 436.391388
794.864075 550.017578
-1.000000 -1.000000
415.649078 564.509399
435.923157 211.480453
-1.000000 -1.000000
-1.000000 -1.000000
708.698120 63.222397
-1.000000 -1.000000
343.873138 425.492157
286.966492 450.695557
643.582092 65.861671
486.395020 318.637054
491.713745 202.534988
310.843903 431.015076
469.544098 158.852493
460.458771 550.160278
-1.000000 -1.000000
345.385315 367.930634
-1.000000 -1.000000
771.622070 466.860138
492.375153 181.226288
822.035095 174.944000
-1.000000 -1.000000
-1.000000 -1.000000
477.187714 215.644928
339.252808 257.859222
598.094971 381.957489
839.244202 333.508514
332.716492 594.066040
402.094574 402.491333
362.407104 391.756744
-1.000000 -1.000000
-1.000000 -1.000000
800.897400 471.116333
770.974121 561.905823
357.227295 500.900848
755.498291 460.301331
302.174133 551.657349
-1.000000 -1.000000
661.161743 67.129257
768.750183 70.051765
352.773438 218.259735
558.420654 424.727112
-1.000000 -1.000000
543.381042 262.950684
724.154358 354.197906
483.850494 535.399841
446.385925 363.123871
707.655273 228.985733
-1.000000 -1.000000
393.041260 292.494354
-1.000000 -1.000000
729.895813 570.850525
646.515259 358.752563
263.199219 397.260071
617.596985 218.434982
312.049133 555.429199
-1.000000 -1.000000
-1.000000 -1.000000
725.704163 231.499893
-1.000000 -1.000000
717.843994 413.715118
75.273582 92.194984
376.230042 372.626282
621.718689 112.194115
572.145813 79.185867
-1.000000 -1.000000
624.652344 588.270691
-1.000000 -1.000000
385.040131 192.933273
731.688232 483.729340
546.938782 251.459213
616.386841 454.784973
-1.000000 -1.000000
-1.000000 -1.000000
-1.000000 -1.000000
-1.000000 -1.000000
335.028564 512.343872
-1.000000 -1.000000
-1.000000 -1.000000
-1.000000 -1.000000
-1.000000 -1.000000
-1.000000 -1.000000
737.284302 559.337708
449.182831 319.597260
787.343994 216.219482
-1.000000 -1.000000
767.322815 145.160599
-1.000000 -1.000000
689.665649 321.635284
-1.000000 -1.000000
484.752899 520.316284
568.191772 277.561279
591.960327 545.409973
392.361542 303.988342
360.424744 364.934204
-1.000000 -1.000000
408.643860 242.676361
787.023682 231.205124
-1.000000 -1.000000
448.946228 447.798767
450.282806 394.452515
790.024597 181.920334
698.022949 220.934525
372.031860 199.678284
-1.000000 -1.000000
-1.000000 -1.000000
-1.000000 -1.000000
403.938141 570.568604
743.111145 558.062927
699.343811 606.661072
773.925964 193.987869
773.223083 89.864700
545.757812 583.776123
-1.000000 -1.000000
-1.000000 -1.000000
-1.000000 -1.000000
-1.000000 -1.000000
-1.000000 -1.000000
1049.466187 147.157669
599.431274 400.487000
835.959290 257.627014
458.326172 412.210815
-1.000000 -1.000000
488.588257 578.981323
413.081726 388.684448
-1.000000 -1.000000
-1.000000 -1.000000
768.107971 607.908386
307.643280 270.964142
-1.000000 -1.000000
402.323914 448.478912
565.778687 158.752426
693.238037 282.475677
350.495117 300.920044
550.835388 550.375977
-1.000000 -1.000000
535.989624 590.031250
696.560242 552.475586
371.156036 339.151611
736.641907 313.626068
733.501587 515.703369
-1.000000 -1.000000
345.531647 349.647980
-1.000000 -1.000000
385.610809 257.130676
432.815796 431.049011
-1.000000 -1.000000
-1.000000 -1.000000
749.945740 179.850525
618.203430 190.521164
-1.000000 -1.000000
261.039062 422.913849
-1.000000 -1.000000
328.233002 292.377319
508.083130 276.846558
638.949646 318.250305
570.753540 554.167908
