523.317688 363.866974
973.253723 336.074890
-1.000000 -1.000000
715.685974 353.940674
539.660400 508.170471
906.747925 343.650085
462.298096 607.404663
632.206238 454.977478
823.976868 446.991180
626.473816 128.261566
692.430847 358.215698
568.653870 595.418396
498.656158 370.395386
908.939209 493.872772
617.867798 354.788239
812.494690 544.208740
976.371460 585.814758
763.078918 124.832649
569.438782 284.236084
453.430084 560.133057
455.501495 535.578674
1013.172180 438.583405
981.722168 325.032806
546.425110 559.252136
688.351746 545.234985
883.493408 347.816406
-1.000000 -1.000000
436.481171 365.811066
438.425995 461.653839
547.575745 599.879211
724.603210 501.837463
937.910767 366.365173
450.619629 516.939331
921.709045 456.844299
-1.000000 -1.000000
807.291931 347.059692
636.462708 509.943146
635.244934 552.246216
595.286865 354.626038
721.054199 591.500977
656.127686 631.553345
613.509033 342.390411
891.783081 585.603027
-1.000000 -1.000000
912.492432 580.143066
785.690979 346.200867
635.715637 599.786926
987.442078 536.915527
893.194092 347.019135
899.296997 370.700836
969.771362 551.456909
-1.000000 -1.000000
725.499817 352.549713
690.115601 406.557678
971.522644 516.486450
724.218140 552.222351
759.447388 319.689575
629.989258 351.645630
692.553955 447.723633
833.129761 539.786499
996.363892 336.464996
506.244141 485.152161
741.409302 588.126953
965.703674 485.952637
988.763855 496.551971
712.485168 553.703857
405.121490 401.545349
932.486938 488.156311
-1.000000 -1.000000
423.592133 370.443878
552.757812 387.466125
539.505127 462.772949
999.540344 494.155640
604.724792 630.938232
819.743164 501.162750
-1.000000 -1.000000
1021.015686 504.390533
533.247864 361.495178
476.457245 555.777405
438.092010 517.397949
638.333923 615.159058
749.283020 377.175995
516.611145 636.641846
748.913879 495.124451
807.372559 591.787048
488.746552 614.209045
916.071655 343.698883
603.147217 341.951660
691.497864 274.725586
641.135986 360.024323
499.011627 452.721344
-1.000000 -1.000000
637.447571 636.558167
507.895905 551.973511
721.100586 457.820557
507.993500 598.652039
784.225769 611.910645
608.115967 429.555420
603.662354 382.471802
623.972534 510.947815
417.975311 537.752869
920.649719 446.582001
781.387085 119.935440
1027.210083 438.693390
760.046082 291.503967
732.813782 463.551086
825.904968 628.553955
655.639099 547.185852
807.012024 462.689636
567.145691 470.988464
841.437744 316.989685
1007.834473 533.946106
549.730774 575.862671
785.177856 494.585907
478.469391 524.343628
639.110535 527.509216
546.932495 243.850052
809.465881 318.908539
888.281860 547.477112
544.827820 481.989777
883.985901 438.614136
918.327393 519.489746
-1.000000 -1.000000
651.918274 404.626801
791.660706 289.741760
614.703003 620.985229
1042.410522 372.771973
560.827332 246.704727
588.095459 316.348969
745.784912 561.900818
869.399902 539.028137
690.473145 323.121246
524.186401 581.634033
886.963074 383.749237
700.780090 577.126892
467.115387 622.633057
569.131165 567.860779
-1.000000 -1.000000
773.457764 624.554871
877.083862 317.399048
429.827698 540.135437
851.861694 621.106262
847.941101 351.724670
833.578613 352.136902
900.035400 544.589539
526.059082 468.253998
990.034180 414.343201
514.405518 578.295105
820.989075 344.818176
993.740234 364.487549
410.299866 436.648041
644.635864 122.067841
806.556519 503.276398
758.294434 353.726501
-1.000000 -1.000000
943.360046 579.101562
964.982361 587.002930
599.938477 592.276794
705.133728 479.743073
882.373840 273.110321
605.626892 106.653732
769.811462 371.218719
722.321228 320.141418
726.424438 569.555054
625.640808 602.436646
961.288879 516.148376
695.264343 478.799927
823.053894 568.236694
1020.505005 466.570312
925.867737 318.862823
502.578430 398.044312
792.292480 523.355164
994.704834 456.498688
804.810181 283.195007
710.949951 593.585388
681.592468 592.437317
613.069397 531.904968
695.328125 249.642380
-1.000000 -1.000000
447.828888 374.143646
803.380127 247.142532
743.534729 213.365921
702.062866 356.172272
512.362610 530.464722
533.829346 594.264771
799.678040 374.182678
844.141357 166.483521
876.045959 599.413147
494.751160 178.505814
745.807556 102.171722
-1.000000 -1.000000
732.985291 476.065002
813.726562 232.022324
942.075256 458.427368
796.391235 557.862244
705.440063 229.909439
808.497864 608.652344
658.199829 519.485535
471.865631 582.060974
901.759277 381.559418
451.675598 608.906189
994.959900 442.436432
518.824280 279.002319
910.154663 251.531784
755.835510 604.508057
505.332916 198.422775
430.415924 294.951416
785.434570 626.404968
468.527924 643.903870
883.025635 516.274414
802.282166 293.612915
830.117676 512.906250
768.597534 189.719757
-1.000000 -1.000000
950.997131 604.463745
1046.927002 405.102875
1007.001343 335.671539
771.565613 584.753357
771.956238 268.164886
644.615662 416.679596
839.795593 269.436981
880.368042 487.564941
1029.149780 365.793427
508.104523 366.811310
715.294983 102.360741
883.401306 471.394165
873.468506 566.554504
560.571594 303.012695
772.903503 289.247467
522.742737 504.886139
984.510010 461.529053
425.989105 590.927368
-1.000000 -1.000000
799.603149 316.672028
874.888794 289.465332
617.865295 633.607117
-1.000000 -1.000000
795.794312 594.200928
-1.000000 -1.000000
848.655945 440.843536
952.538208 541.003845
963.563477 361.522125
910.165649 554.539673
782.480408 523.199524
448.697540 467.318207
604.122253 545.623779
491.676147 416.285126
801.401672 270.955566
671.263672 565.714111
804.579895 449.888885
886.228638 288.345398
690.590393 131.446228
432.429535 625.007507
571.044861 618.601868
671.694153 103.795776
517.330383 593.602356
470.248260 256.960938
956.571716 617.189575
677.108948 150.515854
701.442627 391.736725
960.110291 557.651733
772.222351 544.529907
802.754333 546.797668
998.185608 537.680298
992.374573 381.156586
982.196045 595.399231
397.853180 445.125122
829.718994 601.362305
833.188110 246.537735
758.531372 464.056946
443.767303 561.275635
602.645630 530.057495
815.145935 245.959305
676.022156 233.167389
737.865967 525.575317
698.297974 611.872986
593.234497 550.679932
672.922913 265.188934
908.473022 449.995667
781.342407 80.669220
-1.000000 -1.000000
886.006836 180.561035
449.357971 306.753021
391.847107 411.672760
925.053650 541.987610
517.413635 486.064941
-1.000000 -1.000000
858.210999 304.687805
688.510620 622.762390
536.102234 202.572220
-1.000000 -1.000000
549.488953 514.366638
554.170593 497.850281
416.827576 360.028320
658.469910 451.335876
443.033356 626.721985
928.899109 469.533295
654.738831 420.400208
752.730164 212.057083
738.511536 272.087769
921.788513 491.910217
948.868347 357.511139
750.055908 550.737305
706.732910 247.716949
916.038635 314.339447
926.006531 342.121765
691.842712 587.209351
1010.980835 564.813843
426.287750 578.820557
702.665649 523.669312
795.859436 392.704163
713.647583 396.366364
841.930237 229.503555
825.302490 171.807938
-1.000000 -1.000000
938.530518 620.379578
656.341064 600.768005
712.884888 494.319489
533.996643 564.678833
743.475891 466.272980
899.609619 496.517212
521.364258 530.452454
993.868164 594.966309
648.107422 444.709351
519.736633 618.446960
466.024109 536.057861
868.779846 494.845581
598.583801 501.183533
955.749878 347.675049
593.944519 240.878403
445.536316 349.070038
-1.000000 -1.000000
843.240295 419.938660
459.681488 371.597992
702.098450 624.558655
555.716553 477.527344
821.007996 119.438118
647.791382 574.994934
712.904236 130.740784
1007.357056 505.295288
477.075653 622.835266
818.832520 601.276489
874.055176 589.880432
864.408203 566.386353
1069.982910 388.173737
977.495972 540.850525
490.065338 245.134262
951.522583 414.272430
987.763977 619.360046
-1.000000 -1.000000
690.449951 393.654144
641.843506 461.273590
412.154968 484.909637
902.649780 607.329163
492.124176 392.929352
931.219727 459.656311
570.517761 631.902649
1014.185364 448.125732
893.044373 507.188354
641.859192 334.340790
887.437195 370.926666
839.757141 510.860504
868.723511 249.306519
591.495361 340.047058
565.596436 360.982361
844.670959 560.411377
1023.079956 342.194763
466.270172 551.734802
391.255615 455.940186
847.977539 395.704803
702.969971 381.037292
656.858582 279.837280
623.845764 367.942810
947.857727 367.791290
1015.109009 553.630615
592.749146 387.574066
914.021851 282.944641
465.675354 526.512451
612.372498 594.594971
565.677856 334.703644
886.626892 232.034836
625.078674 552.236633
782.186401 538.306091
529.726562 620.538879
510.225098 541.194397
566.718018 495.533691
462.832336 431.564117
637.526306 379.560333
-1.000000 -1.000000
-1.000000 -1.000000
872.431946 579.645508
773.511780 611.928894
941.888000 604.609375
735.163818 351.274200
844.183838 207.843933
-1.000000 -1.000000
515.430481 409.910522
906.646912 405.503815
-1.000000 -1.000000
812.125061 554.192505
559.744324 265.138184
779.556946 566.017578
1008.489502 350.221161
477.969971 143.721985
825.773682 130.258789
426.908600 500.890289
846.882446 102.128189
756.397766 174.473175
495.859680 288.399872
509.434814 501.469727
514.648926 420.432831
720.430481 601.958069
639.836548 426.948425
560.177917 577.366699
855.519165 419.076965
575.535767 557.492859
920.352478 562.899597
769.501587 99.076530
805.304932 428.002533
581.306213 522.465210
896.085388 263.271362
911.512268 273.185516
838.988831 445.001068
547.242554 345.168396
584.259705 611.273071
508.981262 155.301559
440.788605 394.300659
594.281616 635.601013
1027.823486 395.316223
871.643616 115.074951
725.432556 404.717224
927.492981 516.932617
778.001038 175.226196
428.836304 463.523224
444.663116 169.322968
407.533630 224.553619
456.235657 294.464691
1033.974487 486.051880
1034.664307 348.649567
785.460510 237.215881
977.685791 442.199280
823.551941 543.038269
649.700989 482.028168
861.568359 580.957458
855.989624 212.679230
887.477661 625.943359
462.453064 454.838287
911.811890 385.471191
550.384277 609.601013
807.794678 101.628159
759.631470 270.405060
535.930969 609.606506
690.459961 572.238037
-1.000000 -1.000000
438.631256 603.838074
807.059814 119.113556
1029.596069 463.593140
834.611328 409.644623
753.017029 475.112274
836.232910 473.877258
671.060547 120.483559
740.049927 307.342072
525.400024 231.503906
-1.000000 -1.000000
967.514160 530.022095
759.028503 364.381409
942.799805 510.787537
415.146851 321.441528
694.014465 172.020599
891.311829 241.834351
820.270508 511.460510
739.249756 282.989838
599.227356 331.251312
398.381042 188.374023
830.592346 222.294312
727.411926 272.268646
469.013123 484.658997
632.748901 103.456604
916.457886 294.374512
581.151123 433.308746
922.098755 396.160187
921.278320 332.607574
894.413574 93.019661
622.176575 456.265137
843.783203 239.577744
898.005859 439.335327
-1.000000 -1.000000
531.530762 631.244446
-1.000000 -1.000000
790.996094 569.056091
906.212158 105.981850
984.466309 361.713959
487.334991 350.413635
1006.306885 393.811768
-1.000000 -1.000000
871.092407 528.737915
-1.000000 -1.000000
411.252991 508.600189
691.317017 381.449982
631.176514 177.132324
787.342590 255.653076
1044.881104 387.084106
738.575928 241.038483
498.470764 507.093628
1036.220947 411.177917
637.800598 191.885010
648.989624 615.843445
794.154846 338.764465
924.166321 553.197510
641.271423 395.631470
562.009216 620.155579
954.619019 582.408020
896.207397 187.456451
441.375427 316.828857
-1.000000 -1.000000
681.024536 563.720215
695.827332 495.805389
814.035217 448.607361
600.929138 91.676102
538.971802 174.588181
680.867798 323.667328
893.074219 477.186432
907.678833 617.679138
645.883301 542.134521
844.448730 525.314758
-1.000000 -1.000000
605.327026 572.349548
772.393860 229.053040
736.171570 87.878738
968.009155 540.831116
466.063873 328.416046
690.527405 287.141937
698.656982 82.064514
506.044586 219.589005
975.246521 464.487579
660.819092 507.040466
874.765625 333.087372
985.263611 472.479614
815.183411 621.466614
909.022827 564.246399
1036.999878 400.277252
734.063599 502.174103
664.192871 618.289673
619.783508 466.415985
829.714172 590.667419
829.140503 293.327240
523.793823 551.751892
710.611023 415.555725
946.939087 569.399109
441.211975 238.181595
844.059204 250.164444
923.493408 599.753662
507.416382 588.572754
966.328125 502.973145
426.771606 527.086365
436.973602 580.958252
868.388916 168.850784
970.227173 476.166748
459.949951 220.774399
884.061584 526.302856
918.522339 431.781403
884.065796 564.265930
772.132080 535.020691
600.468628 401.597076
-1.000000 -1.000000
444.914459 89.676384
526.745483 376.822632
490.030548 63.341434
493.732880 571.612183
731.075256 453.674225
999.858337 414.891205
519.323792 148.460785
941.349243 417.438568
849.437256 269.934326
799.051880 169.171722
475.957825 534.565735
401.180969 151.198074
658.520630 301.522278
899.504395 563.426514
694.734741 509.649780
725.417847 120.047623
960.870422 568.114319
586.251587 377.887665
459.946381 357.181244
734.005127 341.687378
431.177399 108.576683
831.732971 316.123413
791.687988 537.278259
870.340454 126.882080
698.584106 210.052643
795.825012 498.824341
712.342407 513.608398
528.540894 519.180298
741.247803 624.291626
856.211304 281.996613
940.815430 383.021210
949.326843 528.313232
883.970581 457.732239
515.981995 218.346146
460.717163 313.251312
790.128418 428.608612
982.740112 424.263733
676.645386 296.949982
792.298157 456.103668
693.738220 522.979858
826.898010 579.632935
615.631409 552.569885
1033.759399 380.406952
543.154114 359.372009
422.176666 485.677094
456.617188 395.441193
589.106934 300.093964
712.576843 317.544373
513.468140 323.827271
902.973877 584.235535
856.515381 407.075378
-1.000000 -1.000000
666.469604 235.375015
551.632446 430.346924
700.835266 562.319885
743.486755 476.098938
994.049377 508.035217
481.458954 580.052612
841.052917 339.191803
843.145020 496.572296
403.216278 373.041138
600.461914 446.925537
505.358887 182.376099
843.949707 408.256439
522.942444 568.326294
1029.395020 452.407074
-1.000000 -1.000000
427.581268 173.215195
785.467346 368.462708
545.510315 307.246979
387.762024 238.727097
614.098328 412.297455
436.007477 638.259277
992.962158 561.476257
707.457153 451.778046
-1.000000 -1.000000
447.926147 642.196350
532.756653 285.710907
610.211975 478.076599
-1.000000 -1.000000
-1.000000 -1.000000
514.450806 453.688324
-1.000000 -1.000000
-1.000000 -1.000000
684.979126 632.000427
919.282104 468.506409
460.218842 345.689850
659.422546 478.656097
677.322754 244.351639
436.432068 414.627930
594.732727 436.709076
509.969971 514.890320
780.607178 212.359665
876.995300 230.881546
848.292908 131.874695
404.774963 363.740234
570.803345 305.248047
410.758301 152.541931
980.082703 487.029053
686.368469 533.576782
611.548401 504.633881
422.683655 554.338867
772.102966 514.725403
685.077820 502.004730
423.997894 513.728027
468.585907 196.913528
791.372498 471.038818
869.094910 484.368225
911.652649 131.916336
400.626282 435.220062
732.812988 613.725098
509.844788 117.398964
418.843750 457.310547
654.401001 586.810669
-1.000000 -1.000000
472.764252 353.680481
701.830383 404.205872
367.051483 201.208374
819.276001 521.274231
425.585938 97.198364
452.332428 548.227539
839.832153 571.879517
-1.000000 -1.000000
-1.000000 -1.000000
459.488739 487.888611
590.221069 541.446472
793.830139 511.150726
560.493408 377.170471
598.221497 321.007111
817.216248 219.182068
724.584106 247.650696
-1.000000 -1.000000
1015.092468 515.356018
854.864136 557.167908
944.629395 341.610809
731.809509 625.577881
615.642212 87.399651
556.070496 205.521912
837.752014 389.171082
940.737610 468.238312
1025.901978 332.184021
-1.000000 -1.000000
938.491455 521.926331
747.690735 145.038895
413.294037 162.903748
613.437988 584.082520
717.321533 295.482635
741.948364 610.280334
783.091736 447.236115
577.994873 315.658783
491.556580 477.147034
-1.000000 -1.000000
817.560913 359.048645
895.428223 334.233154
868.808838 613.431641
848.436462 188.145294
896.685303 486.567810
940.588318 296.848755
599.618530 490.180725
869.966614 267.833771
558.327515 236.659409
497.565948 329.012970
750.922241 127.730736
809.759460 411.046326
674.741821 471.633240
556.743164 345.250214
-1.000000 -1.000000
-1.000000 -1.000000
427.685394 473.739990
438.664154 592.138062
854.832153 367.625854
736.995483 166.477432
812.270691 292.828461
965.992554 396.887115
596.904236 458.127014
426.437347 149.872894
482.148010 461.367310
972.178833 596.958191
886.944824 596.106812
847.491394 454.735840
498.701477 148.171844
69.339813 107.198837
-1.000000 -1.000000
-1.000000 -1.000000
636.208679 565.664246
676.012085 341.778656
-1.000000 -1.000000
415.882690 422.535828
823.785400 457.118958
989.383789 576.643372
729.856628 304.693909
705.095703 106.519264
789.664185 484.016663
456.258301 569.989502
666.127869 169.891968
762.257812 621.556824
398.618225 390.959290
424.950470 277.679504
794.714355 440.315613
782.719849 227.507385
725.475159 216.327805
521.534485 136.925278
-1.000000 -1.000000
743.536743 392.173431
746.905640 424.119537
878.887268 538.466980
452.703613 433.132080
1047.749390 459.779480
688.462158 298.185730
663.036621 343.154449
793.040894 548.081299
636.492188 133.044113
922.820129 530.665161
554.668823 355.406891
804.615234 622.782532
1024.452881 488.549500
658.856567 528.999512
765.358459 602.212280
854.081360 248.226822
565.101440 419.289215
953.531616 506.533112
928.167175 618.092224
448.874451 260.328430
-1.000000 -1.000000
826.504150 615.703613
-1.000000 -1.000000
519.645630 162.291901
-1.000000 -1.000000
485.936188 281.582001
540.765503 275.794556
795.071228 418.853729
514.528259 437.339478
701.192444 547.864380
-1.000000 -1.000000
668.028687 213.314850
762.851135 301.549347
758.317993 415.120056
595.782043 140.945786
681.562683 490.505341
829.703674 523.101013
660.977478 378.142670
785.651306 586.298401
731.502686 591.965210
860.911865 462.938354
828.170410 88.591644
755.450317 331.637390
442.380646 502.623230
747.925476 338.039490
552.677917 404.351471
856.739136 108.649902
502.843994 570.559814
422.409698 96.931213
834.241211 147.871368
926.611206 294.499481
517.002075 353.751984
689.573975 611.234131
744.473328 577.532043
735.934387 252.115448
963.999329 311.665192
905.242859 290.061127
506.886017 89.037056
809.667603 135.270126
683.377563 120.744568
400.957062 462.758850
758.973267 249.887726
480.430176 514.178528
845.993286 470.303345
602.621399 207.388504
799.329285 483.731262
904.517761 217.821106
491.874054 405.501556
497.417877 345.165497
880.003723 201.566650
493.887817 436.750458
470.865051 595.008545
494.128967 496.414581
499.186737 355.505005
-1.000000 -1.000000
946.879883 275.359009
536.181641 644.697449
471.877472 339.767609
581.334961 363.347748
541.506653 126.786964
818.052246 581.566711
736.127136 109.444626
449.267273 146.294144
-1.000000 -1.000000
780.132629 434.564545
974.034607 617.338501
497.686401 317.723114
977.219604 529.772461
690.861450 561.053589
879.964722 148.252274
869.317749 625.964661
894.479187 414.624237
408.932281 556.451416
594.098755 609.177246
645.946777 178.536758
908.766052 369.946747
514.571777 392.028381
660.667419 441.395782
563.113098 631.494690
558.578430 597.324890
-1.000000 -1.000000
663.100464 267.434631
858.412292 474.722626
418.749420 129.909760
561.777100 461.171844
854.008789 430.489197
865.291626 294.363281
438.561951 186.326691
669.457336 576.925781
394.484680 286.019531
872.795715 459.876770
471.980133 461.670074
897.465881 618.588623
600.818237 477.345703
454.391083 333.287720
425.497711 601.270508
738.799744 491.214203
641.774231 347.996307
439.421204 203.786987
530.113159 323.275726
834.820435 398.643372
1003.793762 404.299194
859.016052 605.006287
515.163330 472.116180
770.554871 209.750351
922.817017 482.078369
504.052307 469.767639
953.107788 592.757690
774.755310 353.361908
955.466431 293.148743
652.748596 347.316071
752.609497 615.931824
-1.000000 -1.000000
711.293518 144.586517
565.869629 482.344727
580.558716 577.362122
983.637878 510.309662
522.779846 603.837891
1039.118286 470.645813
430.700409 72.696533
522.406311 540.882935
780.397827 91.005203
448.452728 364.687439
762.389893 516.875244
542.206177 380.772675
431.801880 553.482239
933.356567 594.589478
663.390015 392.763397
547.494080 111.025612
750.021973 294.736816
530.670959 411.315613
556.438660 565.781372
460.994141 149.260498
982.013489 372.981720
676.413574 165.134399
984.078308 335.373535
735.692200 402.165894
686.605469 342.825134
946.466553 444.583313
641.785034 152.197723
432.360352 446.257629
528.625000 276.448944
498.331085 303.413025
917.717041 238.741028
577.282776 535.236572
635.296082 412.638306
414.510529 497.967102
885.316772 131.663895
575.159973 642.062134
850.258484 581.974731
651.444336 383.411926
773.191406 130.312424
977.207764 497.789429
409.650970 307.187286
437.996277 304.658630
912.315125 395.150085
699.918335 147.639679
543.733032 287.812653
613.996643 488.413696
883.220642 214.129242
651.952087 221.519913
703.754517 535.578308
510.214905 344.324341
809.329895 400.018402
493.085419 584.092590
418.464630 208.573257
773.829590 148.109787
614.533020 152.220413
931.624451 404.254852
1001.921875 432.528412
387.720703 384.637085
570.036072 577.649841
1022.360535 528.029846
653.297424 195.865662
494.333649 228.935928
537.564026 349.266022
722.032410 365.771790
759.929810 528.455505
805.694641 208.730011
516.273682 48.758492
482.371826 477.520782
569.250610 231.647339
670.481384 190.129379
380.763702 162.377090
970.382935 420.458954
627.203613 638.831421
570.109802 605.781250
664.819153 416.444794
711.540527 343.418610
603.761963 606.810791
830.749695 339.412933
783.026611 187.377884
506.692932 280.398743
564.645996 545.742188
775.500427 602.032166
412.927155 297.950714
634.721069 625.481140
1004.432678 555.337463
545.601562 207.024750
564.767395 518.730774
822.144104 317.177063
986.600403 527.038147
412.800415 518.167908
813.505676 171.970261
678.879700 203.167450
761.895874 490.492950
-1.000000 -1.000000
625.135315 612.209167
695.989441 232.996887
528.024048 245.853668
-1.000000 -1.000000
859.499207 590.835327
