40.000206 40.000053
-1.000000 -1.000000
-1.000000 -1.000000
-1.000000 -1.000000
1238.962280 40.020279
-1.000000 -1.000000
-1.000000 -1.000000
-1.000000 -1.000000
-1.000000 -1.000000
50.895351 302.925568
-1.000000 -1.000000
231.302658 178.415817
239.268951 193.511169
216.317459 178.371490
-1.000000 -1.000000
224.224426 193.429794
209.197037 193.474548
243.461090 208.511353
201.281418 173.296936
228.248764 208.403885
-1.000000 -1.000000
-1.000000 -1.000000
236.589157 135.614532
246.392609 178.787415
236.966461 224.660126
221.555908 223.683548
213.207016 208.441925
-1.000000 -1.000000
221.566528 136.596603
40.583298 238.842728
180.088287 299.682892
-1.000000 -1.000000
51.280262 337.614349
234.263611 120.536316
247.474777 245.272278
-1.000000 -1.000000
582.534058 524.441040
961.844299 266.155212
164.843567 300.517334
232.375198 242.288300
468.603302 503.371643
219.369629 121.544472
-1.000000 -1.000000
601.753540 505.050446
468.114532 393.497498
564.971741 543.775635
51.343884 352.667419
636.354614 506.860077
976.504272 266.070496
554.390808 559.113647
550.108582 543.906433
466.303955 378.253510
638.020203 525.904602
309.951263 40.698944
482.954956 395.182159
231.568878 90.893013
453.313782 500.356018
579.901550 539.646606
473.094360 518.336121
535.150757 491.352997
149.670273 298.793121
539.871155 529.068787
371.928711 431.454529
509.064514 487.408905
891.329285 385.511902
-1.000000 -1.000000
180.124252 284.321259
550.761047 513.467590
453.580322 397.110260
539.429749 559.239929
659.916260 155.177109
231.577820 106.611862
51.243641 322.585663
598.286743 520.208740
-1.000000 -1.000000
616.900940 513.253235
626.075317 100.231125
533.885620 476.148285
495.612671 528.213501
755.446411 485.860382
-1.000000 -1.000000
164.914398 285.183472
582.848450 509.333801
340.864746 418.650757
-1.000000 -1.000000
535.491150 506.595490
524.698730 530.165588
483.836639 503.362946
569.247009 559.061279
372.828278 184.632843
906.116821 385.422791
650.855591 508.455750
398.497467 427.115967
509.355103 502.753540
965.241455 250.988800
693.805725 532.590820
947.279175 266.216309
682.795349 243.801163
554.830811 528.815613
524.072876 554.233765
468.369293 488.155243
217.387909 242.464523
456.661438 363.649628
500.707062 463.544952
264.302399 351.352631
482.265320 380.085999
427.755066 269.592560
316.119690 58.997219
980.146790 250.845886
-1.000000 -1.000000
752.947754 500.876434
252.778198 230.231705
902.976013 273.656860
463.647766 473.101990
652.555542 527.281799
249.452728 260.361664
-1.000000 -1.000000
674.985718 157.984268
356.425659 425.446320
524.292786 569.200928
413.641205 425.908051
-1.000000 -1.000000
451.734924 381.561615
623.715271 528.762817
854.876160 409.808807
339.894653 189.941605
480.497528 437.224762
390.864288 387.663483
426.723511 248.514084
50.677414 287.786743
-1.000000 -1.000000
463.037323 425.189209
370.027374 199.904984
-1.000000 -1.000000
444.004578 428.548401
414.539368 460.491730
206.555862 137.476456
216.625259 91.723129
334.482269 403.565033
399.354523 458.562195
615.797913 497.791809
447.866699 485.342255
543.666565 574.206848
566.834839 510.471710
485.566193 462.734558
252.570709 145.526016
733.318604 505.972443
149.813324 283.577545
657.950684 243.138123
457.756805 518.361145
508.691071 552.271362
549.937622 482.044189
294.354950 40.630234
678.987000 540.577576
497.566772 396.438049
402.054565 442.471649
773.269287 479.497070
483.722443 487.996582
-1.000000 -1.000000
991.106323 266.048645
354.775665 183.694351
216.815338 107.450302
584.193176 554.770447
708.498230 523.334900
887.877075 267.992554
407.094849 273.903534
325.329987 235.390808
232.116821 257.497925
340.186584 210.067078
402.627533 410.838959
888.543518 400.647888
911.876709 258.611694
432.312988 486.459259
248.723083 341.066833
355.169312 210.940979
604.684875 535.374023
405.661011 179.240997
902.898376 370.142090
480.426208 533.391968
304.438721 190.246216
417.388062 445.235718
518.120239 465.245605
246.363464 79.703285
-1.000000 -1.000000
340.508972 227.296143
691.341431 517.392700
373.359894 446.601654
470.725769 409.699127
354.743500 354.715485
365.710968 304.792297
513.592163 222.342575
362.793488 369.713776
275.135925 142.568497
593.067078 481.041718
-1.000000 -1.000000
834.504761 418.259460
375.556824 384.939362
428.982788 284.737549
441.454987 443.788544
507.671478 125.813744
396.994690 199.658051
682.071533 258.720276
196.163528 305.938324
333.834137 386.474030
387.285156 402.846466
508.835571 570.286621
266.750397 366.485718
873.532043 394.735138
914.614624 295.565643
644.850464 148.535965
611.398987 481.768005
530.414062 216.297867
299.861786 343.828003
764.409668 203.121201
333.139709 287.141479
387.588043 178.545593
670.076172 517.466919
-1.000000 -1.000000
872.548767 259.876099
319.814484 197.259430
788.121643 442.535675
580.158569 493.972351
-1.000000 -1.000000
371.234375 413.346252
325.596802 40.765644
512.603699 207.238831
355.981537 410.460541
301.999023 164.927414
359.412201 284.631256
437.701477 501.439606
659.082397 170.560822
718.353149 508.024017
781.763184 219.200943
351.399902 324.160309
617.834839 461.687103
399.263672 214.712112
532.945068 461.100128
709.034424 538.492615
290.209686 139.601974
465.501038 440.474548
425.738739 181.064514
441.667816 250.402618
488.942627 209.605362
856.537903 394.903656
284.951141 350.121063
756.242676 515.943665
658.250549 187.709106
318.285767 375.250275
282.266174 365.290619
624.484619 115.526016
237.152176 326.154205
766.569580 218.315430
500.122528 447.914581
366.214905 319.958801
889.695190 252.998642
405.971741 388.559021
803.864380 431.387726
899.184204 288.725830
296.526794 205.380905
512.530579 192.147598
625.557129 480.706055
302.754242 376.179688
411.694244 245.681183
442.729523 266.518890
263.632935 328.949066
549.085327 604.068298
496.913818 430.704437
325.604523 418.631775
441.755798 179.800919
-1.000000 -1.000000
264.203888 312.705811
289.137207 185.336792
903.212097 400.587311
509.805786 140.889404
429.764252 462.432739
565.315857 495.225586
781.624329 203.917938
918.370789 276.542114
680.659790 428.431946
245.301788 106.021782
326.734711 352.775787
927.093750 261.613281
233.405487 341.258820
449.990173 144.330307
301.323273 359.082306
333.510986 302.049225
317.181946 163.821548
379.729858 461.659393
723.714966 523.086365
492.779449 128.836349
667.277893 257.960022
-1.000000 -1.000000
283.404510 380.356689
550.520752 656.301147
440.557251 404.008026
626.516968 543.736328
445.625427 126.325317
319.378906 180.996338
465.371277 171.249863
301.173279 62.072762
528.374756 201.106842
348.538635 299.845215
575.911865 45.492138
-1.000000 -1.000000
-1.000000 -1.000000
611.137512 98.201271
803.326782 446.683960
720.933716 465.484772
566.432495 133.408569
775.480042 494.799194
417.752197 410.612823
524.691101 134.616104
448.328430 470.228088
551.365112 135.587326
628.177002 559.685120
279.652405 317.534760
341.285736 433.603149
558.746582 573.986145
434.848907 142.482849
725.517700 447.333649
329.066833 322.316040
855.305847 424.894531
340.687775 242.431534
819.479492 422.196259
-1.000000 -1.000000
339.610016 174.608551
419.203308 211.497360
487.018188 224.773468
582.565857 174.568787
352.098114 339.591095
874.083679 244.871140
355.561310 226.153976
994.689270 250.990738
318.640900 390.557983
442.484070 164.454422
333.552277 370.932404
-1.000000 -1.000000
549.034180 589.020203
379.924530 144.877518
370.224579 214.807404
532.193115 428.105469
310.016693 226.369095
463.220825 457.888763
416.822845 477.555603
363.217712 269.475372
768.901367 464.318451
284.296906 333.668976
356.636841 440.559296
935.870056 296.479797
396.990784 255.916412
-1.000000 -1.000000
485.238495 411.299194
204.354858 122.795830
494.918121 144.858841
578.304993 478.093079
434.330200 215.349258
387.822968 310.691803
564.197510 604.988892
-1.000000 -1.000000
427.636108 233.347794
345.137787 155.333603
423.329010 300.026672
484.371857 171.141129
404.704926 141.706818
455.708893 678.410645
474.589142 124.040993
669.295471 555.398132
749.151550 202.341629
575.628967 93.955872
872.827148 274.882446
278.844116 40.713146
311.237885 134.275055
337.981598 268.929138
349.288574 389.295898
738.698547 521.012695
230.728760 72.685066
635.850891 465.551117
899.431702 303.720642
342.656525 138.960129
543.226074 193.944504
907.601196 350.009216
456.610168 251.294434
545.529907 228.328995
916.900513 315.578369
671.732849 597.118469
474.033630 206.802094
545.448792 213.136292
443.917358 281.707062
-1.000000 -1.000000
682.588562 455.644165
496.618652 381.464294
669.688110 502.432220
657.458923 202.874542
286.869812 166.121323
526.878296 149.833145
756.895386 432.308075
396.738922 237.949219
644.204285 166.772964
592.689331 465.872803
425.962402 196.322571
873.798950 409.736389
414.479065 90.770103
579.232422 450.699951
724.025513 538.331848
950.590637 251.146072
585.491394 159.536026
364.840393 142.882782
323.393890 250.453964
594.662537 450.842346
746.314636 449.253906
784.542236 457.742035
497.583710 194.326218
642.919800 242.375153
548.045776 467.140228
654.434814 446.261719
361.797668 241.269028
455.101105 204.055069
557.549072 152.572678
215.662720 73.642357
399.386353 473.652466
326.812256 337.655518
934.613342 281.476715
782.383606 422.389984
857.232849 254.937012
528.456055 231.485016
767.310120 449.061707
267.981995 381.555634
369.919708 354.549347
699.341614 440.419067
611.255920 446.804779
375.494080 123.599922
241.461166 164.871674
706.840576 493.069244
325.206085 220.214127
564.668884 479.829895
591.304321 371.044800
528.334473 186.002487
-1.000000 -1.000000
676.786865 273.766602
391.303192 372.688202
224.410416 311.272278
699.802979 460.573242
755.565186 417.159454
407.364838 164.018097
-1.000000 -1.000000
249.141571 356.295135
653.997620 431.026764
564.548767 167.628159
397.565735 289.169800
635.744263 450.502563
457.704132 266.427826
664.240112 540.802490
404.646454 310.667938
480.017090 153.999969
819.018921 441.487213
643.437195 188.079285
294.636108 223.349884
685.817749 570.599365
-1.000000 -1.000000
442.543304 235.233627
599.222290 550.274780
766.694641 233.367813
689.929871 500.251312
511.977600 156.028381
904.484558 243.706528
836.896973 433.231384
390.318115 273.028839
552.910400 97.064026
659.584778 140.223831
382.292786 160.213364
405.140747 113.479057
592.763062 390.154297
764.132324 188.009903
454.283539 98.958008
465.099731 533.315369
511.474762 429.141388
489.260132 98.524872
430.455811 127.398033
571.221008 206.836609
535.843994 445.330658
326.350952 137.134094
581.063843 113.863152
295.675171 124.031746
343.206268 123.985077
221.910675 326.182068
263.028076 245.516373
751.456604 218.409286
781.868958 234.272430
586.041687 203.826599
442.223938 516.399780
459.899445 548.177551
463.717285 579.259583
-1.000000 -1.000000
484.731232 651.337219
917.976013 400.382324
751.128113 470.687897
467.280151 230.163803
887.964478 370.230774
884.118103 289.914337
427.443085 161.592316
680.373169 188.431259
261.365753 78.692825
557.974365 191.558517
428.860046 428.770935
380.613495 295.459229
480.338776 548.227600
471.698242 139.283051
-1.000000 -1.000000
517.256104 449.706207
721.959595 491.028625
499.409027 411.961517
742.116394 434.366974
258.316589 297.707947
568.831543 361.102234
695.887390 425.277588
874.861511 229.850525
424.529907 315.014343
665.277527 487.357147
-1.000000 -1.000000
249.722946 120.425453
552.565125 368.107574
641.134277 542.643372
441.318787 80.313042
499.267944 171.036148
322.649841 267.796448
513.708069 237.646393
439.272186 111.234863
788.196106 356.927826
550.716614 641.211853
533.346680 410.839966
444.605682 548.207764
656.782410 599.419617
564.210266 589.877563
725.980713 427.322266
540.296326 120.371262
650.707275 461.149628
921.033997 385.223236
678.177551 173.296967
450.078064 296.562286
255.723648 196.164017
868.944397 289.958313
526.998657 169.018677
258.096313 166.716751
507.002777 97.372421
465.190552 156.050720
689.986023 363.938171
444.318329 569.424927
284.988892 302.609772
638.981018 435.206329
394.297180 92.625023
842.020508 252.861862
245.395462 275.775146
422.314362 501.578918
736.049316 471.651398
780.107910 407.549591
294.844055 318.539154
590.386536 96.038284
312.561737 118.812119
770.891785 509.915710
390.477844 126.476921
421.302643 395.533569
471.384827 363.745453
317.640686 74.287048
472.076538 563.180603
937.988831 311.516083
525.379272 119.304077
474.156708 99.714241
-1.000000 -1.000000
852.648865 229.861221
635.488770 395.757812
699.476257 553.471985
545.121033 52.376377
317.803864 283.100708
542.773621 150.830750
638.460083 420.092957
358.398651 126.686577
373.643158 678.494446
543.081421 178.940048
609.592346 113.523079
-1.000000 -1.000000
-1.000000 -1.000000
455.995758 70.863632
419.813049 142.380814
492.764038 573.086182
438.886200 96.039223
672.593628 289.016907
901.559814 318.743164
579.510986 435.744537
471.607452 251.444061
528.627197 395.951752
581.309570 129.235306
590.986816 45.631813
569.375061 383.321655
706.310974 477.852966
226.426712 164.404205
740.674255 419.183411
357.630157 455.572784
614.562866 558.655090
471.087708 69.990524
737.717041 490.945007
858.621277 439.803436
738.822571 536.090515
684.567200 485.113220
366.858887 335.128113
560.737610 81.741737
419.795807 331.171906
195.543243 290.395721
758.619263 531.027222
327.818054 121.988358
688.663757 220.453201
365.193451 158.249512
690.417908 379.161102
583.447083 351.557648
590.212219 405.037140
-1.000000 -1.000000
876.111938 424.684357
597.610291 174.583786
274.647858 127.265480
797.022278 222.179810
265.384949 260.614349
261.929169 93.841400
640.348572 480.750336
674.659180 142.991806
482.650665 191.462433
629.912476 145.747375
917.862976 369.931213
444.914948 584.580200
686.370300 585.693787
-1.000000 -1.000000
308.131348 241.510437
331.231873 49.697727
243.152176 299.855255
601.034119 201.884033
642.642883 203.228668
562.143372 464.691528
-1.000000 -1.000000
825.550171 388.922913
560.719482 45.331558
802.591370 392.123047
665.894775 570.836792
548.062683 406.538574
751.612061 233.453644
555.186340 118.164330
389.831177 108.455887
745.702454 187.183487
788.256592 479.024628
655.240784 415.972961
652.256592 258.360077
-1.000000 -1.000000
642.925598 557.054504
612.416809 393.003845
236.743729 150.856842
456.687073 660.075317
804.613403 359.006897
594.963562 435.768707
476.108887 291.552826
449.860260 533.291809
486.221069 240.018250
420.449493 380.297485
251.596909 371.529968
535.767395 92.071022
890.526428 415.795624
866.177490 379.594635
834.127502 448.478088
401.737488 488.646301
411.529785 229.641220
530.466919 65.862114
341.261017 448.618439
218.116379 341.289185
567.848022 345.536713
202.250595 109.480362
679.027771 394.091980
788.037842 342.021454
650.053162 393.342224
837.476318 229.927277
843.269226 286.980927
584.169556 570.006653
303.101715 391.370422
665.883667 461.150604
387.232239 325.562592
424.305908 112.420341
634.260559 380.742340
786.858215 381.068970
679.125488 413.634308
658.021118 629.537048
611.720215 373.138397
724.656189 227.465012
348.208069 107.409737
575.247559 78.783974
215.572845 295.582764
376.599396 229.946106
659.941528 614.479919
733.815063 202.406036
472.848480 266.548126
683.590637 203.516098
857.547180 269.985413
487.328186 365.552185
560.588501 232.282776
281.253784 200.452759
555.848511 449.009430
799.682373 461.693176
779.387390 188.806320
233.787628 356.350800
586.435425 219.016068
427.680145 548.505432
457.806732 645.106262
708.674377 365.875549
452.239685 219.122559
486.310364 68.153564
489.552490 113.863518
661.990845 272.900513
488.872742 83.231354
949.500427 281.299683
426.451294 572.906006
341.482910 41.193924
441.965393 363.752441
376.111664 92.633507
629.403931 168.244217
537.374451 369.011536
444.285919 311.632965
438.761871 388.865234
357.497437 481.916351
574.841736 398.229034
628.522217 187.604568
733.087769 366.596466
805.007446 377.122986
632.106750 63.477879
404.177795 578.828613
623.846069 422.153717
548.682129 391.670288
804.400269 416.260315
784.078125 249.267014
300.236298 303.609802
709.028992 380.945404
639.365295 115.424606
710.770386 425.298615
206.246277 223.642899
825.726685 360.915222
318.171906 298.222626
593.673340 335.050781
694.037170 393.806702
577.036987 420.621826
286.418243 66.368599
813.838074 280.001495
734.464172 383.628418
503.668091 82.027290
796.878601 207.086121
374.810516 108.639145
272.040405 112.463181
399.063477 548.479370
740.181580 403.968079
749.361084 382.516205
440.332642 64.639931
-1.000000 -1.000000
-1.000000 -1.000000
545.787720 243.508102
507.063446 252.989319
761.503235 359.305084
292.820465 241.597046
552.837646 350.887939
522.633362 380.320770
554.461121 433.734344
487.364960 255.445633
812.252808 221.209290
593.498474 420.495972
674.892212 622.007446
180.483810 315.260101
608.521179 420.260498
425.961761 74.943703
931.792908 326.855774
606.172363 216.854065
216.971634 257.937500
725.163025 405.993073
434.741486 329.963379
440.589844 648.440430
226.320297 278.835571
377.835907 548.767090
590.164795 80.846558
490.823608 288.434540
799.374573 248.137375
762.260071 344.125793
467.394897 46.389194
842.438110 271.939514
665.380981 369.148102
903.452148 334.989227
700.731140 568.585815
377.216064 487.780029
-1.000000 -1.000000
405.007080 325.380005
600.536255 159.543350
339.797852 476.620331
907.046936 415.941772
757.041687 402.000122
562.193726 60.794739
421.488434 642.625854
-1.000000 -1.000000
514.211731 403.866791
304.421204 265.105804
274.085327 185.504974
346.742432 91.986610
647.908752 351.123871
718.381165 200.314224
379.976257 569.949402
515.359314 66.984726
410.606415 75.166832
588.589111 238.907776
798.598999 274.217163
-1.000000 -1.000000
596.096985 129.248001
814.631653 250.042816
458.932831 281.695129
-1.000000 -1.000000
545.434204 69.606682
518.678345 81.906700
389.864868 355.128845
530.760681 246.655090
662.948792 352.108032
648.517334 372.534729
688.772217 349.013336
529.638428 46.715340
950.601501 296.354401
675.806519 636.945129
309.765472 406.594818
644.466003 133.463791
227.605621 57.383194
919.743103 243.694458
851.307495 215.082184
747.154358 344.170380
289.029602 261.132904
498.874420 46.454174
274.228516 396.368347
206.315765 321.241943
505.812408 285.186554
608.864197 337.281372
846.254517 379.747742
645.253174 328.797028
790.363708 494.540863
726.528015 553.181274
806.229797 343.961670
710.164062 406.126221
819.047058 404.149323
612.740173 186.757721
302.666901 280.310791
456.768585 186.811234
640.923035 100.142502
570.357056 330.297943
309.846069 318.426910
391.601288 77.305428
507.380951 267.946198
429.541168 587.842407
382.150940 258.105103
328.036682 106.455887
699.099121 303.093201
252.557785 386.650940
326.085205 433.626984
657.688538 287.957581
694.186035 409.384674
841.714539 395.039307
836.172852 215.216461
673.576172 228.822983
-1.000000 -1.000000
627.551697 247.310028
467.341278 316.489105
545.890259 258.508087
815.791443 265.077393
772.652954 391.450775
-1.000000 -1.000000
212.634857 58.359768
705.331421 223.414764
598.998413 355.766144
817.650696 295.211365
658.380371 305.419556
708.016479 583.671387
565.748169 656.292419
700.150085 332.581573
550.946411 626.164856
287.509369 287.440521
358.841827 578.679993
326.163727 87.670914
581.496460 144.472351
483.110474 48.334938
352.776031 73.505409
624.424683 49.398785
873.623413 439.590240
645.093628 614.789185
818.314880 456.589264
423.367401 657.863770
884.152100 304.727203
490.727631 273.282654
182.331970 269.074127
766.683716 248.418732
617.515808 64.339439
578.990906 606.844971
625.535339 84.149261
779.938721 525.010742
577.112000 60.941048
615.024963 142.763062
596.197754 319.828827
723.228271 185.217926
226.423767 42.442635
662.223450 333.744232
888.157288 340.966003
502.194794 366.351776
643.658081 313.681122
763.972656 374.366058
785.487366 509.895660
508.114777 316.735535
922.644958 354.895630
-1.000000 -1.000000
725.825500 568.467041
522.032715 261.790894
822.040466 345.828369
404.427612 563.671326
796.433472 294.446777
302.402435 77.704208
643.132141 629.837402
379.876190 584.647644
677.374329 310.481445
619.630066 575.326660
946.720520 327.004791
297.237305 108.711388
699.430786 199.462997
803.045593 478.935242
844.543091 359.643433
341.659973 491.627899
605.021973 83.202324
839.029663 302.197998
352.754974 548.625183
201.970322 338.458954
261.586365 282.414154
684.961792 327.520905
710.190063 350.902313
452.625336 46.612740
651.559387 571.382568
473.452850 636.181946
-1.000000 -1.000000
449.529144 326.643951
260.146027 212.379471
783.179932 268.501312
820.755798 310.285858
632.948669 351.267273
732.062317 340.269836
321.556732 454.471008
448.141632 348.952332
279.419891 215.544022
691.822632 273.740875
870.288635 362.152405
794.485840 188.799637
574.834778 255.109558
565.876648 640.284241
630.075012 329.111786
313.079132 103.528732
797.625610 309.384979
236.280930 371.407379
600.352051 565.590515
337.113800 550.771545
614.211426 357.896423
321.957703 480.848236
760.507629 172.963425
611.563477 321.773346
405.661560 640.494202
-1.000000 -1.000000
934.335022 246.320999
593.063843 60.854321
812.133667 206.169220
165.261063 269.887848
405.992889 365.347931
493.114899 318.798279
580.541016 658.877869
426.536499 516.400757
520.742737 285.026154
411.232666 533.603943
718.895325 319.020844
603.443481 235.850708
874.752625 214.914810
715.577454 334.440430
357.444733 496.796783
252.568436 401.477600
709.253723 245.779160
885.983276 325.740448
522.205933 365.060974
745.229614 172.044174
377.311981 502.835938
848.759033 455.450378
629.432251 130.570160
242.560287 57.433609
440.633667 633.414612
411.132538 518.515869
724.533447 242.786255
-1.000000 -1.000000
627.747192 202.702484
339.014740 565.871155
305.306213 455.503021
690.536255 600.997192
868.886169 304.864685
693.895996 173.228836
309.966949 421.620422
642.752502 298.222717
873.021851 341.935974
211.772049 279.810272
