-1.000000 -1.000000
-1.000000 -1.000000
138.348450 192.676682
-1.000000 -1.000000
-1.000000 -1.000000
137.357315 177.608810
-1.000000 -1.000000
-1.000000 -1.000000
-1.000000 -1.000000
-1.000000 -1.000000
-1.000000 -1.000000
-1.000000 -1.000000
153.364166 195.685333
-1.000000 -1.000000
1021.574646 162.533325
208.488113 191.156525
123.309204 192.672470
-1.000000 -1.000000
1204.918945 40.723484
129.478928 162.583969
223.610886 194.308777
153.393631 180.665283
1036.578735 166.590851
1006.537292 160.388885
212.679367 176.093735
122.345802 177.586884
-1.000000 -1.000000
-1.000000 -1.000000
-1.000000 -1.000000
-1.000000 -1.000000
-1.000000 -1.000000
-1.000000 -1.000000
-1.000000 -1.000000
-1.000000 -1.000000
227.705826 179.173553
238.615356 197.443756
-1.000000 -1.000000
-1.000000 -1.000000
-1.000000 -1.000000
775.251770 148.717178
-1.000000 -1.000000
1218.783203 96.273247
-1.000000 -1.000000
-1.000000 -1.000000
227.951172 164.224045
-1.000000 -1.000000
-1.000000 -1.000000
773.000183 163.656433
1021.361206 177.488510
-1.000000 -1.000000
-1.000000 -1.000000
-1.000000 -1.000000
1029.649536 96.384224
760.220764 148.703278
1006.186401 175.364868
758.003601 163.646210
251.509155 212.761261
1014.725769 95.202919
152.572052 165.650726
236.522156 212.741348
1036.311157 181.553986
802.540894 198.514404
233.386353 227.856262
253.603455 197.766678
249.377884 227.865692
108.282364 194.691589
817.507507 198.657410
114.488609 162.546341
1014.669373 41.009312
1051.802734 164.711594
213.001038 161.132263
-1.000000 -1.000000
1030.078125 81.094856
-1.000000 -1.000000
832.448486 198.735947
736.283142 86.420662
138.312073 207.713272
1014.986328 80.058380
136.202896 222.720566
128.601151 147.486649
750.896912 178.612793
766.744812 178.552902
123.288445 207.713013
121.204979 222.719162
-1.000000 -1.000000
991.450623 156.108688
745.247559 148.770065
1044.421997 98.549248
221.601395 209.801804
524.412781 43.276207
228.317032 149.253479
-1.000000 -1.000000
1030.225220 65.954475
743.082214 163.700455
804.440796 183.256592
819.436951 183.575928
751.058044 85.508377
106.182091 216.719727
1207.225342 81.358536
834.394165 183.722916
-1.000000 -1.000000
-1.000000 -1.000000
218.432297 224.856689
522.751160 58.210991
151.198486 222.737595
-1.000000 -1.000000
736.108521 185.751572
-1.000000 -1.000000
838.491943 213.983292
-1.000000 -1.000000
999.832092 89.011658
197.577850 176.046051
1015.117065 65.046585
268.616943 198.730682
1045.307739 60.887760
790.935242 379.771271
1207.765747 66.252739
735.939636 71.230789
789.769714 364.802155
1045.161621 80.003387
-1.000000 -1.000000
1203.747803 96.125259
723.381348 363.204193
693.520386 305.249725
999.975769 74.012505
417.587372 209.173553
663.978027 452.731445
283.740204 204.594254
-1.000000 -1.000000
201.610474 206.225677
789.412598 394.750458
266.485565 213.836365
694.824097 290.163605
509.344208 43.000072
419.660126 417.558441
507.693207 58.009560
1053.800781 140.157166
679.036560 458.737091
1051.618164 179.665024
1210.126099 136.566452
1036.761719 152.180618
1201.262573 121.506538
696.329041 274.978668
242.654709 182.115204
418.565186 193.948380
432.524261 210.192642
283.516785 189.200211
1053.807129 125.270210
283.674805 221.974350
-1.000000 -1.000000
766.573364 193.751846
233.451157 327.474274
991.207458 171.187683
750.704712 70.253151
213.732544 146.084641
776.317322 360.058258
777.522339 380.003052
1189.897949 136.510910
823.666565 213.838776
1038.169434 118.846909
659.961426 437.702362
404.543091 414.335968
1189.753906 151.448944
433.621887 195.088226
722.421631 378.207550
1020.955505 192.474136
1005.825745 190.350494
103.733650 40.988838
234.295486 342.656525
218.882751 333.367371
679.064453 443.806976
1038.856323 137.305359
389.461731 415.228729
707.057434 367.091370
642.176575 171.849426
-1.000000 -1.000000
663.919617 467.733795
249.775604 325.683289
1186.119751 121.541016
1205.985107 151.540970
313.401001 217.642120
417.553497 224.331955
113.722130 147.408401
784.343384 409.673279
581.932312 171.323318
708.240051 305.389374
599.941589 438.315399
804.158447 394.797791
805.739441 379.681305
751.803101 193.756073
422.915955 432.630585
312.982178 202.849747
776.538452 394.997345
1023.290039 111.505058
1030.473999 50.818760
107.332329 179.692612
576.485474 199.277710
433.686554 179.908539
1021.792053 141.375961
1066.632202 162.857788
441.739807 418.659149
804.492432 364.704071
584.930786 431.974518
709.462891 290.367188
591.658386 187.335098
395.661316 430.359589
338.484344 433.688782
680.958679 473.735809
456.770782 418.736969
657.261658 173.959106
264.762146 323.875610
641.937378 186.859802
1058.926758 100.209793
601.909119 171.366470
505.288422 73.750092
219.392410 348.405518
418.619781 178.775467
694.017822 458.946655
-1.000000 -1.000000
499.726257 168.373199
614.992004 430.434967
197.522598 161.036591
723.604126 96.917114
686.853149 320.362976
106.361328 231.711853
-1.000000 -1.000000
694.031006 443.991821
643.560974 202.143112
829.788818 90.362961
584.982666 446.994019
606.575989 197.309814
570.017334 437.858978
441.939514 433.710205
288.498047 337.203644
591.552246 202.299774
491.287109 205.453461
242.890091 167.298645
1040.053101 196.572220
249.066223 340.784973
600.072876 453.305573
522.025146 73.652771
328.921631 221.122620
619.830505 176.752869
827.698425 168.672821
403.644745 193.856339
706.969238 382.099854
629.935242 437.573517
268.753326 183.861755
805.700806 168.328110
710.882568 275.352783
484.755432 168.275284
814.882874 90.376907
615.102600 445.446442
566.839111 184.244614
470.118561 205.244125
456.977112 433.805267
253.861053 243.744904
490.483185 190.376526
432.530212 225.407715
606.561401 212.353973
650.358521 152.901077
478.649384 421.008392
672.328430 175.954590
781.746155 178.626572
765.911438 87.938141
798.795410 409.937439
464.345032 190.247437
630.286865 153.679550
509.573639 434.469574
328.683594 206.259354
561.461304 199.295578
492.597931 57.977650
1068.593872 126.168800
999.545715 103.724060
787.837646 196.000763
691.676941 367.969086
623.442871 201.874741
566.988037 169.206070
288.336517 322.175873
658.793335 191.184967
380.581757 430.234039
234.551071 357.662598
494.335663 43.148972
518.753662 164.420654
266.496490 338.992432
649.429199 220.290253
321.917847 187.520935
598.914429 468.345306
576.350830 214.390823
1068.567871 143.065094
583.945984 463.044159
539.530151 413.680481
645.046265 434.551666
203.569336 332.161835
567.946716 422.814209
542.797180 436.451660
602.212158 152.331070
630.458801 138.791260
625.317688 216.940186
341.218018 448.748505
289.421570 352.172272
203.725876 346.967896
747.496277 361.685211
440.145782 265.976501
583.327209 152.169952
695.921082 473.953522
274.459961 354.114319
844.649780 90.323296
445.864349 452.707489
598.427612 133.382645
551.925110 169.045837
1174.866577 136.096344
217.896835 318.377563
830.863831 75.358383
691.545227 382.966095
565.149963 150.107758
702.190430 320.770538
662.368103 246.160751
508.401581 417.438263
664.503479 206.422150
1210.053223 167.368973
646.328613 236.147278
551.587158 184.152191
673.836609 191.218826
772.524841 412.908325
469.670502 167.287308
664.389404 221.405258
402.948792 208.969879
499.806244 222.073166
243.213058 152.401718
730.222290 147.803864
630.615112 401.475800
1015.360291 49.966290
503.001709 144.475189
527.690857 436.422729
478.786469 436.060028
323.514740 434.639893
649.122070 452.564362
583.588623 124.259720
615.781006 415.267975
1174.721313 150.961365
554.541931 404.927490
199.452713 221.436386
656.559204 137.971191
815.937195 75.360313
829.038818 60.440720
615.607056 400.458618
523.558838 408.624084
521.034302 143.658371
679.565247 153.962006
550.173828 149.871353
635.153748 382.610596
505.388336 183.439529
568.050171 452.873505
591.392700 217.384171
534.341919 389.801331
630.028076 452.565186
387.416992 400.203491
484.844086 222.890198
403.462006 178.524521
423.770416 454.512207
633.809814 416.430450
549.385376 128.923355
598.745972 114.285194
417.565521 239.629333
677.808838 137.995621
402.438354 399.410370
490.473633 73.881149
297.977203 307.300964
762.444092 374.915161
553.051758 369.252991
494.528625 432.332581
479.108124 131.255173
613.629517 132.532974
666.265869 265.213135
558.123535 214.476913
470.317413 273.304810
454.238403 175.064957
506.108704 129.517868
266.014923 229.774796
622.044922 467.506348
506.226257 198.571396
551.327087 389.924835
722.788025 393.286438
463.453461 404.054810
478.039581 146.265350
54.275055 51.411400
728.078979 170.811203
472.095215 388.299011
469.738373 220.476578
808.781189 213.467667
647.228271 251.060623
536.914978 164.647522
520.393005 179.501465
564.453369 124.125008
493.480011 417.255951
514.733826 223.273590
723.779663 309.010284
760.552429 391.900452
235.254913 242.849304
508.655426 449.443207
645.616272 399.665314
687.189941 402.429169
534.204651 128.892639
303.142792 336.476288
616.894653 90.242973
374.334320 415.126282
566.284119 390.068756
656.056030 323.259003
455.142120 269.215027
682.865479 488.736084
746.701721 376.667053
566.954346 467.876526
344.305756 221.452271
736.956787 102.995392
679.594482 206.443756
495.061340 386.365967
448.836212 190.135483
631.904114 367.717896
470.220306 116.090073
620.194458 231.825500
571.692810 107.076866
1170.735474 120.850281
521.293335 194.669891
530.952637 219.071701
218.185455 239.855408
478.376953 406.200378
692.070251 114.023430
587.713684 92.132011
536.478271 194.932556
735.950317 56.245686
448.401276 403.843201
259.402496 355.941833
771.323608 344.909180
464.953583 450.810699
725.051819 119.887299
618.923157 114.461029
280.068878 369.265839
600.441162 397.184082
123.448914 237.670044
537.959595 366.062714
567.395142 357.282959
599.806763 423.095123
666.096558 482.581665
707.075867 118.090446
455.381927 112.988319
732.353882 348.598267
745.219299 310.565369
297.028137 292.120361
692.969604 133.017883
640.029785 467.532715
408.721985 454.439972
739.412231 325.774506
555.726074 90.988739
363.850739 581.703186
282.551147 306.820770
536.592468 179.785248
680.912781 521.470215
567.790283 372.330566
601.904236 382.366730
649.032837 266.039307
616.738770 369.497345
342.808807 463.802887
708.165283 352.595856
479.795258 451.081055
425.197662 264.963776
335.705536 418.603088
497.603821 88.382774
650.813232 344.081512
703.902710 215.443298
392.543365 445.327728
677.148743 109.995682
723.491821 81.572113
326.321350 449.651886
1066.880005 177.678711
454.576324 214.243820
469.266724 288.334045
620.042419 246.824280
337.584473 190.732925
647.276611 358.919891
845.671509 75.285843
751.831543 102.707336
454.148590 388.041992
692.193787 99.026917
527.432922 245.671036
552.421387 354.251068
344.121277 206.563492
552.693359 105.998825
619.984924 384.468475
773.960938 323.972046
430.521790 402.601990
459.416229 94.681496
631.935486 89.272568
537.477844 114.038780
742.644470 393.600006
485.506256 371.401184
709.109497 459.162262
659.820068 422.612000
485.300049 282.452240
702.273315 409.702301
497.474701 110.522118
710.933777 476.139160
483.711395 237.852814
677.074829 95.013153
569.570129 405.188080
765.188293 72.257706
464.073822 131.153931
512.523254 88.551285
474.538513 94.948952
679.475830 221.290619
724.690979 293.287170
308.510101 437.692688
512.460815 241.456375
707.977539 133.217529
709.173828 95.259354
364.522125 431.084900
298.134430 276.857056
789.605652 349.717194
-1.000000 -1.000000
570.700684 91.027519
659.797668 123.001488
750.237061 346.865265
510.317535 391.501678
705.085022 200.799667
527.822327 461.390228
633.856567 265.969879
478.363098 75.330917
655.548706 308.204681
814.139771 60.455273
773.745789 309.102173
746.455627 294.501648
633.786743 123.872551
385.467255 460.313416
365.545685 446.088318
-1.000000 -1.000000
674.748047 428.383881
493.452942 401.315887
421.909271 163.360153
631.628662 352.805634
432.475281 240.502151
480.401215 258.488068
509.845551 464.380676
616.403503 354.539734
470.476532 373.364990
440.273468 280.952026
500.585815 361.604156
650.452942 381.813934
312.462097 301.744781
348.772491 582.565613
468.570068 303.280396
536.674744 98.975891
569.834656 342.195068
683.431641 536.557495
656.953491 107.974449
542.825256 451.504700
266.493835 308.460876
657.146912 293.173004
543.762817 466.490540
304.042969 351.546875
512.255249 259.242645
584.734375 413.800720
758.930298 328.004028
537.109375 346.072876
555.584167 244.606964
1055.443115 194.710831
403.049011 224.181519
704.772705 155.285858
263.270752 371.053894
774.025391 294.104340
454.077362 309.958923
281.750824 291.995911
619.917725 482.320221
672.515259 295.454285
708.685730 173.893265
84.188202 40.537304
313.454773 278.047882
472.931427 347.155548
647.051147 91.602699
294.963470 367.338593
703.016296 230.171707
651.080505 482.430206
527.245728 260.326324
582.451233 357.383301
484.350769 297.436279
1006.809753 146.798035
464.535309 76.771736
138.446991 237.669250
455.372437 371.103088
344.586426 478.684296
202.340607 317.775146
421.124939 387.672333
719.874023 202.699203
1008.311951 118.304611
725.284973 333.552246
406.404144 163.174606
556.797180 229.387512
317.807343 336.673370
661.989624 92.852737
483.703003 312.405884
739.194702 117.549873
449.021515 128.076645
219.358826 363.418976
602.836426 483.308044
677.427612 236.218246
718.933777 217.422867
313.911072 232.091370
90.931427 211.457611
462.955353 146.106094
515.963074 361.543610
615.157288 339.671356
709.270691 444.152771
512.519226 111.608429
488.927246 346.314728
439.845703 113.005730
510.121948 376.594635
602.269714 232.437653
202.323166 361.191162
443.493591 467.702606
569.579773 327.364624
633.884766 108.583954
750.781189 55.263054
320.707550 419.549500
583.700500 478.180542
840.849365 235.843018
364.329468 624.520813
203.039566 236.515808
575.055359 229.260254
671.475708 403.060120
677.176270 280.458649
348.978333 567.589478
1000.024597 59.106247
718.084656 232.122025
547.238159 320.219299
635.168701 338.062897
542.312073 261.409027
365.506470 461.167480
521.395569 346.708801
688.701965 191.621353
597.470642 367.392700
400.558289 469.345062
364.065308 566.763733
530.412292 331.265137
444.401978 94.551247
312.936554 316.542633
824.693787 105.152863
617.688049 323.932373
378.664490 585.733337
690.096558 425.784698
372.165924 400.094421
635.875183 482.287842
572.852600 244.513611
725.914551 415.395386
581.143005 387.189545
487.548340 331.276886
247.827942 381.941925
554.644592 339.033234
618.826721 263.777985
478.066254 57.616753
503.988892 341.694031
843.983948 60.408825
497.343658 255.948196
426.057037 127.932777
359.317139 415.992615
328.540924 273.588440
725.969116 278.625061
562.261658 312.308990
283.034576 277.056396
640.752197 323.015259
423.519165 469.363647
457.801819 346.894928
582.813171 372.271729
799.996277 90.459213
446.482666 150.970154
710.045349 335.581604
426.077179 148.581024
702.697815 491.048584
734.043274 228.046097
532.186157 316.176178
406.032867 384.607117
667.737488 497.456390
585.049377 338.169495
349.308685 647.258484
439.083954 387.898132
1075.173950 40.532913
839.668152 105.150391
701.544617 244.836105
311.283447 452.699188
601.908630 247.726715
379.392487 616.599121
1060.291748 65.922256
468.463104 240.414413
318.666870 351.694580
346.726013 500.411133
787.456787 334.966248
193.489487 191.035065
265.967499 294.079742
734.810730 213.508881
318.708801 470.364563
823.493713 120.290848
470.869202 465.974304
842.343811 168.793228
577.297668 312.565613
92.942146 196.146790
662.203308 358.979919
600.081482 339.508942
528.890381 476.279816
665.715820 344.427094
512.321655 287.881104
695.824707 521.694275
557.473022 262.324799
703.071167 550.382019
603.631897 263.764221
494.631958 464.271332
391.064636 384.361206
515.086609 321.908417
588.820129 77.013535
687.261169 169.456818
442.984131 349.842041
53.239048 67.592850
472.673645 332.059509
-1.000000 -1.000000
691.753296 353.534454
633.867004 292.909271
997.298767 41.015282
349.281097 627.248108
144.417480 150.584946
512.727539 302.892242
826.484192 236.671432
812.752136 409.543304
675.419739 387.134338
350.678040 246.999268
757.491943 406.818146
439.297333 309.665283
572.682983 262.424377
1060.236084 81.181168
449.493988 79.393227
67.228714 103.309143
541.300110 75.773674
232.519257 379.712341
622.112976 308.792603
692.189819 84.115562
359.252563 214.095276
334.094574 567.519348
640.028076 308.086975
809.806152 105.224106
312.615936 263.279083
527.301514 287.057190
556.623169 75.843666
420.707367 372.540100
-1.000000 -1.000000
343.018951 263.873016
239.510803 434.878723
752.834473 279.799652
787.187317 320.094635
440.304474 365.003845
305.711426 422.583344
723.294678 66.521301
455.655853 325.674377
364.181946 639.568115
741.890747 418.523315
184.847351 331.837646
681.878845 551.399475
458.305573 481.025391
546.887207 305.191742
588.780884 264.582458
618.791260 292.774384
787.787842 305.339630
344.922699 552.698181
327.691986 258.612701
-1.000000 -1.000000
592.843628 323.434784
681.298462 251.155914
359.588867 229.275391
500.844269 479.165436
69.530876 51.961605
427.976654 349.701508
333.716400 582.245728
328.980743 288.628357
440.233093 482.624817
485.804810 479.301361
749.890381 216.323288
185.407104 346.649994
348.265839 515.463989
-1.000000 -1.000000
343.525604 278.772339
327.453522 305.801453
801.153015 75.415199
347.923676 537.975464
745.350525 133.402451
790.091492 163.664536
602.282288 498.281189
772.688965 278.981415
668.359497 536.431030
753.017883 231.306427
717.614014 490.986816
1074.125122 111.095192
544.711792 481.618500
453.415527 229.311646
364.508453 609.460815
262.836151 386.038574
564.684387 483.037018
603.891602 75.078957
571.673157 75.869331
181.023087 362.851166
666.352417 514.204834
330.319092 244.074310
425.215271 279.859192
429.058563 93.647850
425.489197 294.745148
705.375916 424.856659
388.045746 202.697128
364.441925 654.678650
640.525146 497.119995
990.480225 186.253128
754.140747 117.592911
439.708252 334.800140
40.261417 564.877563
834.803040 153.670273
585.562073 493.218964
607.107971 307.785889
309.467896 366.772919
1213.169922 51.032837
267.456573 277.355499
385.369781 475.142639
676.616577 566.286438
69.433342 83.398254
297.305145 262.526550
365.726837 247.178482
618.494934 497.146454
676.972717 79.964264
379.141663 631.557800
847.017761 198.825073
449.543213 64.397049
733.271545 243.273224
410.178772 148.304398
277.592773 384.237427
357.925415 262.061127
716.349426 247.104843
242.175613 450.202209
352.654877 191.674057
269.300842 437.962128
409.857025 131.583176
424.097534 309.607635
787.544617 290.475311
278.939880 579.133484
453.332367 244.270416
-1.000000 -1.000000
757.023560 421.823730
231.970978 313.131592
732.683594 491.124695
838.488831 120.267899
82.253166 100.217026
434.228607 78.271698
760.314941 133.657410
305.910156 407.598602
270.153687 40.994297
556.355896 282.285645
166.049942 220.960510
301.845642 186.967499
320.855347 404.505798
40.041225 581.069275
367.153015 476.032196
91.230026 226.446091
697.466003 565.316467
592.170410 303.601593
277.947571 453.072388
216.937927 378.438934
424.588379 334.629547
329.962250 552.621887
819.543701 153.350632
710.551636 534.639648
574.914673 297.520325
631.707336 74.350037
62.858402 118.299629
383.854889 217.399261
725.981750 476.277191
-1.000000 -1.000000
724.656677 460.493103
773.302002 264.299957
413.421051 484.183014
413.169861 357.747620
283.787689 564.330383
77.300873 184.554108
712.442444 565.681824
761.404663 246.970337
332.578186 336.859406
710.873230 519.709106
349.388062 611.940552
69.660141 68.510712
410.637787 269.663544
491.739716 494.054016
772.423401 229.495026
237.118759 419.486420
661.837463 77.774475
294.510620 382.397308
682.289856 503.750977
183.326645 317.818176
599.571350 288.699158
479.254120 42.124325
285.275848 527.407471
731.143616 506.055664
358.367371 276.947235
334.369263 643.025696
682.508484 335.197754
775.311829 133.494736
666.786133 551.332275
424.329407 113.280449
-1.000000 -1.000000
262.708862 453.032959
-1.000000 -1.000000
455.052612 495.905029
251.056915 308.836121
40.191326 262.689789
646.866943 76.575821
777.737793 248.432709
1060.523682 50.692169
585.297119 508.237762
808.713196 120.361595
709.440796 80.306625
755.305115 265.330353
269.138916 562.373657
801.137939 334.648834
572.729431 277.483887
693.988159 580.740356
739.920837 458.338074
327.686951 320.631744
264.003571 580.008240
439.256042 497.547302
343.833466 293.897278
1194.861694 166.345215
395.748657 369.315918
1070.689941 196.721909
284.450928 437.882599
268.309631 527.094299
373.258240 199.570847
331.585327 500.858551
718.041443 550.832031
-1.000000 -1.000000
281.916290 542.576172
65.757149 133.376678
223.268768 433.479370
543.597351 60.662315
403.125885 239.563843
245.444305 465.846741
324.268616 366.477417
277.544617 467.987091
804.150391 349.201172
741.621887 473.200531
713.005127 581.937744
-1.000000 -1.000000
750.094299 491.167664
257.359100 541.588318
581.489197 558.479431
388.593842 187.680420
333.139679 516.154541
817.881531 395.454346
288.753784 238.207687
300.023285 526.685303
724.972290 445.324829
509.717346 493.845734
293.592926 581.523193
981.497314 41.018066
334.397491 625.126648
391.130524 163.422882
357.223846 400.904572
84.520172 82.565041
296.211212 453.273773
378.955139 570.802856
782.088257 214.726578
-1.000000 -1.000000
372.871277 269.283813
641.297729 511.773163
318.955078 567.114868
787.433716 265.234589
1116.796997 339.012939
303.678711 468.178955
375.964142 385.044861
302.538635 545.904480
141.407822 432.552887
254.009613 560.577637
749.567932 509.127869
-1.000000 -1.000000
564.670593 557.450195
971.649353 267.949219
787.370911 230.090958
270.947021 417.025879
811.754333 237.141449
692.088562 69.104225
1101.576172 338.343262
312.125854 248.837692
464.151917 61.959023
-1.000000 -1.000000
152.915161 237.719421
733.136475 551.389160
558.726257 497.920166
601.995544 512.972900
225.826981 449.524170
77.957214 117.843925
679.199402 581.442078
651.823486 560.284119
