126.216454 169.950729
129.147034 205.470062
826.690918 70.005257
761.423218 153.262131
217.723618 170.477585
745.809265 352.384247
497.778748 98.848480
504.563507 216.175049
515.985657 431.665985
477.463043 411.331665
621.707275 102.322418
539.809753 357.628357
601.562378 393.783905
1035.144897 107.254494
435.638092 389.400574
634.813965 126.700378
118.834366 206.598068
626.454407 421.661041
658.040894 406.237793
621.774475 333.782654
627.018005 222.782700
450.409210 434.585999
583.210999 395.868011
527.274963 116.176514
510.104126 121.294067
508.482300 393.476654
492.550476 191.941223
613.214478 197.395309
349.246765 266.914856
561.330078 378.566589
521.720337 210.845474
1043.094360 154.692993
734.237427 364.990448
554.698547 146.355164
448.546173 171.197998
583.660339 366.750916
453.757935 386.036896
498.714447 395.449707
439.863800 411.084229
572.841248 127.492752
405.373993 407.074341
685.156189 372.084778
725.255615 86.872475
680.175110 154.032959
-1.000000 -1.000000
225.268814 209.276352
597.138855 78.902672
666.200684 370.931183
588.707703 419.434143
465.792419 434.515411
798.484985 345.749084
648.708313 406.806122
582.418884 224.631561
1043.936279 107.458916
300.180603 323.156494
669.807617 452.029541
1195.631714 128.059525
465.360229 421.558044
477.173706 75.241196
-1.000000 -1.000000
787.551941 341.848419
589.087708 102.351273
284.995819 306.991028
532.773804 338.511841
1052.919922 171.017624
559.798767 411.812225
652.872986 121.968994
1215.849365 129.735214
645.214539 217.056290
604.016846 333.805786
612.040771 368.759003
440.596436 451.556519
542.282227 77.566391
512.848450 82.663261
593.576965 365.138763
372.427246 431.077911
337.163300 521.413025
1221.797485 72.891914
464.371216 162.812256
725.260803 285.842133
554.890869 326.490417
825.284485 170.731812
563.845520 264.509003
759.876892 316.616180
548.666016 241.609863
523.786926 377.533386
279.423279 317.170959
716.774536 139.914246
705.326416 88.605316
633.055481 365.553040
688.494019 232.765457
660.819275 88.432106
549.652893 393.562347
629.797058 395.942810
571.187805 332.541260
421.708954 424.203369
589.030701 458.219452
555.526428 133.255890
613.183655 185.318649
499.305817 371.735901
675.530945 198.388901
549.025635 414.560089
466.662598 126.764343
584.836731 182.028336
672.407227 249.698502
515.378662 457.895233
582.689819 197.166687
463.562378 367.800598
701.345398 135.070099
641.722717 86.337433
558.682739 444.878510
613.862305 431.836182
564.265991 305.751129
763.033203 341.798584
611.746460 314.888977
626.337097 272.994019
582.749268 80.230743
447.419067 366.616638
616.590820 131.576050
589.127686 128.799301
696.590942 316.172974
452.048401 126.819122
425.694031 373.469269
582.806885 323.142914
311.769806 261.890411
646.342957 384.691223
549.169006 229.547684
634.801086 409.881470
524.081543 174.481873
457.932007 80.326691
676.223389 410.800690
605.947205 351.706329
395.968872 433.323486
563.613464 96.197311
505.975311 433.353241
644.870117 447.966217
300.293762 295.937683
542.512878 437.851227
656.661865 449.617615
623.481506 90.948799
490.262726 358.508728
799.792847 371.808960
779.547180 370.954742
695.237854 179.656097
565.850220 358.969116
673.627258 343.232147
811.971619 359.599670
579.851501 260.412659
717.315857 366.718903
569.060669 221.476822
554.258667 78.974663
547.778748 340.735413
663.882507 342.821533
437.454529 192.512741
769.667358 291.975677
613.925049 444.738342
710.237610 177.890945
531.711609 390.465485
437.581787 148.548981
513.568420 342.524231
410.919708 438.219910
523.393066 146.226120
492.757507 127.327988
526.587952 402.534058
495.709229 140.409424
468.154755 100.489349
610.191589 112.181381
632.169006 304.850677
748.911377 299.765411
522.489563 358.712402
535.403687 88.789642
-1.000000 -1.000000
525.444336 132.076294
681.218018 106.821968
643.410583 351.971039
461.335999 194.734436
745.779541 337.646393
689.502197 123.875923
470.255859 357.258881
680.270508 139.948898
333.155731 281.141174
546.962036 194.841782
525.801086 318.656372
634.969788 381.915375
665.499695 418.263702
648.562561 310.138062
500.346924 87.657875
369.328003 455.536194
-1.000000 -1.000000
644.855347 335.005768
556.205322 433.569611
763.068359 233.688812
339.363434 200.495605
516.563660 403.447174
495.602386 421.297211
486.690063 108.573509
791.187622 284.921722
-1.000000 -1.000000
509.738312 329.411743
320.032135 283.975372
679.763611 220.858826
798.555054 264.116394
758.513550 281.101746
616.178162 147.112930
663.191956 318.929077
562.481262 116.571625
569.543579 430.460571
488.144043 373.458252
621.606506 362.676544
626.247192 179.430695
642.660156 396.771851
781.024597 228.784622
684.481750 332.152679
371.059845 218.927917
736.650085 297.863098
686.269226 300.909210
566.635193 464.868134
625.598328 316.987915
555.462891 290.592773
540.322815 379.589478
610.174866 227.443314
270.354279 294.030090
247.546631 323.366333
341.940857 239.272018
459.570923 445.593018
727.949829 323.734467
803.903748 325.120026
582.437866 343.720184
572.971802 370.735565
594.009460 318.681549
483.536652 330.466980
1014.567932 69.057968
647.930786 153.046387
486.339966 399.239929
717.702087 390.565063
658.424255 300.110046
395.230103 208.318893
678.088562 123.004456
452.327789 421.605957
481.231689 213.657471
699.431335 545.195496
660.949463 288.301392
541.329224 163.916046
270.702637 335.021179
673.352722 389.752319
502.534424 346.581696
659.680054 331.075073
668.159607 218.504364
703.754395 297.347076
601.594543 375.155975
531.149231 308.727234
557.796204 196.277863
680.149353 84.387276
265.695312 323.879028
770.564514 498.092163
713.949402 450.227753
680.462463 313.298431
564.971069 395.979889
447.647308 220.865906
295.436859 284.727631
645.657349 375.342560
500.470367 300.343903
492.948181 228.103729
342.006348 443.264771
500.447205 168.672501
672.270935 354.091858
716.228271 112.187126
571.212158 346.821442
497.502136 76.259346
222.737000 334.996826
505.729553 361.534576
586.692627 167.322037
769.547852 317.753174
415.150391 400.258667
642.000549 189.146805
690.810181 349.173737
769.475220 445.171661
667.658875 299.343048
552.742004 115.605293
425.608612 390.357635
666.776123 473.055573
584.942078 139.656952
444.315247 94.253075
482.302460 387.321930
380.994446 220.173203
656.424683 369.191956
598.884216 214.244156
241.772385 209.889847
461.445770 136.945450
738.602112 319.685486
476.790527 118.798851
731.712585 132.410141
598.342590 413.404846
569.556396 171.624924
527.413269 298.917450
761.800049 306.952667
450.027496 404.333832
509.170044 277.382477
462.525055 317.225403
410.533875 428.063049
409.988007 449.584991
619.079285 542.763855
773.349731 397.851776
504.042969 265.458099
540.278320 149.625381
695.052795 410.814636
300.789642 459.225830
645.379944 434.242157
553.403320 100.248123
329.087830 431.686737
492.233887 313.366913
620.551453 169.025269
512.954041 171.476212
1232.371216 137.032349
692.368652 96.307549
534.347900 462.668518
692.554260 108.975250
488.640717 162.576218
480.248871 202.927078
604.393677 460.033295
461.708435 222.288132
720.348877 61.900208
672.571228 236.773102
693.952087 337.171143
308.517395 499.478790
668.478882 177.266220
538.464111 293.808533
579.815735 285.981537
601.404968 430.942719
360.890747 204.827744
703.779114 453.732758
475.043518 55.925591
387.413208 182.992096
599.428650 111.751747
550.556885 383.615784
599.151428 285.179138
392.843231 466.243805
491.222656 446.645081
805.565247 208.752563
545.049866 211.885391
361.210663 430.817841
466.534729 347.276703
1223.541992 86.928215
494.839600 478.611053
516.938721 305.446533
620.390015 78.771584
486.403778 60.180855
479.813995 356.379242
525.098206 88.741112
808.486633 272.694519
751.947510 233.751755
564.631775 322.938751
649.267029 324.083069
557.091064 183.918839
445.154694 116.446136
789.549561 370.097107
355.445801 444.093597
767.110535 353.094299
278.310791 363.422974
755.369751 248.185898
286.842743 409.006409
640.746155 285.004028
719.271179 98.801933
514.945251 318.577972
582.804932 353.686584
444.946899 341.404785
661.905457 269.079468
350.478851 229.081833
765.134644 270.797089
538.657471 261.327026
590.052673 382.598206
251.987595 312.661224
438.605316 136.726791
610.411804 168.161118
467.161591 332.557098
550.096619 530.493774
419.546204 459.182831
598.895325 200.481216
661.608337 440.255920
686.848328 275.335754
455.328339 62.074905
554.489746 305.573273
714.179016 420.926422
689.290344 455.988312
-1.000000 -1.000000
663.879211 74.507668
707.788208 352.504578
614.636414 242.364197
-1.000000 -1.000000
744.835632 252.904678
777.456543 212.827499
631.573975 79.000954
246.935059 351.281036
333.305267 314.612671
642.702026 461.384521
349.265900 474.005951
677.037842 421.291168
531.490906 476.399109
337.802246 265.209869
651.012573 96.270081
610.647400 421.910400
346.966461 532.772461
512.948181 443.904358
626.650269 287.618225
653.822571 348.626770
708.448914 237.004288
433.218719 182.735352
439.621002 126.737000
809.632690 373.118713
643.995911 546.870300
604.498901 263.114594
554.929626 213.205521
518.522461 240.448990
747.368713 119.215424
715.148010 88.671280
458.606506 465.582428
571.025269 382.849396
641.247681 246.529587
505.440735 414.407745
446.731171 104.861824
562.971863 368.684448
476.484802 401.443848
705.664734 193.752838
615.481140 350.035065
541.100708 67.258652
593.060120 296.071869
311.685913 271.975098
361.457275 264.171417
357.457001 519.800964
566.358704 56.590321
480.894684 286.912476
801.454102 286.751862
775.614929 248.052200
449.234161 322.406403
389.902222 171.149506
471.633331 295.466797
500.897034 446.622833
482.506165 528.048889
258.594208 357.219818
476.125946 454.535858
768.914368 280.900970
514.904053 60.474907
557.842224 454.699341
650.029053 138.742584
438.140076 356.678223
603.633667 404.591217
436.265625 372.016174
651.813477 471.400604
348.245758 555.698425
306.119476 476.515320
586.787781 333.746735
569.184937 293.115692
502.659668 178.677277
409.771698 167.042099
707.666321 208.659470
450.259521 455.486664
493.039154 466.203186
595.584290 55.762009
337.904449 249.417404
604.464539 246.888718
722.235718 212.637329
424.748047 361.237183
747.238586 107.467262
300.197205 337.209351
556.083313 57.507130
700.596619 121.034065
559.089600 421.788055
375.387604 475.418915
742.863220 387.157318
683.066467 491.123962
727.749756 341.716919
687.885498 72.272209
760.934998 498.044891
772.092834 380.901886
269.095551 313.886108
746.608826 418.722595
529.486511 348.486816
579.227966 234.531784
259.949341 381.402100
687.227844 477.679901
503.079620 64.616776
519.812439 267.321747
501.158569 565.980225
381.169189 378.419189
668.160034 164.186478
766.278137 585.792786
661.705750 258.143768
354.383087 454.389954
325.814362 228.888885
544.552551 308.546753
610.242615 473.628143
780.379333 263.005768
741.989563 166.689407
573.881348 113.090691
521.209412 479.160980
485.731354 566.606628
706.121216 54.648125
715.450073 153.555695
742.908813 156.406113
460.972504 411.350189
274.889832 495.381073
460.158112 542.767456
736.044250 191.008041
800.253235 220.264954
642.790955 274.849091
788.073120 416.917603
603.656799 302.921814
289.648254 320.018341
797.515991 411.102631
290.469635 295.883606
486.599091 544.851257
604.188232 559.105835
764.824402 260.792908
642.916504 492.188477
310.167328 337.721161
746.066589 266.205780
407.653656 518.575745
543.586731 427.692993
567.718018 81.945274
409.692078 215.909363
739.004211 485.733765
628.979675 560.072571
733.784729 212.130737
748.782166 79.296585
415.965881 374.146484
394.711548 387.255096
378.604523 401.251740
357.122406 251.085327
499.684906 282.565521
749.805054 517.144409
670.905212 483.033661
525.052795 188.168152
728.828918 424.953064
526.204895 438.871582
540.005005 123.322990
713.885132 75.584801
704.149719 287.671509
379.344543 248.408310
594.192505 89.687714
759.357544 371.857208
537.140625 502.250580
789.678955 510.635681
237.773239 321.594269
732.625000 117.515602
366.197601 440.765015
769.609558 369.959564
483.670807 256.268158
468.146637 281.981934
716.651306 379.957642
519.175964 467.804077
483.847656 239.400055
687.382385 291.203217
271.674438 346.454010
748.367188 318.053833
622.268066 406.376801
350.808838 422.075378
458.039246 301.931763
696.217407 436.335724
656.223511 188.880371
806.714355 490.173950
262.308411 198.942383
287.134125 383.327728
788.881958 532.461060
504.202942 537.785339
765.539551 331.926056
364.804047 274.120544
454.001190 334.470673
679.418213 188.509766
498.741180 381.650757
280.621979 482.364288
576.764771 458.460510
544.491577 184.978027
629.182678 543.048950
382.678833 193.052841
445.276764 63.995205
311.937714 306.140350
447.601349 82.606018
451.822937 504.637115
653.346924 70.410187
349.098236 293.363342
813.263306 328.506958
520.619385 226.610260
610.119995 291.029694
672.647583 287.259460
746.854736 369.829468
463.146912 180.259659
785.786316 249.819229
758.165588 543.978149
451.653503 356.216858
492.099060 179.632492
698.503845 245.200500
643.563354 233.868698
329.105347 328.298889
655.637390 427.794769
788.022949 208.128922
292.290985 494.240112
671.463745 493.732056
514.540222 295.291107
262.636383 466.829681
535.580933 548.336609
683.391479 391.367432
566.455811 208.277496
385.174988 206.545746
406.946808 390.443726
726.246094 408.830200
677.019287 59.329803
783.698730 294.922058
636.313232 178.106461
737.656799 576.923889
768.821716 180.002213
588.427002 69.204971
519.447021 101.696823
572.616394 481.737030
624.449951 464.872986
757.259521 387.263000
641.783936 299.663605
686.514343 359.737793
309.835876 244.684875
336.693512 511.356537
309.574371 323.368652
252.796112 401.476929
405.632202 204.104446
634.859009 65.405304
697.777832 68.258209
306.232391 407.391876
785.606201 173.569168
729.905701 507.216492
540.848511 50.719524
486.690521 150.465332
731.982605 181.009689
505.732269 44.138390
273.641357 407.724731
349.740082 432.207947
462.531830 238.645493
1041.130737 59.363800
394.211090 536.647095
496.370789 255.455643
631.610413 355.798492
730.068665 532.661743
599.269592 122.611450
792.842651 437.133270
721.616699 227.699860
420.364929 472.265747
521.795593 330.584595
663.230530 535.509216
639.955811 557.788696
496.532318 240.546997
494.187561 215.041656
434.767029 340.746582
800.817017 237.931671
481.349884 346.385529
538.180908 251.847275
805.313965 307.221436
669.552368 571.693604
387.585571 456.555695
761.516479 92.786339
537.415161 452.245636
502.022644 158.640823
755.925598 355.163727
687.402100 61.728127
590.376831 549.726013
808.846924 344.560211
757.888367 193.251465
284.727905 280.877777
477.886719 320.052551
776.535278 407.991089
543.550659 328.882874
268.062561 530.338440
828.264526 212.928146
643.710205 106.413017
643.020508 580.894592
319.609009 546.308044
794.746948 449.463806
616.262573 263.773193
438.764130 209.224930
464.187531 377.709381
735.156860 443.164124
606.041748 63.276840
776.728149 419.215698
604.770874 488.823517
436.811646 104.490005
627.683472 583.480408
245.817474 373.379242
514.754761 190.516617
404.858063 379.535065
592.691650 468.017914
425.306915 541.094482
399.393158 194.113037
530.706726 66.492439
630.083191 480.724487
546.114563 404.717316
294.283875 510.635925
421.455231 325.877045
654.995544 57.565071
385.646973 476.368011
751.098389 96.048485
300.170197 530.298584
295.172211 309.766479
772.663696 516.375244
446.059662 376.442993
290.275269 527.050842
756.579590 208.124054
487.363556 409.263214
420.712036 154.375259
757.884216 532.296570
492.245636 348.420776
522.686768 413.243744
395.312073 412.176727
351.486206 488.029480
748.065735 557.237671
685.098999 401.732056
307.308868 420.029541
692.959961 86.916206
642.021606 477.464233
415.017761 338.174683
727.825623 394.545593
458.423492 479.477509
270.209351 304.192566
269.424072 448.392914
602.598022 518.135315
569.993958 406.111694
-1.000000 -1.000000
470.464966 90.370827
399.063599 358.332611
397.039124 181.105331
500.030975 335.098877
480.773315 98.766693
361.871124 553.179565
258.332703 298.763336
678.625000 96.832794
557.533447 278.317963
297.055573 379.316437
552.722290 90.200180
527.030701 156.622177
721.430725 122.176231
529.025085 50.556541
658.458435 174.463074
684.406921 545.294373
808.040161 461.963593
669.445862 582.365051
741.510925 64.975662
742.522705 180.317657
429.103973 451.354248
488.977203 434.616974
574.096191 66.678139
590.964478 572.160461
336.364716 465.302551
657.303345 224.871307
606.845093 536.529541
315.891510 347.533356
655.877441 396.233124
673.104675 550.920288
623.679871 68.164116
632.112976 455.319916
505.470184 498.090424
794.395325 301.133026
576.348633 496.332977
290.263947 334.147919
1234.724609 107.557167
253.899078 488.759552
432.503754 172.487305
363.476685 401.020935
755.888855 586.323669
819.995117 159.682175
702.434998 155.274109
653.093567 521.310059
399.468384 156.739044
740.765991 146.376846
284.661896 460.257507
609.132080 279.197174
400.139282 445.356354
506.599365 202.023376
615.083008 514.687439
564.514282 491.763702
347.928070 304.154114
560.092957 535.832214
636.719666 421.639282
552.546143 174.368210
446.180573 291.446075
297.672943 367.461975
280.327057 442.740295
254.730957 480.149536
550.402588 351.157593
533.761597 369.698242
321.754822 261.125427
563.848755 502.808319
434.769012 116.761131
805.075500 504.454987
568.473511 278.821533
685.490173 514.413330
825.543945 84.182327
696.314331 166.363098
680.367981 178.826904
632.882568 163.651230
431.463074 323.137054
358.403229 301.456573
644.775757 256.685516
539.686462 562.916321
783.825073 472.407318
792.111084 320.199127
621.468018 299.889587
734.992737 275.617279
811.754822 98.279449
730.715210 66.602440
807.434753 476.358246
593.254883 403.841309
499.420685 488.360931
758.442444 296.981506
726.890259 313.637756
743.880798 453.467651
387.457153 524.529785
500.071198 547.972412
523.041992 505.653107
665.973267 129.967865
495.866028 53.881985
664.024475 154.035461
657.533508 461.202393
264.361908 397.932404
726.605591 520.727295
759.551270 438.141113
529.358032 534.765686
742.825439 543.764771
704.222412 272.805573
419.150513 191.251022
435.705811 503.368469
418.644775 520.601807
634.047852 113.758598
701.923706 425.100739
782.088440 437.487274
667.368164 187.703613
526.832947 288.573669
310.213806 509.274414
588.823914 207.247284
415.730774 481.912994
784.311829 193.215286
595.266479 138.415466
419.489258 169.342270
673.361389 69.728622
681.951233 562.861694
771.920105 455.613373
455.619629 281.755402
395.950806 423.267456
778.327576 540.065125
371.545776 465.618927
398.815979 549.478271
422.564728 201.521927
790.520508 543.417358
627.165039 495.007202
693.447021 51.594597
76.657394 65.639168
325.692810 413.229523
270.783386 437.787720
628.040649 54.707615
470.597015 307.103119
477.147949 192.975204
292.862701 418.493652
455.400787 148.474182
442.400513 535.461121
576.355103 312.683289
325.518433 356.170624
333.218506 454.612030
787.203552 459.783966
477.516205 171.598083
807.629761 162.026398
485.729401 137.522583
665.117432 205.103821
463.265015 205.170685
323.207123 248.360107
610.714111 385.594849
812.863220 318.757660
324.061554 579.014404
383.442963 390.292877
345.028137 380.380188
432.292542 160.695938
513.745117 72.710602
808.484619 451.821991
786.274231 553.434448
340.725647 486.931335
736.081787 474.777496
288.888763 536.793823
576.643066 151.391495
644.731628 56.854446
753.162109 58.042065
339.653870 208.764587
574.017639 418.715637
655.929932 418.237457
528.524109 251.550934
704.787964 341.370361
464.852905 520.564941
428.550659 351.116058
690.732910 217.111679
659.201050 247.256165
376.714752 282.422760
614.414429 462.017670
707.077454 554.941345
625.739197 345.784149
245.183609 385.096313
635.334473 201.830536
299.518829 540.555176
507.283813 508.925995
733.921936 200.930984
708.724182 220.030212
744.990906 532.027771
694.368591 399.972290
83.296234 92.210823
359.301788 360.772339
604.885315 101.271370
556.404114 68.912910
681.882751 574.973206
604.277405 572.116516
277.155792 428.321991
372.252350 184.202026
705.587524 468.159668
531.550598 240.728760
634.494080 441.396576
315.452087 395.451385
466.297760 67.066338
735.324890 93.578148
749.202454 567.748535
318.569580 498.297150
782.166321 357.195709
710.220520 435.257141
480.338440 469.744049
752.083740 482.392212
705.583374 145.525497
713.486450 542.787903
433.748199 308.321960
769.848450 203.167496
814.032166 390.386597
750.749817 132.880203
567.381348 554.991882
670.386475 309.330933
240.118484 575.706116
465.030548 505.292572
553.446045 265.810181
570.201172 530.612000
375.778900 292.311615
342.779053 353.951355
654.010010 359.277100
393.815155 232.819229
768.366821 218.719543
557.676147 336.917175
427.502106 434.295654
463.574280 388.481232
774.788635 169.114014
680.631409 208.749374
358.849701 191.484589
338.243927 389.665771
820.270386 225.312897
750.072693 491.321625
387.857025 554.683960
737.566528 566.890442
700.351746 590.861938
758.613892 181.069427
757.297424 77.762650
526.207397 567.796021
524.017944 278.027771
302.459167 488.761200
577.458923 444.902435
613.345581 89.336601
571.175476 245.292603
1048.507202 131.453827
613.933289 396.791870
815.705078 243.717651
438.041199 398.884491
584.099792 409.629517
470.926270 562.924316
394.723297 376.907684
787.800415 519.833618
430.764221 489.186890
781.471985 589.718018
292.420288 261.646240
544.556091 283.607941
382.577179 435.508484
588.908508 149.669403
676.750610 270.240845
331.972626 291.247314
570.721985 542.348755
354.733612 464.581482
557.631897 577.582520
673.597656 537.264404
353.323853 328.565186
718.797180 300.412323
742.394165 503.371979
431.026215 473.461548
325.260773 338.334290
800.780212 580.087585
368.285645 247.012436
411.996490 417.060333
563.049255 105.871025
-1.000000 -1.000000
732.937439 167.604050
601.022522 178.907593
762.583069 404.065094
244.881012 411.254059
443.691620 469.395874
309.540222 282.177856
494.128876 265.561371
635.937744 315.718597
586.954285 535.604187
