-1.000000 -1.000000
-1.000000 -1.000000
154.178574 195.199326
-1.000000 -1.000000
-1.000000 -1.000000
153.197922 180.206909
-1.000000 -1.000000
-1.000000 -1.000000
-1.000000 -1.000000
-1.000000 -1.000000
-1.000000 -1.000000
100.524208 40.150059
169.119003 198.216827
-1.000000 -1.000000
1037.166382 161.163864
223.289261 193.585968
139.157593 195.139603
-1.000000 -1.000000
1222.457275 41.551701
145.345016 165.167221
238.352341 196.590775
169.161545 183.257858
1052.204956 165.211975
1022.079041 159.022354
227.456741 178.539566
138.217575 180.141785
-1.000000 -1.000000
-1.000000 -1.000000
-1.000000 -1.000000
-1.000000 -1.000000
-1.000000 -1.000000
-1.000000 -1.000000
-1.000000 -1.000000
510.055756 40.097797
242.417007 181.548477
253.252762 199.477219
-1.000000 -1.000000
-1.000000 -1.000000
-1.000000 -1.000000
785.622131 148.431213
-1.000000 -1.000000
1237.000122 93.032509
495.028412 40.103489
-1.000000 -1.000000
242.569626 166.584549
-1.000000 -1.000000
-1.000000 -1.000000
783.435364 163.388641
1037.051147 176.140244
-1.000000 -1.000000
-1.000000 -1.000000
-1.000000 -1.000000
1045.035522 94.255478
770.587463 148.434021
1021.858337 174.039307
768.430359 163.406387
266.195679 214.621140
1030.028442 93.116402
168.239136 168.251434
251.196167 214.576187
1052.032715 180.188690
813.264526 197.979874
248.109421 229.698273
268.236877 199.646088
264.120819 229.695709
124.141235 196.976135
828.235352 198.112381
130.349869 165.005890
1029.451416 41.071346
1067.471802 163.306412
227.728409 163.571838
-1.000000 -1.000000
1045.381592 79.019310
-1.000000 -1.000000
843.217773 198.159836
747.181519 86.035110
154.106995 209.950623
1030.177368 77.978363
152.065399 224.946640
144.533997 150.134613
761.375061 178.458496
777.319702 178.366638
139.097061 209.962997
137.085052 224.972794
-1.000000 -1.000000
1006.863464 154.736069
755.589355 148.471161
1060.003418 96.330116
236.303894 211.690750
536.692627 44.196342
242.741348 151.660400
-1.000000 -1.000000
1045.671509 63.743195
753.457703 163.452652
815.272522 182.775040
830.261047 183.035431
762.010925 85.065269
122.134186 219.020798
1225.323486 77.987526
845.258484 183.143448
-1.000000 -1.000000
-1.000000 -1.000000
233.189102 226.755112
534.908752 59.160721
167.014267 224.916092
-1.000000 -1.000000
746.439880 185.575058
-1.000000 -1.000000
849.218628 213.339661
-1.000000 -1.000000
1015.033081 86.888245
212.385742 178.505493
1030.378540 62.894516
283.106018 200.836533
1060.831299 58.674774
798.594421 380.820740
1225.854980 62.855190
747.161560 70.996483
797.604614 365.780701
1060.622559 77.841248
-1.000000 -1.000000
1221.928345 92.817253
730.543091 364.362854
701.757935 305.693512
1015.075012 71.872292
427.577118 210.384171
671.544434 454.097595
298.254791 206.538559
84.749840 41.219398
216.336716 208.483215
797.256592 395.788513
281.030975 215.888489
703.331543 290.611267
521.645630 43.956070
427.981842 418.736694
519.860779 58.981728
1069.576782 138.215057
686.575623 460.142792
1067.327148 178.298706
1228.323975 133.906479
1052.372681 150.606232
1219.329956 118.781326
705.038574 275.459015
257.297089 184.365387
428.568390 195.156876
442.542175 211.478806
298.031372 191.229416
1069.577393 123.170837
297.200287 222.762756
-1.000000 -1.000000
777.240967 193.586945
243.145493 329.312439
1006.664368 169.920898
761.991333 70.009148
228.147293 148.582016
783.831787 360.974823
784.891357 381.005463
1207.906860 133.940475
834.256226 213.191666
1053.723877 116.843681
667.472229 439.034637
412.907684 415.555786
1207.753784 148.891678
443.645599 196.318573
729.526672 379.377441
1036.655762 191.133469
1021.556030 189.030121
118.381012 40.967525
243.622421 344.444061
228.352814 335.218292
686.579407 445.186188
1054.510132 135.266693
397.961151 416.436707
714.273376 368.294128
651.472656 172.388641
-1.000000 -1.000000
671.582153 469.043610
259.585999 327.554474
1204.070801 118.939888
1224.155396 148.939468
324.309845 218.875778
427.536713 225.533340
129.586960 150.001541
792.644104 410.782562
591.298462 172.048660
716.613098 305.648712
607.598083 439.599396
812.078003 395.803680
813.441650 380.725006
762.204895 193.700089
431.160431 433.840057
324.082336 204.036926
783.842285 395.975372
1038.809082 109.520363
1045.956909 48.490433
123.205536 182.031067
586.020813 200.182114
443.662842 181.185303
1037.393921 139.402496
1082.433350 161.338684
449.960175 419.917725
812.398132 365.695404
592.515259 433.305695
718.191528 290.598938
601.266418 188.230591
404.058777 431.564575
347.490356 434.865021
688.519165 475.109070
464.971405 420.051514
666.570129 174.502319
274.457581 325.706360
651.294006 187.535568
1074.770630 97.852989
611.491577 172.221359
516.375549 74.440544
228.707367 350.255432
428.559448 180.031769
701.606445 460.317200
-1.000000 -1.000000
509.282318 169.496445
622.681824 431.724518
212.412979 163.501785
733.349243 96.175819
694.797363 320.855011
122.379768 234.007446
-1.000000 -1.000000
701.620911 445.307678
653.011597 202.695480
843.480835 89.414772
592.549255 448.319275
616.096252 198.173523
577.656921 439.249725
450.070312 434.995026
297.305817 338.933350
601.137695 203.277008
501.025696 206.646683
257.460938 169.542847
1055.823364 195.225494
258.377289 342.614258
607.649414 454.550507
533.269531 74.430374
339.633881 222.511429
629.101318 177.431046
838.667419 168.101959
413.651337 195.119919
714.195862 383.273895
637.513977 438.905609
283.234955 186.094894
816.692810 167.854691
719.903931 275.511200
494.398499 169.414886
828.326721 89.462730
622.766846 446.759705
576.276978 185.039658
479.913055 206.502991
465.075684 435.100555
267.257599 245.333954
500.205597 191.558823
442.509033 226.688553
616.094421 213.227737
659.592957 153.095947
486.735077 422.354279
681.694763 176.439285
792.386108 178.390015
776.915222 87.626778
807.265259 410.945984
473.993408 191.479797
639.670410 154.085693
517.460815 435.738800
339.586395 207.591675
570.948059 200.216492
504.855347 59.173306
1084.495850 124.138641
1014.880249 101.775810
798.354614 195.549713
699.053589 369.209564
632.931213 202.598770
576.380554 169.902298
297.173462 323.883911
668.186768 191.816101
389.099701 431.417694
243.978668 359.454803
506.658783 44.170471
528.453552 165.319321
275.538605 340.775635
658.918945 220.643463
332.969940 188.754349
606.464905 469.550690
585.946716 215.226608
1084.491943 141.165436
591.464294 464.330933
547.529175 414.868561
652.558167 435.986359
213.110428 334.040894
575.674072 424.154205
550.493347 437.859711
611.667358 152.898727
639.850952 139.007248
634.960022 217.602783
350.309448 449.897827
298.357941 353.895203
213.222641 348.974274
754.668762 362.695160
450.287781 267.371643
592.640320 152.608246
703.437744 475.328705
283.468506 355.877380
858.702576 89.308098
453.965118 453.995422
607.804321 133.914902
561.148438 169.668198
1192.809326 133.755966
227.855453 320.239288
844.582703 74.255150
698.912415 384.168365
574.477539 150.617584
710.146851 320.991028
671.723145 246.429779
516.328796 418.781189
673.998840 206.803131
1228.458008 164.894516
655.736206 236.424591
560.855225 184.917679
683.295044 191.737656
779.645264 413.955200
479.144379 168.550430
673.885315 221.671570
412.867737 210.208206
509.634796 222.957275
257.646423 154.680969
740.512817 147.283463
638.359253 402.687927
1030.670288 47.637951
512.639404 145.302689
535.502014 437.749176
486.820740 437.339142
332.487854 435.801117
656.626160 453.997101
592.971558 124.784676
623.541321 416.550720
1192.676270 148.665604
562.613342 405.953064
214.110275 223.436829
665.825684 137.954651
829.441895 74.324760
842.798157 59.251694
623.479248 401.708099
531.519531 409.785583
530.559753 144.423767
688.804382 154.016556
559.448608 150.400681
643.256836 383.666840
515.030823 184.647507
575.493591 454.280273
600.999146 218.197327
542.487122 390.899902
637.620178 453.843781
395.984283 401.453125
494.816162 223.686035
413.527924 180.041702
432.080261 455.770325
641.372375 417.712555
558.714417 129.693253
607.918335 114.747574
427.459106 240.665115
687.027527 137.899094
410.956360 400.693451
501.560028 74.668480
306.826599 309.004456
769.851807 375.902069
561.476013 370.356293
502.524506 433.562012
488.671570 132.184814
622.844116 132.887009
675.621460 265.915405
567.629211 215.371841
480.364624 274.614227
463.949097 176.363113
515.712585 130.344559
280.452179 231.442871
629.614929 468.795593
515.888733 199.777603
559.610779 391.031891
729.610962 394.390778
471.738739 405.435669
487.705536 147.151230
70.082985 55.876949
738.363525 170.524811
480.411194 389.716919
479.703705 221.571869
819.304199 213.049942
656.641785 251.464462
546.181946 165.463608
530.120544 180.561737
573.757629 124.863678
501.402039 418.597351
524.297913 224.136200
731.920349 309.466522
767.842773 392.905548
250.019104 244.739700
516.539551 450.680359
653.401672 400.793152
694.760132 403.803741
543.523499 129.813843
312.026825 338.094940
626.164612 90.570122
383.158020 416.309631
574.364319 391.227203
664.929382 324.202087
465.280121 270.547302
690.379517 490.226196
753.744690 377.704620
574.362244 469.220551
354.833313 223.139420
747.517639 101.627266
689.080505 206.744873
503.189087 387.668579
458.670135 191.248062
640.195862 368.622711
479.664124 117.259270
629.804810 232.402969
581.060364 107.747414
1188.678711 118.508034
530.922852 195.847992
540.415222 220.124954
233.065033 241.765228
486.524078 407.625427
701.384277 113.811661
597.006042 92.679497
545.789673 195.926376
747.203430 56.028229
456.748688 405.140625
268.530731 357.730164
778.911865 345.901764
472.928741 452.101196
734.954346 119.227242
628.012756 114.659264
289.118073 370.972473
608.223938 398.499847
139.366623 239.921951
546.366882 367.250916
575.804138 358.439697
607.446594 424.383179
673.664795 483.923065
716.400696 117.733681
464.831116 114.258476
739.578735 349.568848
753.457275 311.516418
306.512878 294.160980
702.206177 132.937347
647.582214 468.866302
417.131348 455.661102
747.322754 326.589172
565.060181 91.743851
373.781555 582.276917
291.732239 308.705933
545.892517 180.700058
688.699646 523.076904
576.004395 373.470245
610.040161 383.513641
658.517822 266.822510
625.071960 370.531738
351.954163 464.980103
715.335022 353.720276
487.790955 452.348206
435.201599 266.316528
344.697876 419.873077
506.975342 89.353539
659.244629 344.959595
713.407593 215.994766
401.040253 446.557739
686.602234 109.827927
733.315186 81.196686
335.382904 450.869476
1082.566162 176.331711
464.525848 215.452591
479.309448 289.640900
629.670837 247.531586
348.533905 192.128265
655.284302 359.795685
859.743103 74.203445
762.403259 100.838066
462.492035 389.490784
701.445923 98.859184
537.198425 246.336304
561.123230 355.413269
354.786194 208.142181
561.998352 106.775063
628.172119 385.590271
781.833679 324.802338
438.986420 403.946136
469.002563 96.230560
641.188416 89.522530
546.787048 114.984924
749.793335 394.654358
494.164276 372.785797
716.584106 460.486908
667.345337 424.052155
495.271271 283.774475
709.867798 411.003357
506.944489 111.578743
718.367249 477.500793
493.601746 238.807846
686.564148 94.818298
577.558899 406.257416
776.621887 72.332039
473.522614 132.279984
521.871460 89.444633
483.922333 96.246742
688.946045 221.660858
733.299316 293.633362
317.490936 438.774323
522.116821 242.099945
717.377625 132.976547
718.502502 94.892502
373.435120 432.275940
308.058655 279.035217
797.682434 350.799805
-1.000000 -1.000000
580.108398 91.748596
669.112976 122.823349
757.570679 347.743561
518.415955 392.684601
714.453308 201.079559
535.431396 462.690430
643.487549 266.768188
488.451874 76.437248
664.720459 309.121124
827.722168 59.331223
781.687378 309.889404
755.055847 295.497162
643.056458 123.960320
394.047058 461.536774
374.413544 447.244812
-1.000000 -1.000000
682.362732 429.949585
501.430603 402.706207
431.678650 164.921509
640.029358 353.650024
442.370178 241.685547
490.371399 259.697418
517.592407 465.608704
624.837585 355.467499
479.209473 374.814148
450.422333 282.322937
509.070099 362.837982
658.264526 382.804321
321.253998 303.319214
358.793365 583.096069
478.368927 304.622131
545.941040 99.840256
578.526062 343.413910
691.375977 538.038879
666.341492 107.944450
550.296509 452.910126
276.178864 310.458130
666.498840 294.103485
551.171814 467.897552
313.123810 353.106995
522.156921 260.070007
592.440308 415.192719
766.562744 328.690186
545.819885 347.246918
565.322388 245.269043
1071.309326 193.363922
412.945923 225.343170
714.207275 155.267471
272.390717 372.806122
782.033325 294.759521
463.751556 311.385071
291.336670 294.079712
627.420837 483.664978
681.850220 296.238159
718.037415 173.948395
99.792412 41.364006
322.925842 280.031281
481.894196 348.615875
656.433044 91.632706
304.033905 368.988281
712.489197 230.856766
658.726685 483.838531
537.236389 261.149353
590.625122 358.453949
494.194458 298.769318
1022.296814 144.912186
473.947174 78.326813
154.201645 239.926437
464.222626 372.581696
353.702240 479.829681
212.502747 319.415375
429.771240 389.120667
729.471191 203.183319
1023.760315 116.883888
732.675598 334.564270
416.498077 165.032867
566.382141 230.285156
326.642761 338.205017
671.424255 92.737549
493.183868 313.789612
749.597961 116.489662
458.525543 129.333755
228.836182 365.280548
610.278625 484.542450
686.717651 236.601242
728.573914 218.054977
324.616791 233.458694
107.031860 214.220291
472.463867 147.289612
524.452087 362.819000
623.666809 340.570831
716.750732 445.445160
521.929504 112.682388
497.699982 347.773560
449.436310 114.267990
518.384216 377.748749
611.777771 233.073532
212.350861 363.543304
451.606415 468.946625
578.459534 328.635620
643.144287 108.580528
762.084290 55.068054
329.692505 420.734009
591.265625 479.420471
851.378906 234.763245
374.587830 624.950806
217.983856 238.589767
584.730469 230.010788
679.237427 404.509338
686.709656 281.219025
358.996765 568.163330
1014.851685 57.100708
727.666382 232.880966
556.315857 321.384247
643.813232 338.913635
552.274597 262.214813
374.255157 462.331970
529.888428 348.013763
698.247070 191.991684
605.800903 368.428223
409.124908 470.517395
373.895172 567.385620
539.387634 332.437927
453.965088 96.238335
321.656311 318.153687
838.292236 104.597054
626.396301 324.880005
388.597473 586.358521
697.676392 427.236877
381.112854 401.319275
643.353333 483.632690
582.497131 245.209457
733.069702 416.560516
589.051758 388.487183
496.495667 332.740845
257.437958 383.859222
563.498291 340.260437
628.388184 264.712921
490.158630 59.129799
512.680054 343.031860
857.880249 59.233730
507.201782 256.971069
435.950012 129.509323
368.465149 417.196625
337.735413 275.244263
734.923462 278.708282
571.379395 313.537506
293.001648 279.106781
649.604736 323.905090
431.853241 470.628113
467.054657 348.457062
590.880127 373.441895
813.248779 89.713959
456.185059 152.226227
717.455933 336.695496
435.813660 150.223434
710.261902 492.417755
743.631958 228.881378
541.312073 317.484253
414.747040 386.130646
675.230835 498.913025
593.597351 339.347443
359.436859 647.796936
447.589844 389.338684
1090.326904 40.618862
853.470154 104.524246
710.793701 245.624405
320.366272 453.925690
611.449402 248.438873
389.553253 617.065369
1075.827393 63.869240
478.557281 241.786926
327.736481 353.177277
356.052368 501.639130
795.777039 335.860260
208.331696 193.482513
275.818512 296.045044
744.460815 214.249115
327.935913 471.672180
837.034790 119.634476
478.653168 467.262054
853.386780 168.226532
586.449158 313.676239
109.080727 198.991745
670.232178 359.915588
608.597778 340.592773
536.347961 477.384918
674.138794 345.241730
522.241272 289.230103
703.686829 523.254822
567.383606 263.178558
711.399414 552.170654
613.139526 264.682159
502.483551 465.423584
399.794922 385.896332
524.264771 323.186615
598.051208 77.670746
696.601624 169.617905
452.263611 351.414886
69.174866 71.763718
481.805817 333.590881
-1.000000 -1.000000
699.089172 354.717529
643.212952 293.811188
1010.526001 41.045357
359.582733 627.732056
159.939316 153.221268
522.070862 304.221680
836.584290 235.384354
821.630493 410.658539
683.045349 388.460815
360.150543 248.756073
764.863159 407.854553
449.005981 311.150269
582.276184 263.332031
1075.763062 79.075966
459.139893 81.156540
83.188240 107.295410
550.616272 76.499161
242.296524 381.623322
631.225464 309.801514
701.568115 83.952194
369.503174 215.978088
344.108795 568.107910
649.299988 308.942291
823.095581 104.622345
322.579437 265.201324
537.321838 288.380859
566.059875 76.553329
429.611389 374.152283
-1.000000 -1.000000
352.255157 265.556976
250.109390 436.742340
761.763916 280.616882
795.871826 320.924805
449.467987 366.474792
314.682709 423.663055
733.391663 66.195496
465.046570 327.299194
374.422546 640.005432
749.203491 419.712463
196.202515 334.807587
690.124268 552.926758
466.263153 482.082825
556.034180 306.452148
598.275452 265.583679
628.117371 293.787109
796.595215 305.971375
354.646729 553.202454
337.371216 260.480408
-1.000000 -1.000000
601.487183 324.690918
690.701965 251.614212
369.715515 230.919220
508.477386 480.133545
85.322777 56.333336
437.273621 351.238647
343.847656 582.883118
337.912323 290.188995
448.463562 483.641144
493.526093 480.257202
759.533630 217.177155
196.312317 349.913849
357.642548 516.575012
-1.000000 -1.000000
352.524506 280.451721
336.215668 307.314606
814.426453 74.503929
357.508942 538.781372
755.679810 132.631256
801.291809 163.386398
609.708923 499.464417
780.671387 279.549683
676.268250 537.890259
762.703857 231.913391
725.184326 492.371185
1089.666260 108.805321
552.119385 482.866943
463.390381 230.520218
374.612335 609.881165
272.160370 387.810150
572.084106 484.202057
613.233948 75.653374
581.106873 76.578056
194.341354 365.032715
673.850769 515.716248
340.345917 245.862701
435.303619 281.228271
438.781525 95.381584
435.623383 296.152496
712.859802 426.159760
397.887207 204.112442
374.375580 655.049377
647.888977 498.461700
1005.979492 184.990143
764.555115 116.040504
449.207275 336.289368
40.429424 566.185425
845.816895 153.060242
593.061218 494.350189
616.278137 308.809540
318.623566 368.250397
1231.281372 47.275288
277.492645 279.328064
394.011078 476.352234
684.718933 567.805603
85.312187 87.415321
307.628174 264.306976
375.004303 248.864929
625.925598 498.396729
686.457764 79.864258
389.386078 632.024597
857.948120 198.262497
459.258575 66.204193
742.741638 243.983932
420.300201 150.221100
286.848663 385.931366
367.133789 263.743530
725.778320 247.863571
252.999588 452.004089
363.367767 193.232956
279.091370 439.024536
420.265442 133.450089
433.930023 311.094482
796.398499 290.961487
290.111664 579.944275
463.393646 245.677734
-1.000000 -1.000000
764.411682 423.045715
241.969513 314.896912
740.349121 492.434082
852.240906 119.562080
98.200348 104.230492
443.931580 80.196770
770.660400 133.017593
314.980072 408.565704
282.425201 41.180508
566.327271 283.457306
181.796661 222.933716
315.072479 188.498093
329.955750 405.626770
40.078289 583.008057
375.923889 477.076904
107.397270 229.119934
705.866577 567.116821
601.249023 304.739899
287.502258 454.380432
227.052246 380.392914
434.134094 336.208618
339.607727 553.195679
830.702209 152.869736
718.583313 536.154419
584.159424 298.628448
641.193481 74.659622
78.972214 122.271507
393.512115 218.839554
733.585327 477.655365
-1.000000 -1.000000
732.046082 461.821411
781.528198 264.531921
421.930481 485.239594
422.436951 359.163483
294.763947 564.979248
93.771484 187.361267
720.790833 567.309204
770.882874 247.322723
341.458252 338.277069
718.766113 521.241760
359.561554 612.470032
85.465149 72.490997
420.458954 271.130554
499.436310 495.169647
781.952271 230.175522
247.404739 421.416748
671.404175 77.788872
303.699310 384.118439
689.937500 505.235626
195.904922 320.008179
608.993042 289.746948
491.665710 43.895546
295.583130 528.088562
739.038818 507.611450
367.382050 278.633179
344.658447 643.639282
690.454407 335.906006
785.673401 133.031693
674.839905 552.813477
434.179138 114.380692
-1.000000 -1.000000
272.813354 454.157806
-1.000000 -1.000000
463.107758 497.007172
261.150818 310.506683
40.307163 278.243073
656.408630 76.739304
786.331482 248.558853
1076.016602 48.687256
592.823608 509.321808
821.848328 119.620644
718.529968 80.048744
764.777893 265.666077
280.182861 563.068237
809.763916 335.723633
582.184875 278.559814
702.445496 582.388062
747.141846 459.642761
336.436340 322.133148
275.099396 581.031860
447.388336 498.575592
352.700104 295.520660
1212.908936 163.862793
404.651276 370.955261
1086.747803 195.380707
293.738556 439.281158
278.925568 527.755188
383.186584 201.232361
340.982574 502.170074
726.320740 552.540588
-1.000000 -1.000000
292.348083 543.234009
81.764931 137.102356
234.321274 436.117493
553.176208 61.388897
412.891632 240.664932
256.099091 467.485718
333.290070 367.901917
287.211517 469.418945
812.347168 350.376190
749.009155 474.635864
721.300415 583.744263
-1.000000 -1.000000
757.672485 492.524689
268.115173 542.470459
589.543579 559.984436
398.571259 189.271744
342.579437 517.300598
826.144592 396.402771
300.724976 238.599045
309.908508 527.220642
732.362061 446.706177
517.326965 495.153442
304.734589 582.104309
994.491516 41.095604
344.759460 625.633545
401.191498 165.453735
366.347168 402.219269
100.336708 86.449356
305.342926 454.655518
388.572205 571.417358
791.833252 215.567291
-1.000000 -1.000000
382.050537 270.885864
648.670898 513.350525
329.155396 567.897095
796.281555 265.421478
1132.888916 339.035400
312.939331 469.553375
384.850616 386.604736
312.357880 546.439148
155.708984 433.653595
265.193542 561.453857
757.445068 510.726288
-1.000000 -1.000000
572.549744 558.654175
986.548340 267.638855
796.985596 230.400879
280.385437 418.065430
821.713989 236.052567
701.490173 68.967812
1117.563477 338.184143
322.247040 250.677887
473.775787 63.510689
-1.000000 -1.000000
168.763657 239.838760
741.468506 553.047180
566.095276 498.959229
609.568481 514.445801
237.172470 451.541534
93.945343 121.847504
687.437256 582.893250
659.656067 561.706726
398.510162 234.087296
809.831421 320.967682
-1.000000 -1.000000
371.407288 552.544312
644.638977 562.428589
-1.000000 -1.000000
420.445740 285.982330
-1.000000 -1.000000
-1.000000 -1.000000
-1.000000 -1.000000
140.738159 433.398438
-1.000000 -1.000000
536.204041 492.487061
-1.000000 -1.000000
284.918457 245.753143
443.977509 65.265213
84.276657 151.881226
100.515160 71.542183
756.242554 525.831970
650.937134 530.546204
986.473145 282.640442
554.767517 556.361206
249.613190 401.316101
342.500244 532.776489
373.426117 491.927948
779.348999 103.462158
155.551849 418.877716
126.138947 433.037750
772.739929 495.697998
-1.000000 -1.000000
763.927734 477.645050
800.927063 248.502182
382.127716 285.739441
420.681976 500.158356
359.607086 597.701538
810.888489 306.420654
609.548096 563.121460
338.511383 486.253052
759.160828 437.897186
298.172821 176.245621
1116.795532 353.333740
263.144897 418.598389
659.618896 546.677185
768.890015 591.639282
792.062134 425.408051
1008.347229 115.053207
335.054871 610.148315
327.683105 519.299500
260.427307 579.776001
776.419495 57.230556
551.001221 497.707581
328.776886 582.266541
1134.991333 354.238586
740.956360 522.773132
367.545624 293.489502
272.504333 469.337952
263.280060 523.148682
626.674744 513.331482
419.242188 343.953369
225.541489 394.295654
568.657104 61.518929
762.559814 454.658142
-1.000000 -1.000000
-1.000000 -1.000000
218.305038 432.331116
572.558838 543.635986
292.523590 264.453430
812.673584 59.411503
-1.000000 -1.000000
405.148010 150.453857
458.115387 557.637268
140.527451 418.530975
590.573364 544.899231
297.553101 41.144291
756.990051 540.798706
389.823090 249.133530
779.389099 428.903473
-1.000000 -1.000000
264.869873 402.014679
391.504333 602.212952
326.117523 502.990936
225.842133 306.933075
589.605225 575.070374
-1.000000 -1.000000
572.481934 573.759949
406.001740 491.207031
776.683411 215.153458
-1.000000 -1.000000
473.988464 548.858826
481.295013 495.136322
740.774109 537.639038
735.821045 567.547180
1132.893433 324.081818
1148.457764 338.984131
626.625488 561.169495
761.993896 568.840149
1058.966675 226.017120
92.168480 172.249481
431.140869 547.164917
500.938873 509.866791
851.159668 250.175125
-1.000000 -1.000000
1065.797119 210.470245
554.908997 541.354004
96.772461 136.813736
717.617126 598.719421
240.214752 467.091431
873.757690 89.063789
701.658447 597.387939
772.577271 512.888977
383.612793 186.599380
736.567322 582.580750
404.434998 355.912842
644.835571 547.297302
323.654449 486.328827
309.019562 568.030518
-1.000000 -1.000000
418.744659 300.907196
1117.604248 323.404541
350.773438 310.623444
344.746124 404.844727
531.983643 507.139709
1210.615112 76.646408
808.090027 148.358002
126.214394 418.265503
404.459900 135.622742
390.883972 491.161957
342.451935 353.335815
287.998871 484.246216
407.631012 584.925598
536.114563 552.119385
-1.000000 -1.000000
415.171234 545.126709
771.342529 606.405090
446.060059 542.286255
432.039276 562.246094
256.592987 482.265991
733.731323 431.798279
749.697083 265.992737
534.301453 537.169922
983.901123 252.310410
295.524719 507.904266
405.761230 271.081238
472.885071 563.765198
327.483002 534.844788
414.025482 560.179321
-1.000000 -1.000000
498.086853 548.900940
554.632141 571.523682
329.574066 647.800110
609.505554 578.126343
240.352219 301.193817
686.105774 64.875504
811.021301 291.318909
-1.000000 -1.000000
300.112244 416.978516
389.201630 647.042603
826.825684 366.359253
-1.000000 -1.000000
330.137604 390.735229
260.286011 296.510162
485.481262 520.753296
-1.000000 -1.000000
223.373322 408.643768
627.853271 535.163818
355.735840 338.767792
-1.000000 -1.000000
130.471008 402.575012
514.160217 549.799011
-1.000000 -1.000000
-1.000000 -1.000000
99.481682 155.797226
156.608093 404.064819
656.236938 61.687813
516.829407 509.911041
778.786133 480.537964
786.253662 496.256226
772.309326 528.237549
428.782074 80.442787
170.868759 433.544891
-1.000000 -1.000000
827.546509 381.345184
-1.000000 -1.000000
40.176643 663.086670
1013.048950 290.772400
608.794922 537.029602
280.634552 402.172363
1150.460815 354.206360
572.607300 514.006653
753.801147 583.512878
786.263062 512.094971
840.150818 399.043762
158.832596 448.567261
640.355225 59.645912
500.504089 524.850159
271.806824 490.702148
370.172638 377.342133
1001.605896 263.662628
-1.000000 -1.000000
407.058411 602.619690
732.921570 51.087975
280.779968 505.699524
372.740295 514.664490
518.403015 532.841858
89.183960 558.631104
417.225159 664.077271
882.908325 245.546616
625.423218 60.661102
-1.000000 -1.000000
110.836159 255.588135
734.746277 263.654083
405.651520 256.354156
-1.000000 -1.000000
988.286072 297.750488
777.686951 454.470367
999.808228 88.500755
868.630554 104.185951
867.701599 246.312134
783.673767 591.615540
240.914810 481.867645
458.313049 523.752441
-1.000000 -1.000000
92.761703 395.182861
686.645874 597.942383
148.409866 631.572266
671.053284 62.806747
310.074432 507.787079
302.758301 485.406982
432.288025 663.934448
208.327362 306.728638
176.325500 409.802155
148.529999 646.574280
999.850342 73.578506
265.191895 506.245148
361.246826 353.304321
591.881470 529.866943
732.679382 598.761353
389.933289 370.305054
554.449829 526.490784
202.490540 601.228149
598.233521 62.629208
1163.783569 339.246887
840.350708 414.271851
1029.078125 245.763702
300.510254 400.816559
698.366028 622.962219
433.541779 525.315247
-1.000000 -1.000000
811.073120 264.575043
389.961304 556.652771
536.981140 567.167358
-1.000000 -1.000000
372.428040 534.889465
-1.000000 -1.000000
1040.499756 206.281219
672.347656 582.720276
84.527138 467.040436
776.813599 570.954895
575.701172 528.809875
553.904846 46.338451
-1.000000 -1.000000
-1.000000 -1.000000
-1.000000 -1.000000
390.727509 663.040283
398.385712 541.901672
246.820206 496.650085
414.706787 524.071716
-1.000000 -1.000000
786.072571 527.553162
494.136139 563.928284
115.853615 400.316498
837.655884 678.914673
347.887756 368.097382
92.445534 217.715195
-1.000000 -1.000000
163.734283 646.865723
786.362061 606.588623
1016.360596 275.736572
697.072510 637.361206
627.437195 576.431763
120.804321 348.789825
644.336853 577.567810
533.438599 522.138367
-1.000000 -1.000000
107.145828 172.420959
419.092102 329.013550
452.254089 664.480774
220.127243 452.460297
143.724167 448.516479
213.202728 143.560501
185.965942 433.699554
261.725281 281.955841
404.055573 340.812317
1148.444702 323.956451
771.787537 549.283691
382.065094 300.777802
111.233459 434.798523
1057.192993 241.143417
125.846336 256.471130
1124.856445 249.954056
191.038925 381.760101
202.411865 586.515137
188.009567 604.986267
1032.978760 230.756683
399.749146 527.024109
824.526245 321.814423
404.066437 617.211121
-1.000000 -1.000000
1016.314758 260.762085
127.424049 632.551147
420.381958 256.410065
86.640160 544.087402
167.825180 631.776611
385.964600 171.950455
514.163330 564.939209
494.834045 651.365662
-1.000000 -1.000000
1165.367554 251.163406
1028.424194 290.846985
1207.527344 92.746712
91.987541 411.751526
-1.000000 -1.000000
689.015686 667.748108
176.295334 378.891296
252.460587 545.627075
1074.685547 228.093414
370.262146 338.398499
-1.000000 -1.000000
109.873550 270.143341
-1.000000 -1.000000
91.538094 380.816071
1081.576172 210.664337
1094.793945 232.604538
84.518257 482.821808
191.429611 306.558746
-1.000000 -1.000000
836.721436 250.370712
976.804138 154.732681
330.043610 625.557983
120.976067 364.618256
114.568115 157.164261
-1.000000 -1.000000
1148.723877 299.708099
177.106842 394.894379
1164.251343 292.237671
157.686447 463.634064
423.546021 97.202263
172.629456 604.604004
872.946045 59.097046
1132.898560 308.789307
345.737701 390.073883
191.234344 409.997803
83.802124 232.677536
-1.000000 -1.000000
250.067703 560.468140
867.375854 119.299431
147.330917 616.446960
126.860001 271.178711
217.415512 598.241150
-1.000000 -1.000000
258.303131 595.625488
792.242554 480.925934
120.840401 453.460602
718.662720 65.063072
456.998138 572.643311
245.502563 511.350616
692.118225 652.277466
1098.884155 251.430984
-1.000000 -1.000000
423.138702 648.987000
-1.000000 -1.000000
1165.748047 354.271912
509.920502 651.090271
96.112633 358.196045
95.803230 426.213684
713.333801 623.278137
133.206314 647.571960
791.458557 89.342613
276.834778 265.067719
392.373383 505.946350
92.200653 202.446335
825.620483 307.610413
200.359192 435.231415
475.558624 651.331909
140.919540 256.206055
1035.670532 305.795776
305.951111 596.740540
1120.291138 266.068787
978.029663 41.072517
753.164429 598.459412
84.002251 248.001572
119.331795 528.510681
375.888550 353.371368
874.768738 73.899994
200.499237 570.991943
948.344482 247.172974
1145.255371 248.862457
418.461273 118.654518
840.368103 429.312622
114.158173 288.287781
173.973190 448.593140
247.791138 526.234070
132.347397 617.838745
104.229851 342.327606
183.231232 237.750793
1185.125977 102.053329
175.892136 349.051544
396.767975 284.954010
362.700409 178.793060
735.227417 613.602844
897.553223 245.569443
94.939491 573.538513
145.531570 501.842072
477.578217 48.724083
162.262024 389.218903
176.074020 364.062347
472.773163 578.743164
129.078293 287.971130
204.640503 289.942993
711.835144 637.519531
142.730957 463.403198
119.705849 513.888184
108.932869 118.834305
806.614990 425.874664
-1.000000 -1.000000
1096.170654 216.993164
-1.000000 -1.000000
963.820740 248.239426
365.612946 323.660126
289.852570 594.981079
999.260559 248.389496
785.942993 542.744141
825.877014 292.540924
120.952209 467.991638
772.135315 621.615417
245.009262 579.984863
1101.304810 347.146332
1101.542725 265.898834
1024.317627 215.406693
-1.000000 -1.000000
857.808105 393.065430
-1.000000 -1.000000
389.544464 150.996170
441.463806 577.333679
223.471985 293.113678
135.610565 342.365784
347.840637 177.608414
217.160431 583.667908
1163.979980 324.222717
118.553085 302.604675
108.077621 385.601105
187.458755 590.307617
407.851196 649.215637
147.147812 516.564087
1164.088501 276.885834
573.381226 588.740845
887.239685 295.912262
590.409363 590.044373
428.637970 65.830528
101.823364 466.593079
123.222725 385.903320
-1.000000 -1.000000
118.217209 545.024719
179.129974 646.719177
1134.757446 224.942581
118.003426 617.751892
-1.000000 -1.000000
703.991821 667.835876
727.829224 633.912659
961.899414 154.702301
161.734238 375.025360
242.958054 597.607117
861.842529 291.352997
790.480591 453.085632
-1.000000 -1.000000
932.869629 246.266266
103.400543 558.758240
222.324326 467.920471
707.035461 652.289124
808.093628 104.820251
-1.000000 -1.000000
-1.000000 -1.000000
125.360680 498.708527
274.812561 596.092712
190.139984 291.576752
825.945557 432.187744
93.039627 598.804688
152.173264 531.514038
141.882767 272.900879
791.743164 571.794678
149.757324 342.805511
1117.197632 308.195038
367.511169 308.631592
1014.376892 305.657990
403.534973 632.092712
86.669083 525.563538
828.466675 648.000305
198.205658 453.449615
-1.000000 -1.000000
1102.104004 332.098267
100.798180 544.657104
144.320511 297.877136
-1.000000 -1.000000
111.808311 419.818939
84.604515 497.482086
120.802872 333.401703
183.975937 208.257538
454.226318 649.269226
113.098747 632.240112
396.173645 299.863525
918.064880 247.210297
1043.496582 290.808258
171.997803 586.251892
183.228806 631.443542
804.071533 652.590210
438.145874 649.065979
1119.693604 368.260040
-1.000000 -1.000000
877.905212 280.791748
555.440063 586.497559
1090.152222 93.133652
801.392639 605.967834
315.342529 619.827454
860.686523 308.907135
612.017822 593.058960
85.760353 323.461517
859.554810 183.234970
135.760513 531.529541
95.076225 266.929626
1194.348633 163.490295
671.861206 597.719727
111.661362 140.462341
1134.887207 369.336517
384.738190 338.387604
400.883209 326.095154
122.243690 484.130188
683.731384 621.788818
198.209930 238.135208
1047.005005 420.519012
1147.013916 263.762085
974.404541 169.878021
655.515442 46.706562
801.081482 514.043396
1178.964966 339.794220
882.987732 230.664154
173.080841 463.562805
787.052551 622.027710
1164.074707 307.103546
105.890633 452.246826
890.302734 311.357910
329.625031 174.524918
143.284729 486.985657
113.306206 101.542992
176.278625 333.685669
801.068848 497.941498
201.320084 470.258606
161.577927 359.840515
-1.000000 -1.000000
569.451294 46.448784
1031.837402 275.705383
-1.000000 -1.000000
755.860901 613.220154
625.370483 45.643612
103.647873 302.865784
-1.000000 -1.000000
1050.786865 305.762878
90.824059 442.117920
873.058777 393.015350
426.546600 577.118835
963.626953 233.204987
118.041626 318.126801
118.928200 647.534180
657.001831 592.620300
84.749748 302.865814
939.029663 231.307297
839.909607 383.893677
-1.000000 -1.000000
859.533875 375.430176
867.812805 231.437698
174.298767 570.932983
108.535095 598.730530
155.793823 256.587097
1148.932861 279.525299
1053.788940 399.601898
826.242371 336.752533
1150.411987 369.465546
902.037170 296.445770
1228.256348 180.243942
99.005302 285.407990
1025.462524 420.211273
1166.912598 426.598419
-1.000000 -1.000000
1180.700806 355.584534
109.999039 573.552063
682.473633 636.463806
260.429413 268.358307
1119.392334 227.098343
771.153503 636.448425
861.512329 276.350464
248.987473 613.021606
1062.045654 420.012756
-1.000000 -1.000000
136.277145 360.407501
148.386658 389.149536
978.780212 237.237045
1101.411133 362.049500
379.916779 323.480225
641.923401 592.600220
-1.000000 -1.000000
1031.359009 260.858215
786.086792 636.838196
97.899429 639.349243
157.285034 601.392090
102.257217 481.870911
798.587036 590.821289
100.505493 326.249786
104.722954 529.272766
718.999634 668.102661
-1.000000 -1.000000
905.078491 311.856110
1072.466675 243.221420
640.384583 44.657429
494.010620 578.889160
806.875000 119.817368
189.664581 252.021790
892.734863 280.588867
579.707031 651.601440
162.858032 517.088379
-1.000000 -1.000000
189.636429 276.535858
-1.000000 -1.000000
838.676514 314.766296
850.453186 277.952087
215.362946 567.770508
789.371521 654.441711
1118.029663 292.984802
458.309845 51.512123
801.942749 623.408264
1014.021790 245.599640
133.983475 546.966431
973.299805 306.596832
866.629578 408.388000
456.393219 587.556213
826.005127 273.875519
1102.509277 520.836182
858.615356 323.528595
105.297134 501.503784
1112.349365 539.114014
177.267700 313.826721
800.713806 529.954956
564.661621 666.089783
439.830811 50.937634
-1.000000 -1.000000
277.858337 610.965637
230.035721 497.523499
161.150742 502.287323
418.862732 633.991699
971.447571 279.984650
879.620972 376.286285
1022.775940 449.568512
494.720459 636.484375
388.118835 136.419968
897.900208 230.703156
1045.009399 572.802368
995.754517 447.461060
626.863281 591.409546
721.870178 652.427979
-1.000000 -1.000000
156.756439 271.309540
-1.000000 -1.000000
-1.000000 -1.000000
133.838333 312.092377
-1.000000 -1.000000
1043.937378 435.274323
1101.426880 281.325073
947.154663 155.675903
849.611572 292.186401
920.231018 309.533997
184.441956 193.276398
230.357590 564.275513
989.135315 169.963913
947.283630 318.449249
-1.000000 -1.000000
1137.527344 520.295105
610.267639 47.617462
1102.472534 317.285950
174.631699 253.385681
677.142700 652.155151
774.336609 653.043640
135.754761 327.370056
1069.495483 400.113129
86.110779 337.427948
217.894913 253.380737
238.871811 286.944000
511.681335 579.814209
837.724060 134.604919
158.783279 478.371979
-1.000000 -1.000000
1151.527100 424.911652
223.391647 482.851471
1192.170532 85.975266
1167.595825 235.532104
-1.000000 -1.000000
1056.787231 256.133759
103.643082 614.366150
1200.231201 678.480469
959.649414 170.852890
700.662720 53.929592
1058.855591 278.756836
926.632141 430.405853
944.744751 432.564209
989.650696 312.606201
1018.013123 230.523636
838.796875 329.896973
115.479042 86.880234
1133.605957 281.572693
196.704712 223.257278
300.278656 611.293274
564.825439 650.723572
539.453674 582.175842
1193.926147 423.465240
400.046875 120.650162
-1.000000 -1.000000
123.061874 601.656006
148.867645 312.094543
1069.407959 654.713745
143.308884 600.725525
1097.607422 541.134033
85.913757 614.889709
980.877075 447.339478
916.164734 232.206467
-1.000000 -1.000000
1027.035156 325.332306
1060.264404 573.159973
509.785004 636.206604
117.893394 559.314148
525.571411 651.120789
1238.621826 415.727081
1140.875977 535.478394
895.123291 376.242401
927.782959 415.424316
-1.000000 -1.000000
1221.510254 413.683380
-1.000000 -1.000000
149.421707 546.580383
1053.132446 656.085083
790.949402 72.757462
888.084534 391.699066
861.480835 261.003326
805.358643 438.412750
950.384033 341.995636
1171.924805 411.540955
1167.104736 441.637421
1194.062134 341.520935
-1.000000 -1.000000
804.025391 638.024048
920.424316 631.728577
166.683182 532.044373
743.129761 628.467346
1117.998901 518.836914
958.465515 303.317383
1038.711060 405.157654
210.201431 617.076050
888.993530 325.942505
-1.000000 -1.000000
927.939758 324.514374
1114.343506 558.321106
219.826752 273.598633
156.747742 587.340271
369.949005 165.136475
910.904846 440.094208
228.963394 512.529358
1045.190674 587.828979
1085.661987 647.549866
270.747345 626.049744
1128.125977 393.705933
1104.548584 376.882751
1165.613159 369.337952
919.470886 294.279510
1059.080566 435.773926
926.621338 654.680603
759.896484 652.295288
1151.121460 393.527161
1153.339233 409.715607
984.664673 432.553802
1083.713013 349.319824
1010.534241 431.299500
1195.638672 249.399628
1076.379395 332.984558
918.189087 507.548553
174.932053 555.944824
477.857666 636.347656
1172.237671 678.808228
907.314392 415.884796
841.066528 368.791321
997.780762 332.866577
-1.000000 -1.000000
1167.919312 220.123779
927.571655 445.446167
1050.793457 375.829437
748.339783 41.300880
-1.000000 -1.000000
843.386169 651.923035
1152.746704 519.619202
830.243103 632.990601
1150.643921 233.225388
174.389694 268.855743
1196.884399 408.459503
204.202667 274.726166
84.904442 512.368774
948.045837 417.405548
193.617233 648.497864
250.434204 627.849609
873.779663 324.232086
-1.000000 -1.000000
943.281616 303.229309
864.515686 358.878876
840.554688 444.136963
1102.288940 301.840485
1155.429443 606.187073
234.215637 612.494629
594.570312 666.140442
805.283325 453.007324
214.537537 497.889618
1038.858154 450.179688
270.831573 641.788574
879.422791 359.711334
932.782959 512.761536
1238.863159 629.377014
1009.704041 653.170410
956.501038 278.558075
1214.164307 398.624359
1090.668213 78.049850
1059.980713 587.955322
1045.204346 557.676208
933.204895 533.809326
1087.786377 525.670776
315.883575 639.218445
150.471741 327.278748
962.760986 321.761047
1070.323730 308.171814
671.291321 47.801437
978.629822 222.285522
1086.556885 632.435425
960.287659 218.050232
662.056641 652.782715
1180.951782 251.156769
842.622437 353.772369
1029.912964 572.473145
903.318054 506.573639
1035.548950 375.313446
903.841248 326.525116
419.077240 619.108826
965.177063 445.979156
233.442474 256.811737
124.882980 573.613403
1210.975464 61.017159
213.697510 512.667175
876.632080 265.115601
231.296616 527.444641
-1.000000 -1.000000
979.682495 333.656708
815.976746 607.314148
847.141418 563.900879
1010.541382 416.453491
949.890076 447.361481
289.890228 641.034485
-1.000000 -1.000000
-1.000000 -1.000000
1155.768433 544.635437
-1.000000 -1.000000
1073.700562 276.584991
115.898155 72.317673
1128.644897 635.919556
-1.000000 -1.000000
1191.149780 438.473663
594.947266 47.607105
931.988342 339.661804
1077.426514 419.680939
869.205933 423.386047
842.067993 44.192623
433.881226 634.087280
1063.986694 602.646057
1167.032593 394.501068
1082.670898 542.943237
1140.782104 606.050354
1010.748840 639.087585
1025.823364 638.068298
1209.488159 234.232025
1227.515503 217.887802
813.417786 591.318542
1195.726807 356.209839
482.121216 40.585384
1196.134033 393.633057
853.200073 428.464355
905.581970 632.448792
668.819153 612.670166
1101.677490 636.004700
1007.141663 138.724030
-1.000000 -1.000000
192.833206 556.104370
995.228882 233.282120
1229.483398 612.548584
458.215546 634.430237
1210.613525 249.462402
948.486572 511.460266
1069.847046 634.279602
918.561890 528.026917
871.150085 438.069092
1082.541504 602.100220
1084.512329 398.439301
-1.000000 -1.000000
595.087036 651.038269
968.562378 262.835114
976.690613 472.004761
1151.746948 439.942047
1136.827148 424.546661
139.075226 575.908875
963.043945 431.309723
891.682251 265.337433
911.703979 654.263245
1182.037109 233.700195
948.656189 532.483643
894.836792 360.609314
845.363403 636.929688
-1.000000 -1.000000
1238.423462 326.592041
885.792847 344.866974
965.909180 349.336914
1138.439453 409.003693
991.831726 466.201843
945.039917 170.756119
845.686890 549.035400
1083.363281 617.220032
1170.673828 606.335693
1075.525879 573.870056
1023.054871 598.794373
1066.567383 376.467743
667.303345 636.969788
901.260681 483.401489
1100.018311 502.366669
1238.445801 399.805359
1107.392334 392.707489
995.817200 415.989685
1150.254395 559.564148
1179.010010 324.950684
159.362152 570.976868
1102.651611 650.843994
899.018555 466.104431
1225.421631 628.220459
1227.692871 202.602737
1152.529663 620.811707
1060.596436 557.915405
986.452881 570.842773
1042.177490 331.645569
1180.561279 370.537354
1209.860474 218.890625
175.988724 298.716797
923.784424 614.921814
1083.796265 559.285400
1029.836060 557.560791
159.163605 297.457123
-1.000000 -1.000000
994.984131 654.796570
1023.340576 400.508942
941.343201 279.722412
892.104309 415.940369
-1.000000 -1.000000
800.545288 544.861938
963.291565 554.448547
-1.000000 -1.000000
1050.319458 640.690735
177.249603 517.297607
895.953674 438.568665
1067.674683 617.599731
1040.894043 602.634216
540.113525 651.218262
1071.893555 258.078094
819.905334 443.695038
175.611237 283.657410
938.359741 215.839890
1196.037598 378.481232
1150.879395 217.950684
236.826996 541.451843
440.725983 592.234253
198.117645 630.396057
974.092651 184.887177
1014.670227 571.207275
1238.839111 644.056519
123.483810 124.283234
1212.973999 383.644470
-1.000000 -1.000000
1037.666016 654.751404
1099.781006 558.506714
923.278259 269.345551
932.430054 155.635712
947.546936 554.668274
1209.111084 429.094177
1131.489136 209.600113
980.894104 417.168182
