-1.000000 -1.000000
-1.000000 -1.000000
133.648712 188.098724
-1.000000 -1.000000
-1.000000 -1.000000
132.627563 173.033279
-1.000000 -1.000000
-1.000000 -1.000000
-1.000000 -1.000000
-1.000000 -1.000000
-1.000000 -1.000000
-1.000000 -1.000000
148.619766 191.082947
-1.000000 -1.000000
1020.597290 156.605408
204.675079 186.570587
118.625534 188.108475
-1.000000 -1.000000
1202.553223 40.814354
124.702209 158.024689
219.780029 189.722931
148.620010 176.070847
1035.633057 160.677017
1005.556213 154.469101
208.790604 171.498032
117.618629 173.015671
-1.000000 -1.000000
-1.000000 -1.000000
-1.000000 -1.000000
-1.000000 -1.000000
-1.000000 -1.000000
-1.000000 -1.000000
-1.000000 -1.000000
-1.000000 -1.000000
223.775787 174.544342
234.741974 192.846466
-1.000000 -1.000000
-1.000000 -1.000000
-1.000000 -1.000000
776.333679 142.679428
-1.000000 -1.000000
1217.386475 90.101868
-1.000000 -1.000000
-1.000000 -1.000000
223.909302 159.569870
-1.000000 -1.000000
-1.000000 -1.000000
774.150269 157.628967
1020.434082 171.581696
-1.000000 -1.000000
-1.000000 -1.000000
-1.000000 -1.000000
1028.688965 90.265091
761.310242 142.645233
1005.228149 169.490311
759.156250 157.613403
247.650009 208.129150
1013.759827 89.128548
147.685242 161.065460
232.686752 208.136566
1035.418457 175.639755
804.315308 192.940384
229.644409 223.245132
249.694351 193.141159
245.626221 223.235245
103.601784 190.116226
819.260681 192.991760
109.699066 157.959564
1012.249939 40.947838
1050.929932 158.764145
208.998108 156.523361
-1.000000 -1.000000
1028.965820 75.062653
-1.000000 -1.000000
834.150757 193.025284
736.774719 80.343079
133.637848 203.160019
1013.909851 74.055031
131.645432 218.163361
123.824158 142.983719
752.324402 172.757477
768.197998 172.661942
118.628403 203.180466
116.638023 218.161377
-1.000000 -1.000000
990.369263 150.179642
746.347229 142.718735
1043.552612 92.387428
217.796112 205.231155
-1.000000 -1.000000
224.066132 144.588028
-1.000000 -1.000000
1028.967041 60.045204
744.242859 157.661591
806.138367 177.559204
821.087280 177.880325
751.540588 79.481255
101.610954 212.163239
1205.763306 75.274567
835.989502 178.010696
-1.000000 -1.000000
-1.000000 -1.000000
214.717819 220.324142
520.066223 52.010067
146.614105 218.195068
-1.000000 -1.000000
737.765076 180.069458
-1.000000 -1.000000
840.208252 208.320419
-1.000000 -1.000000
998.835632 83.055359
193.742157 171.432159
1013.893677 59.141285
264.637848 194.141418
1043.983765 55.002281
795.995605 373.841217
1206.238892 60.150047
736.208191 65.034195
794.528809 358.850983
1043.986938 73.993286
-1.000000 -1.000000
1202.337402 90.063766
728.232422 357.642639
697.127869 299.988770
998.933289 68.059929
417.827667 203.727325
668.536438 447.528656
279.799927 199.748016
-1.000000 -1.000000
197.810989 201.676895
794.810730 388.866913
262.557281 209.241974
698.130371 284.821686
-1.000000 -1.000000
422.716309 412.955872
505.005981 51.903206
1052.778564 134.025314
683.663574 453.525299
1050.853027 173.717331
1208.824951 130.133606
1035.747925 146.199509
1199.928711 115.123199
699.390625 269.557526
238.687790 177.425568
418.715363 188.414963
432.692505 204.648453
279.532440 184.258743
1052.735229 119.078781
280.992188 218.020477
-1.000000 -1.000000
768.521057 187.890381
235.055145 323.007141
990.130249 165.349930
750.951660 64.062180
209.362213 141.437851
781.401184 354.180176
782.821045 374.150452
1188.525024 130.085709
825.482788 208.169495
1037.178711 112.680557
664.266296 432.504883
407.396301 409.661285
1188.316040 145.001389
433.751099 189.485825
727.259705 372.666840
1019.999451 186.575287
1004.862671 184.479828
99.865608 40.977501
235.973221 338.173645
220.453476 328.871948
683.576294 438.685577
1037.865845 131.173813
392.464935 410.512421
711.756287 361.544250
643.422913 166.186493
-1.000000 -1.000000
668.669312 462.469574
251.428391 321.181183
1184.755859 115.133492
1204.654907 145.091187
313.202209 213.014572
417.786377 218.925125
108.909096 142.872009
789.691345 403.808228
582.916382 165.687241
711.744934 300.229614
604.275146 433.108673
809.514343 388.897980
810.720032 373.742767
753.621399 187.995728
426.187805 427.960327
312.659851 198.237900
781.978149 389.159698
1022.287964 105.249039
1029.138794 44.889320
102.609489 175.019852
577.579956 193.838852
433.726074 174.248962
1020.791321 135.254303
1065.690552 156.884750
445.203430 414.019775
809.182495 358.782379
589.117310 426.790558
712.587585 285.173370
592.899048 181.803589
398.758759 425.619781
341.542236 429.327087
685.706482 468.434631
460.349854 414.009125
658.544189 168.307755
266.701843 319.388580
643.283997 181.288605
1057.961304 93.874306
603.088074 165.884293
503.638916 67.916626
221.153580 343.892365
418.577240 173.083664
698.713257 453.629639
-1.000000 -1.000000
500.278137 162.789261
619.219238 425.206390
193.638657 156.419220
724.450134 91.053314
690.694519 315.084839
101.624565 227.174576
-1.000000 -1.000000
698.612244 438.727966
645.056274 196.513474
828.300171 84.530983
589.191406 441.770813
607.829346 191.851364
574.178284 432.737976
445.503357 428.983185
290.599060 332.614075
592.841614 196.828644
492.015320 200.055481
238.813553 162.520294
1039.213745 190.658051
250.765015 336.286438
604.452637 448.111603
520.383179 67.695984
328.951904 216.209671
620.754272 171.125641
829.219666 162.955307
403.789795 188.326782
711.568420 376.594208
634.191040 432.349792
264.682343 179.086990
807.310608 162.622360
713.700012 270.153320
485.335724 162.588409
813.305176 84.560043
619.401978 440.244629
567.885620 178.608597
470.727325 199.753998
460.602173 429.021881
251.090363 239.343460
491.117584 184.882767
432.690582 219.789993
607.895630 206.886673
651.489075 146.988449
482.222961 416.091248
673.747131 170.296173
783.350098 172.725708
766.463074 82.142967
804.044434 404.119141
464.602051 184.526215
631.398010 147.766983
513.520264 429.429626
328.679474 201.336533
562.521851 193.787247
489.866180 51.702522
1067.430298 120.006271
998.578064 97.805870
789.824463 190.346039
696.168457 362.438080
624.754700 196.285721
568.056458 163.491302
290.221558 317.597290
660.231567 185.551086
383.773254 425.548492
236.362244 353.198914
-1.000000 -1.000000
519.689758 158.825668
268.501404 334.492035
650.981262 214.412506
321.851135 182.643463
603.410095 463.051056
577.541992 208.906509
1067.444336 136.960205
588.204468 457.851501
543.443665 408.539368
649.091248 429.466187
205.016815 327.714783
572.011047 417.665619
546.934814 431.459137
603.302612 146.392456
631.581970 132.758118
626.915710 211.290649
344.441437 444.346466
291.682373 347.611816
205.318985 342.433960
752.512634 356.088684
440.757141 261.044739
584.248535 146.102005
700.716125 468.546387
276.617706 349.615265
843.340820 84.462563
449.659546 447.969543
599.478210 127.251251
552.696899 163.313690
1173.459351 129.754410
219.298279 313.889191
829.389343 69.453133
695.987732 377.451691
566.081909 144.029572
706.135071 315.686676
663.961365 240.020859
512.145081 412.343475
666.164734 200.517639
1208.761230 160.938431
647.908325 230.209869
552.312927 178.473190
675.445557 185.607010
778.102295 407.059662
469.842896 161.520218
666.057129 215.265594
403.116760 203.595840
500.743195 216.329086
238.994171 147.619095
731.335327 141.833252
634.558655 396.446045
1014.013123 44.021484
503.648987 138.479370
531.833679 431.454224
482.491455 431.135864
326.475830 430.318817
653.442444 447.396454
584.593994 118.163628
619.918091 410.231384
1173.267578 144.573898
558.326477 399.639465
195.738434 216.948959
657.703674 131.933502
814.406372 69.478806
827.589417 54.439423
619.658997 395.485077
527.278015 403.495056
521.840942 137.925644
680.789246 148.006653
550.890320 144.035828
638.756531 377.518768
506.018799 178.051926
572.220093 447.794342
592.761536 211.764954
537.808289 384.583435
634.470032 447.292114
390.237030 395.649353
485.792450 217.118073
403.372131 172.777283
427.300751 449.914581
637.767578 411.409790
550.003052 123.323891
599.578674 108.128967
417.706482 234.143646
678.967224 131.922363
405.175781 394.778870
489.029694 68.121017
299.611389 302.596222
767.816284 369.221741
556.189087 364.018036
498.291473 427.257629
479.491791 125.155380
614.692139 126.448044
667.842468 259.428345
559.198608 208.976944
471.378479 268.377014
454.308990 169.394699
506.704681 123.525452
262.305450 225.318924
626.702637 462.244904
506.944427 193.201477
554.773743 384.688263
727.890442 387.777893
466.925751 399.265106
478.541107 140.096954
48.593807 45.966862
729.329407 164.956406
475.430939 383.491547
470.566345 214.842560
810.634216 207.772644
648.887695 245.113510
537.656799 159.123199
521.222168 174.084305
565.106628 118.237129
497.117126 412.190704
515.633972 217.589172
727.408997 303.872345
766.000000 386.237946
231.514053 238.283279
512.699341 444.433502
649.483765 394.542847
691.309509 396.673065
534.713928 123.305054
305.402283 331.796051
617.639282 84.468781
377.310516 410.473358
569.881348 384.741852
658.533508 317.830597
456.118744 264.276337
687.715637 483.441650
751.854187 371.082306
571.082886 462.761627
344.346710 216.348557
737.754211 97.550957
681.276184 200.593658
498.263580 381.293213
448.928314 184.373367
635.380676 362.472015
470.128387 110.102875
621.910461 226.044876
572.459229 101.081772
1169.336182 114.415779
522.103516 189.269485
531.852356 213.485687
214.536453 235.336761
481.835022 401.223541
693.197021 107.795784
588.492371 86.135880
537.113342 189.489868
735.952759 49.985573
451.769562 399.261536
261.605408 351.456787
776.172729 338.928894
468.686890 446.012299
726.091431 113.958832
619.772644 108.366447
282.336060 364.757782
604.367188 392.235321
118.544395 233.225571
541.025818 360.790039
570.499207 352.087280
604.011536 418.055115
671.006592 477.237732
708.236572 111.865616
455.366913 106.994171
736.936035 342.968384
748.737671 304.906616
298.190826 287.239471
694.124329 126.940552
644.674255 462.312836
412.229187 449.825134
743.440796 320.137115
556.202209 85.011398
366.469940 577.277100
283.886780 301.821747
537.227295 174.379913
685.685974 516.297485
571.114563 367.070740
605.507385 377.355530
650.716125 260.452484
620.207397 364.392212
346.073303 459.416260
712.834839 347.088623
483.636200 446.200714
425.341736 259.792297
338.619812 414.250671
497.507019 82.411484
653.646118 338.812897
705.895508 209.629135
395.884186 440.637573
678.377502 103.769402
724.069336 75.497688
329.414856 445.397888
1066.210449 171.654587
454.964539 208.769760
470.739044 283.384857
621.853760 241.146103
337.641998 185.623932
650.402466 353.614777
844.385254 69.391685
752.640320 97.539932
457.421844 383.393555
693.296814 92.810432
528.786377 240.065247
555.411804 349.113312
344.154358 201.466660
553.169067 100.126671
623.648071 379.562683
778.357361 318.221344
433.581146 398.059204
459.338562 88.777626
632.573059 83.542191
537.793762 108.299896
748.044373 388.050781
488.491974 366.638397
713.917603 453.525391
664.016296 417.490784
486.683502 277.492249
706.611877 404.022827
497.593689 104.752609
715.726257 470.429657
484.598450 232.402298
678.285400 88.821281
573.476440 399.781219
765.472595 66.136581
464.158295 125.192612
512.508545 82.596085
474.296173 89.069328
681.183105 215.276352
727.858765 288.266937
311.437378 433.342194
513.618347 235.811111
709.242004 127.077080
710.305786 89.077301
367.812469 426.438141
299.151215 271.939819
793.994690 343.435089
-1.000000 -1.000000
571.379333 85.114761
660.873657 116.817383
755.072815 340.984924
513.613586 386.403534
706.806213 195.039886
532.054932 456.401154
635.658508 260.413208
477.350830 69.814568
657.957397 302.701294
812.656555 54.476166
777.886169 303.412354
749.583557 288.638580
634.778931 117.661926
388.811432 455.640778
368.969147 441.414001
-1.000000 -1.000000
679.134827 423.211456
496.763184 396.223755
421.662445 157.775482
634.897705 347.691101
432.538818 234.772583
481.263397 253.415970
513.894836 459.396423
619.665039 349.407471
473.573364 368.605865
441.041412 276.192932
503.430634 356.648376
653.985474 376.692993
313.946747 297.079315
351.343170 578.213135
470.265717 298.298889
536.808350 93.063614
572.711975 337.099854
688.257874 531.359436
658.037415 101.837456
547.035522 446.508240
268.193359 303.719391
659.268860 287.659302
547.928772 461.477051
306.474335 346.813568
513.528442 253.838486
588.733093 408.655670
763.442505 322.259766
539.804626 340.868622
556.985596 239.006393
1054.785034 188.780029
403.199890 218.997803
706.174561 149.126022
265.567444 366.597504
777.916992 288.186340
455.900513 304.900940
282.887848 286.990509
624.780334 477.006592
674.689514 289.826385
710.125916 167.836487
79.206169 40.150654
314.556274 273.193665
475.352142 342.271118
647.906677 85.774071
297.339539 362.723267
705.200745 224.316833
656.023926 477.188354
528.644592 254.969391
585.388489 352.214111
485.923676 292.469513
1005.816589 140.686951
464.259918 71.099098
133.702332 233.210907
458.252441 366.290833
347.873413 474.285431
203.525101 313.346649
423.925781 382.920380
721.753601 196.936691
1007.352783 112.154480
729.750854 327.859680
406.026611 157.435669
558.033569 223.929123
320.013367 331.920410
663.031616 86.750092
485.381683 307.467896
740.124084 111.849380
448.992554 122.151566
221.296280 358.990509
607.554688 477.825745
678.982849 230.186066
721.053894 211.542831
313.859467 227.459641
86.403534 206.976486
463.056671 140.181732
518.779358 356.688599
618.150635 334.176056
713.997986 438.611420
512.688110 106.024948
491.476807 341.593292
439.814941 107.095657
513.178772 371.627228
603.816040 226.696548
203.774323 356.609283
447.361664 462.822235
572.395386 322.327576
634.823425 102.510696
750.750244 48.972515
323.579651 415.192291
588.058899 472.840637
842.391174 230.225937
367.203278 620.533325
199.450851 232.258224
576.430298 223.748459
675.280823 397.396942
679.064697 274.743042
351.450134 563.215027
998.703247 53.316719
720.373169 226.169052
549.694275 315.295532
638.183228 332.622620
543.706970 256.008362
368.883881 456.479919
523.873230 341.751740
690.464600 185.880249
600.925476 362.336639
403.896301 464.697632
366.494263 562.297546
532.885071 326.240265
444.344421 88.698013
314.785461 311.792480
823.154663 99.598526
620.347839 318.502991
381.544800 581.205017
694.513428 420.451904
374.622101 395.681183
640.746399 476.981049
574.223755 238.974655
730.863403 409.914612
584.605042 382.021576
489.793030 326.673889
249.970856 377.606354
557.369690 333.817993
620.539734 258.297455
475.519257 52.071877
506.515228 336.968323
842.601318 54.412891
498.423157 250.662247
425.926270 122.460037
362.470703 411.365936
329.824860 268.811218
728.805786 273.733490
564.697449 307.182068
284.087616 272.084381
643.376099 317.700562
427.015137 464.723419
460.032410 341.940613
585.998718 367.141815
798.246948 84.783440
446.461212 145.066467
714.476868 330.011169
425.644775 143.167984
707.542175 485.599426
736.321899 222.025955
534.346985 311.173340
408.623474 379.897705
672.619873 492.008698
587.822876 333.023529
352.512817 643.494446
441.963257 383.283142
1073.226318 40.602570
838.191162 99.586014
704.038147 238.782257
314.327759 448.476318
603.498596 242.111069
382.322479 612.467712
1058.995361 59.927738
469.341309 235.181000
321.092163 346.908203
349.710419 496.002106
791.491821 328.911011
189.761932 186.424118
267.422058 289.229095
736.941650 207.533051
321.884277 466.102325
821.909302 114.609642
474.683197 461.088654
843.827332 163.081924
579.724060 307.399872
88.438744 191.733459
665.150146 353.663147
603.126343 334.211121
533.082825 471.019440
668.459412 339.083252
514.113525 282.907318
700.697632 516.539917
558.890869 256.890137
707.994080 545.306213
605.096741 258.344330
498.502075 459.281677
393.754181 379.574219
517.094238 317.018372
589.335144 71.255409
688.622375 163.535049
445.072754 345.039764
47.612320 61.948212
474.714020 327.376221
-1.000000 -1.000000
696.205139 348.097076
636.218750 287.537933
992.940308 41.012310
352.188202 623.397217
139.622208 146.025879
514.471008 297.911469
828.377258 231.286606
817.830566 403.659454
679.422485 381.291412
351.169312 242.182434
763.099609 401.145844
441.122192 304.582672
573.954285 256.996735
1059.043457 74.992989
449.364777 73.620583
61.903938 97.805000
541.439575 69.897812
234.530701 375.266113
624.557983 303.435791
693.099609 78.145882
359.240601 208.925461
336.502838 563.285156
642.573242 302.682739
808.105774 99.675621
313.333527 258.323120
529.051819 281.993805
557.045471 70.003410
423.410645 367.695007
-1.000000 -1.000000
344.220337 258.934082
240.862534 430.013306
755.818726 273.895996
791.002625 314.079956
442.738190 360.266815
308.484039 418.166779
723.742126 60.429764
457.595367 320.808228
367.059113 635.527588
747.366211 412.991699
184.570618 326.839325
686.651306 546.289734
462.121246 475.939423
548.854736 300.131317
590.273621 259.200775
621.052124 287.428009
791.368896 299.529724
347.640167 548.309998
328.465973 253.517532
-1.000000 -1.000000
595.435303 318.310272
682.960022 245.033569
359.841400 224.138824
504.534027 474.206879
63.887077 46.043285
430.057770 344.962982
336.211731 578.130981
330.441406 283.884521
443.998566 477.584503
489.475983 474.204041
752.092651 210.242615
186.092682 340.895599
351.067596 511.264954
-1.000000 -1.000000
344.903534 273.929108
329.097931 301.151276
799.402893 69.697433
350.767303 533.668884
746.402954 127.424454
791.427307 157.725800
607.115479 492.620758
776.202148 273.035095
673.130127 531.238037
755.376465 225.062286
722.447083 485.348083
1073.166626 104.991776
548.696472 476.471497
453.960602 223.958954
367.356781 605.582458
265.416656 381.958984
568.697205 477.753448
604.411926 69.338684
572.175415 70.085243
179.359467 358.567291
671.096191 508.909882
330.438202 239.233109
425.598480 274.943054
429.068298 87.820564
426.676300 289.736633
709.950439 419.221680
387.946655 197.619537
367.711029 650.511597
645.552246 491.561768
989.394287 180.418381
755.071838 112.100761
441.651276 330.002441
40.297287 561.469482
835.999939 147.833130
589.988220 487.831146
609.327271 302.493347
312.042725 361.975311
1211.555542 44.893440
268.678253 272.449524
388.826141 470.537170
681.252991 561.203674
64.072121 77.712357
298.053894 257.622040
366.259277 242.323273
623.425659 491.567841
678.003662 73.974297
382.016144 627.401733
848.773438 193.107681
449.286804 59.052048
735.724854 237.176987
409.438934 142.837387
280.028870 380.197327
359.015503 257.023468
718.831116 241.074814
243.519318 445.654114
352.532990 186.662308
271.053528 433.700989
409.166260 126.173828
425.811005 304.519806
790.997070 284.610992
280.877686 575.574585
454.002319 239.150436
-1.000000 -1.000000
762.564148 416.109192
233.382294 308.794403
737.626099 485.471741
837.004944 114.591156
76.996185 94.721336
434.071655 72.594437
761.368835 127.524002
308.617188 403.138947
267.836792 40.862144
557.937012 277.109558
161.862320 216.298889
298.286896 181.907822
323.725403 400.085632
40.065018 577.679626
370.744720 471.394104
86.692902 221.784927
702.370850 560.188110
594.085999 298.360748
280.152832 449.144714
218.765320 374.151306
426.487518 329.943634
332.546661 548.341125
820.696838 147.457718
715.446594 529.544983
576.908020 292.333954
632.393433 68.501373
57.236732 112.755959
383.809143 212.485382
730.855957 470.362000
-1.000000 -1.000000
729.563477 454.506683
776.348022 258.538849
416.847260 479.494537
415.261963 353.147552
285.787506 560.254883
72.506668 180.196671
717.317200 560.174927
763.660950 240.945496
334.733246 332.281372
715.743835 514.655273
352.277405 608.284058
64.180946 62.716034
410.610443 264.916321
495.209045 489.002533
774.696960 223.568741
238.664719 414.457214
662.937256 71.748238
296.956635 378.196716
687.100281 498.191376
181.816528 313.484314
601.433289 283.382416
476.978455 40.158859
287.818146 523.332092
736.169556 500.651398
359.775146 271.899933
337.486481 639.509460
686.407166 329.754639
776.346741 127.233788
671.521973 546.234558
424.363922 107.299812
-1.000000 -1.000000
264.537476 448.977905
-1.000000 -1.000000
458.756256 490.694427
252.467758 304.361816
40.148357 255.409912
647.713135 70.637039
780.271484 242.573608
1059.187500 44.781303
589.893738 502.681549
806.845398 114.637283
710.223450 74.291199
757.988525 259.515503
270.956329 558.408997
804.980713 328.344696
573.934265 272.228943
699.017761 575.270752
744.778015 452.352631
329.561127 315.904022
265.809143 576.460571
442.757690 492.572327
345.409363 289.037140
1193.366821 159.942688
398.190033 364.603821
1070.290039 190.626480
286.926636 433.614197
270.543762 523.183716
373.104401 194.417328
334.493195 496.385010
723.025696 545.598328
-1.000000 -1.000000
284.107025 538.489136
60.480595 127.767113
224.496658 428.089539
543.275757 54.806160
403.054016 234.694000
246.865219 461.521606
326.790588 361.814728
279.740295 464.047516
808.417786 342.788727
746.478394 467.328186
718.129639 576.196472
-1.000000 -1.000000
755.153748 485.358459
259.270691 537.888672
585.932373 553.559692
388.417572 182.289825
335.837494 511.876160
823.090271 389.567810
287.797668 234.850769
302.608246 522.400940
729.869995 439.411621
513.477905 488.927734
295.642090 577.896912
976.630798 41.066097
337.112915 621.557617
390.524384 158.008850
359.816833 396.621307
79.202286 76.965172
299.207764 449.016022
381.642609 566.229492
784.464294 208.771805
-1.000000 -1.000000
373.823853 264.238556
646.300110 506.638214
321.502747 562.847961
790.207153 259.635284
1117.177368 332.980865
306.847412 463.969757
378.378510 380.253479
304.968384 541.434387
139.428909 429.153107
255.620743 556.976196
754.773804 503.515900
-1.000000 -1.000000
568.773865 552.331421
970.637695 261.983093
789.630005 224.189178
273.126709 412.820465
813.750549 231.599564
692.874390 63.175091
1101.921997 332.208405
312.388428 244.141235
463.832642 56.596306
-1.000000 -1.000000
148.756683 233.144272
738.143372 545.893616
562.582153 492.638092
606.963318 507.465515
226.997299 444.445251
72.779320 112.331558
684.039429 576.116272
656.377563 555.319031
388.923187 227.901688
804.536560 313.823700
-1.000000 -1.000000
364.491638 547.433838
641.211548 556.225464
-1.000000 -1.000000
410.869019 279.734741
-1.000000 -1.000000
-1.000000 -1.000000
-1.000000 -1.000000
124.068428 429.032410
-1.000000 -1.000000
532.668823 486.151489
-1.000000 -1.000000
271.520203 242.151779
433.935333 57.765205
62.910690 142.847656
79.325470 61.986511
753.360535 518.609741
648.132324 524.091797
970.656860 277.057831
550.922485 550.346741
242.067459 394.808960
335.622559 527.456970
367.896881 486.376038
769.649292 100.679619
138.899200 414.237000
109.165482 428.622589
770.273438 488.442810
-1.000000 -1.000000
761.351257 470.277100
793.930176 242.748566
374.158539 279.222076
415.320740 494.574249
352.159363 593.006042
805.253357 300.437286
606.041565 556.824463
332.466095 480.686401
757.088989 430.590057
279.685486 169.163834
1100.954346 346.955017
255.549591 413.258453
656.389893 540.264343
765.934143 584.076050
788.605713 418.002991
991.947998 110.478783
326.440857 606.314880
320.733887 513.910156
250.783737 574.650146
764.604370 50.531269
547.479736 491.458496
320.414368 577.680664
1119.112427 347.776855
737.923584 515.844604
360.263550 286.789795
264.300934 463.717621
254.453125 518.770996
624.201416 506.448059
411.687897 337.747314
217.052521 387.696808
559.367432 54.980480
760.084961 447.275696
-1.000000 -1.000000
-1.000000 -1.000000
207.294266 424.306061
569.072021 537.318848
282.708344 258.080200
797.611389 54.607567
-1.000000 -1.000000
393.559021 143.414764
453.159821 552.126404
123.518364 413.998627
587.336304 538.555420
283.168243 40.969963
753.732544 533.607300
380.752167 242.816483
777.772278 421.540039
-1.000000 -1.000000
257.763550 396.331818
384.373932 597.465088
319.333405 496.983032
215.124054 302.590729
585.864136 568.660950
-1.000000 -1.000000
568.739624 567.430908
400.657776 485.543243
768.849182 208.575317
-1.000000 -1.000000
469.150208 543.651978
476.941498 488.814758
737.624817 530.664917
732.468018 560.294922
1117.207153 318.075958
1132.401855 332.786346
623.265381 555.033020
758.566589 561.549316
1041.163208 221.323669
70.965416 164.842972
425.898132 541.722595
496.519196 503.909637
841.764160 247.478348
-1.000000 -1.000000
1048.240479 205.959152
551.093445 535.260864
75.550255 127.344116
714.138184 591.416565
229.767609 461.069977
858.258423 84.209198
698.215088 590.328796
770.182251 505.364502
372.857727 179.822601
733.383545 575.103882
397.322784 349.752960
641.429138 541.136841
317.309235 480.690033
300.407532 563.069214
-1.000000 -1.000000
409.743439 294.615234
1101.855713 317.289001
343.530212 304.512482
338.241241 399.255890
528.321533 500.968201
1191.067505 74.143814
797.790222 142.605774
108.933960 413.695221
391.944275 128.678726
385.438629 485.451843
335.731628 347.352417
280.565399 479.383453
400.968597 579.362854
532.052979 546.388550
-1.000000 -1.000000
409.658630 539.794250
767.992371 598.433838
441.108917 537.023010
426.726379 556.510498
247.238220 476.243835
731.275940 424.752472
743.242371 260.013916
530.170410 531.268433
967.426208 247.199326
287.874146 503.222473
396.078857 265.306641
467.936859 558.077759
320.549286 529.553955
408.426025 554.591431
-1.000000 -1.000000
493.172150 543.431885
550.884766 565.380493
322.573517 643.352173
605.935364 571.755371
230.285492 296.451294
677.754089 58.982109
805.149902 285.753937
-1.000000 -1.000000
293.555756 410.988739
382.176025 642.503113
823.147400 360.024475
-1.000000 -1.000000
323.712341 384.884064
250.734329 290.898132
480.827667 515.132141
-1.000000 -1.000000
214.470520 401.250427
625.109253 528.999512
348.638153 332.612244
-1.000000 -1.000000
112.986923 397.811096
509.865753 544.199158
-1.000000 -1.000000
-1.000000 -1.000000
78.419701 147.294968
139.938446 399.396942
647.479736 55.576420
512.668396 503.917419
775.895386 473.469421
782.729980 488.686951
769.793823 520.554626
418.712189 72.836357
155.148422 428.997223
-1.000000 -1.000000
824.259827 374.590698
-1.000000 -1.000000
40.041763 649.977417
997.532043 285.045013
605.993469 530.659790
273.859070 396.545898
1134.392090 347.659729
569.231689 507.795227
750.713257 576.061035
782.712341 504.188446
834.395264 394.902588
142.905090 444.392273
631.317200 53.455193
495.639374 519.191895
263.879150 485.718658
362.875732 371.333221
985.478271 258.041901
-1.000000 -1.000000
400.264435 597.433472
723.005432 45.263931
272.853821 501.001617
366.734955 509.406525
514.161438 526.864868
73.756096 555.386963
410.597809 660.006470
867.153015 240.302277
616.237671 54.374310
-1.000000 -1.000000
90.058052 248.713989
728.158630 257.835205
395.815277 250.800720
-1.000000 -1.000000
972.491638 291.946442
775.216309 447.362732
983.505005 84.888451
853.158203 99.504112
852.028015 241.069016
780.018860 584.223877
230.862839 476.554535
453.648804 518.689636
-1.000000 -1.000000
74.557823 390.201569
683.135071 591.092834
138.801239 627.747864
662.739075 56.756096
303.127655 502.715698
296.139221 480.411316
425.897827 659.836426
194.247604 303.353302
159.944244 405.292328
139.182541 642.862610
983.566040 70.057899
256.678284 501.325775
353.938507 346.985657
588.775635 523.558289
729.330566 591.085510
383.297302 363.772766
550.639832 520.505554
191.451462 598.276855
589.063538 56.211174
1147.294189 332.924835
833.670898 409.908691
1011.346375 240.776123
293.756561 395.047882
694.095581 615.917114
428.335266 519.854248
-1.000000 -1.000000
804.469299 258.927002
383.803558 551.478088
532.963257 561.351318
-1.000000 -1.000000
366.045197 529.757324
-1.000000 -1.000000
1022.913086 201.794189
669.089417 576.056641
69.436920 462.155914
773.144836 563.417358
572.241455 522.661865
543.150696 40.258965
-1.000000 -1.000000
-1.000000 -1.000000
-1.000000 -1.000000
384.430756 658.567078
392.422913 536.647217
236.571411 490.604523
409.495331 518.763672
-1.000000 -1.000000
782.357544 519.436340
489.226196 558.365540
98.008324 395.563904
-1.000000 -1.000000
340.864960 361.859863
71.055298 210.948471
-1.000000 -1.000000
154.539368 642.686279
782.636292 598.908264
1000.699280 270.031708
692.398560 630.628479
624.082397 569.981445
102.019302 343.756775
641.184021 571.097351
529.436279 516.165894
-1.000000 -1.000000
86.339767 165.000397
411.091919 322.949951
445.988953 659.880859
207.619919 446.152618
127.316216 444.297150
194.475159 136.129242
170.487411 428.861816
250.928436 277.257141
396.499146 334.564972
1132.408569 317.768921
768.733704 541.815125
374.434387 294.119232
94.324852 430.313385
1039.122437 236.218307
105.061066 249.681152
1107.128784 244.642700
175.159515 376.518951
191.133743 583.232117
176.968384 601.802063
1014.941162 225.768799
393.938446 521.958496
818.933411 315.008026
397.124786 612.552246
-1.000000 -1.000000
1000.252808 255.191788
116.882309 629.946106
410.509064 250.486984
71.578857 540.457764
158.130371 627.666931
374.922089 164.969681
509.948517 559.419861
489.474579 646.137390
-1.000000 -1.000000
1147.075684 245.934753
1012.877319 285.145996
1188.045898 89.789337
74.021400 407.087128
-1.000000 -1.000000
684.479797 661.069580
159.731384 373.527405
242.860809 540.630615
1057.385864 223.213684
362.754181 331.861816
-1.000000 -1.000000
89.513359 263.712738
-1.000000 -1.000000
72.981758 375.391113
1064.715088 205.902252
1077.296997 227.358749
69.709892 477.748138
173.664505 301.017670
-1.000000 -1.000000
828.866821 248.291367
961.299500 150.011566
321.497253 621.633362
102.766037 359.183563
93.629448 149.252548
-1.000000 -1.000000
1131.620117 293.490143
160.704407 390.103058
1146.432983 285.779938
142.564560 459.153259
413.605957 90.088699
161.798004 601.432861
857.443359 54.183300
1116.892212 302.894958
338.804504 384.161072
175.352066 405.423035
62.569706 225.863968
-1.000000 -1.000000
240.196854 555.826477
852.004639 114.534157
137.269226 613.148071
106.419930 264.859344
206.315414 595.510071
-1.000000 -1.000000
248.108704 591.905151
788.522949 473.692017
104.729561 448.318481
710.169495 59.315121
451.549011 566.921265
234.967270 505.622223
687.362000 645.599792
1081.556030 246.328766
-1.000000 -1.000000
416.449463 644.562073
-1.000000 -1.000000
1149.015747 347.673401
504.674866 645.923584
77.178139 352.927582
78.429031 421.992798
709.147095 616.199707
123.789490 644.510437
781.205811 87.828430
266.227295 259.387543
386.763031 500.562317
70.297401 195.854492
819.668884 302.015503
186.043335 430.211975
470.095490 645.937500
119.998466 249.636673
1020.335388 300.294800
296.572876 593.791016
1103.038086 260.865356
959.787720 41.055225
750.179749 590.708618
62.936172 241.038681
105.106560 525.013550
368.440704 347.140869
859.259155 69.114044
188.696732 568.024658
931.837341 241.960297
1127.375000 243.839401
407.805359 112.326851
833.166809 424.640961
94.192039 282.346252
158.311569 444.255402
237.348129 520.878235
121.605995 614.679688
84.564064 337.566925
163.839569 231.493546
1165.357422 99.049553
159.609436 342.746063
388.089081 278.289337
351.432648 172.501617
731.521179 605.834412
882.278015 240.344727
80.520531 570.437561
130.983337 498.104980
466.338165 41.964691
145.613388 384.088898
159.515701 358.205902
467.653137 573.016785
109.304382 282.368927
186.693283 284.426941
707.196777 630.750061
127.311501 458.846039
105.769569 510.088623
87.729706 109.102196
802.541260 419.055023
-1.000000 -1.000000
1078.525269 211.739502
-1.000000 -1.000000
947.119995 243.066330
358.301025 317.351501
279.921875 591.988464
982.642151 243.272827
781.991150 534.258667
819.792664 287.245544
105.467094 463.225189
767.737366 613.766907
235.393021 574.786072
1085.517456 340.940338
1084.817139 260.672852
1006.203552 210.852585
-1.000000 -1.000000
845.403564 385.177063
-1.000000 -1.000000
377.464050 144.304047
435.547638 571.587769
210.667648 289.491730
116.497215 337.211060
336.233887 171.655380
206.137817 580.362549
1147.431030 317.840729
98.417397 297.352570
89.368492 380.415985
176.335327 586.978455
401.579071 644.712341
132.794189 512.913452
1146.231079 270.960022
569.265991 582.453552
872.735901 290.499420
586.193970 583.606262
418.251801 58.450146
85.219284 461.813629
104.822250 380.825256
-1.000000 -1.000000
104.515953 540.652649
169.685089 642.675598
1116.476318 219.833435
105.969604 615.161133
-1.000000 -1.000000
699.437866 661.199341
723.271729 626.647461
946.517029 149.928421
145.003754 369.269409
232.699234 594.060608
847.705322 286.099243
786.477844 445.284729
-1.000000 -1.000000
916.906616 240.953995
89.062782 555.233398
209.576859 462.720764
702.295959 645.667847
793.109619 99.661987
-1.000000 -1.000000
-1.000000 -1.000000
111.151787 495.122131
265.056763 592.724365
171.571075 286.421783
820.288025 426.740662
78.750130 597.140808
137.496017 528.276245
121.663170 267.094177
787.842041 563.835144
132.460861 336.627380
1101.353394 302.086426
360.237335 302.390778
999.250793 299.984772
396.723358 627.468384
71.162003 522.835144
823.496033 640.534668
184.069611 448.066711
-1.000000 -1.000000
1086.377441 326.055115
86.741035 540.291321
125.065437 292.126129
-1.000000 -1.000000
94.234200 415.343903
69.804443 493.260162
101.733803 327.937225
164.518585 201.222244
447.801819 644.578247
100.999199 630.356812
387.553345 293.355255
902.096558 241.625534
1027.684204 285.304565
161.288437 582.673523
173.235901 627.683044
799.156189 645.550171
431.810852 644.634827
1103.900635 361.553070
-1.000000 -1.000000
862.698547 275.704590
551.609436 580.429810
1074.368652 89.442596
797.623535 598.453796
306.521576 616.642334
847.461609 302.799835
608.110962 586.679199
65.371735 317.624786
850.316101 178.077835
121.130493 528.098633
74.662361 260.385498
1174.624268 159.439041
668.287476 590.957031
90.462204 131.194397
1118.803833 362.225647
377.052460 332.137177
392.546906 320.177917
107.835411 479.717834
679.113037 614.848022
179.266098 231.873489
1034.014893 413.925079
1129.282959 258.339478
958.914185 165.191498
646.784607 40.734028
797.391296 506.204498
1161.811401 333.123291
867.090271 225.349152
157.734268 459.110657
782.593811 614.572876
1147.039795 300.710449
89.611496 447.007355
876.014038 305.606750
313.490967 168.630676
128.678848 482.949707
92.192604 92.154892
159.813080 327.465454
797.456421 490.149597
187.252991 465.364044
144.861038 353.549286
-1.000000 -1.000000
560.778564 40.369007
1015.830566 270.105591
-1.000000 -1.000000
752.340820 605.132629
616.856995 40.190216
83.509422 297.228394
-1.000000 -1.000000
1035.380859 300.383270
74.470665 436.870056
860.516357 385.640930
420.261292 571.383667
946.935547 228.085541
97.854889 313.190155
107.537071 645.622803
653.498596 586.002441
64.617203 296.714813
922.485413 225.995041
833.918152 380.980194
-1.000000 -1.000000
846.849182 368.101501
852.283813 226.072205
162.658600 567.798584
94.733971 596.996155
135.564438 250.942184
1131.296387 273.466736
1040.350708 393.249969
821.011169 330.278137
1133.904663 362.141846
887.165283 290.768951
1208.684326 175.918121
79.067276 279.238342
1012.986267 413.790070
1151.663208 419.621216
-1.000000 -1.000000
1163.625610 348.447723
96.262314 570.289368
677.504822 629.759583
246.368805 266.262939
1101.068481 221.562119
765.362854 628.941223
846.838562 271.389038
238.885162 609.223877
1048.552856 413.446625
-1.000000 -1.000000
117.741310 354.910645
130.640106 384.109894
962.088806 232.062103
1085.572266 355.576324
372.077942 317.498657
638.475220 586.073303
-1.000000 -1.000000
1014.277771 255.557846
780.642151 629.383667
86.039886 637.482178
146.841873 598.367188
86.808609 477.271362
794.777893 583.229675
80.375481 320.892120
90.138107 525.861511
714.469788 661.384888
-1.000000 -1.000000
890.641541 305.716064
1054.720215 238.238297
-1.000000 -1.000000
488.923279 573.333191
791.945190 114.556702
170.229721 247.227448
877.799805 275.327698
575.357483 646.165039
147.941177 512.999207
-1.000000 -1.000000
171.057236 271.263092
-1.000000 -1.000000
831.446106 310.636322
841.348511 274.398743
203.830200 565.262512
784.431763 647.287598
1101.216309 286.829773
447.455017 44.677368
797.514282 615.958679
997.247437 240.442291
119.863136 542.736023
957.641663 300.734161
854.521057 400.066956
450.660492 581.789124
819.572083 268.249298
1090.995850 512.422852
845.538513 317.402588
90.300339 498.144104
1101.794434 530.404480
158.976456 308.400970
796.723206 521.973389
560.263672 660.079651
428.879211 43.574707
-1.000000 -1.000000
268.578827 607.327637
217.920868 492.643463
146.115356 498.107422
411.971161 629.511292
955.592896 275.003845
866.883911 369.850342
1010.921326 442.277802
489.132263 631.234497
373.923035 130.684509
882.413757 225.432007
1035.610229 564.264771
983.729492 440.322235
623.399658 584.976746
717.195190 645.686768
-1.000000 -1.000000
137.157990 266.426697
-1.000000 -1.000000
-1.000000 -1.000000
113.661087 307.314911
-1.000000 -1.000000
1031.329956 428.350128
1085.134399 275.610992
931.922241 150.887787
840.796692 287.642090
905.559143 303.694031
164.105759 186.038666
218.993683 561.172119
973.422119 165.332657
932.163208 312.234070
-1.000000 -1.000000
1125.157715 511.708527
601.120056 41.293747
1086.512695 311.131561
155.427292 248.160049
672.479614 645.550293
768.811035 646.010498
116.134644 321.970520
1055.334106 393.526215
65.983192 332.380646
199.657181 247.803940
226.697784 283.769012
507.338409 574.337891
822.859253 129.492935
143.907745 473.686676
-1.000000 -1.000000
1136.372192 417.788300
210.677155 478.386505
1172.514404 83.666084
1148.932495 230.731583
-1.000000 -1.000000
1038.937988 250.956284
90.874016 612.188721
-1.000000 -1.000000
944.207397 166.123749
691.700745 48.135452
1042.840942 273.347198
914.549500 422.525452
933.011536 424.024963
974.005920 306.821716
1000.296936 225.367828
831.646484 326.998596
94.385742 77.431145
1116.264771 275.599854
177.851715 216.665710
290.948456 608.492493
560.358704 644.943420
535.701599 576.343506
1178.268311 416.447632
383.135132 114.312141
-1.000000 -1.000000
110.067055 599.963074
129.047409 306.939911
1061.597412 644.610596
131.787872 598.266846
1087.043213 532.545593
73.244301 612.060852
969.288635 439.948914
900.057861 226.611923
-1.000000 -1.000000
1011.997437 319.424347
1050.685669 564.735718
504.382233 630.986450
104.081627 555.638489
520.211670 645.710693
-1.000000 -1.000000
1128.695923 526.922058
882.142700 370.019562
915.408203 407.800385
-1.000000 -1.000000
1205.981201 406.716980
-1.000000 -1.000000
135.365295 542.851257
1045.616943 646.131836
779.783813 67.952484
875.552551 384.631134
846.768860 256.200623
800.874390 430.411499
936.467346 335.598053
1156.355591 404.651184
1151.879395 434.465759
1176.482788 334.870270
-1.000000 -1.000000
798.898865 630.908875
913.762390 622.790100
152.549500 528.781006
738.344360 620.993225
1105.960815 510.201385
942.924438 297.582336
1025.444214 398.904602
199.866547 613.172729
874.883484 320.057465
-1.000000 -1.000000
913.521118 318.377319
1103.953003 548.579102
202.117661 267.775085
146.475967 583.549377
357.252319 160.026688
899.645996 432.230743
216.435776 508.194366
1036.065186 579.376038
1077.570435 637.962585
261.520508 622.446106
1112.244141 386.187866
1088.770752 370.381744
1148.561157 362.140076
904.220947 288.916992
1046.074951 428.752441
920.811279 645.861206
754.140320 645.683838
1135.474854 385.849945
1137.998901 402.551544
972.241211 424.790405
1068.048584 342.869263
998.242981 424.560089
1177.223389 244.083954
1060.646118 326.382507
908.830261 499.792419
162.708237 552.684998
472.401489 631.014099
1164.080688 678.342041
895.117493 408.084412
834.631531 366.261353
983.286194 326.992126
-1.000000 -1.000000
1149.253540 215.391205
916.047424 437.197571
1036.654297 369.567566
-1.000000 -1.000000
-1.000000 -1.000000
837.683472 644.179138
1139.605591 510.890442
825.158386 625.474792
1132.449707 228.183670
155.789276 263.486969
1181.161011 401.744476
185.949219 269.250671
70.097618 508.580017
935.891479 409.522491
184.451218 644.363281
240.004440 625.018433
860.552307 317.770050
-1.000000 -1.000000
927.962769 297.330597
851.809753 352.130371
832.869263 440.088928
1086.536011 295.943451
1144.518555 596.326904
223.664902 609.566711
590.404297 660.541504
800.828918 444.028839
201.999664 493.252655
1026.656616 443.564850
261.571777 638.298584
866.582458 353.780579
923.638489 504.452209
-1.000000 -1.000000
1002.997314 644.806519
940.630493 273.661560
1198.143188 391.613068
1074.879028 74.115746
1050.911865 579.669678
1034.816406 548.940063
924.297852 525.877319
1076.539062 517.278076
307.014679 635.613403
131.984802 321.389923
947.539062 315.647705
1054.125854 302.406738
662.671753 41.747261
961.895996 217.144958
1078.336792 623.758301
943.670105 213.239685
657.511292 646.290527
1162.455566 245.923141
835.371643 350.882294
1020.813843 564.330933
893.961731 499.184784
1021.380859 369.325256
889.813965 320.240387
412.170654 614.583008
953.191040 438.303009
216.208313 250.446854
111.725777 570.595398
1191.337769 58.984375
201.331467 508.168274
861.021851 259.919647
219.027878 523.321533
-1.000000 -1.000000
965.705261 327.212799
811.719849 600.662170
839.423828 556.588989
997.796875 409.893158
938.141846 438.875824
281.102692 637.256165
-1.000000 -1.000000
-1.000000 -1.000000
1143.336182 536.081665
-1.000000 -1.000000
1057.611694 271.255920
94.776985 62.905998
1119.109375 625.178223
-1.000000 -1.000000
1175.404785 431.015411
585.653259 41.229984
918.100891 333.326172
1063.592041 412.812378
857.704773 414.999542
826.600830 40.609486
427.390564 629.566467
1055.228638 594.543701
1150.999756 387.328033
1072.192993 534.393738
1130.064087 596.144104
1003.953735 630.914307
1018.564758 630.081177
1190.567993 229.182190
1208.171265 213.030731
809.315796 584.431030
1178.252930 348.805450
468.969208 40.321995
1179.837402 386.646667
841.876770 420.590088
898.888855 623.701721
664.584961 605.854492
1093.129028 626.291321
990.647766 135.011292
-1.000000 -1.000000
181.258072 552.849243
978.312500 228.064438
1217.084229 602.697510
451.667297 629.591309
1192.290771 244.262177
938.446228 503.120483
1062.327637 625.582397
909.710571 520.027283
859.132629 429.754028
1073.333984 593.732971
1070.085083 391.767334
-1.000000 -1.000000
590.861755 645.601013
952.357361 257.707733
965.311584 464.830292
1136.727417 432.682861
1121.735718 417.333252
126.946106 572.635010
950.631836 423.206024
876.415588 259.912201
905.775635 645.461792
1163.183716 228.869293
939.324158 524.100159
881.571228 354.649231
839.568909 629.252136
-1.000000 -1.000000
-1.000000 -1.000000
872.279541 338.979218
951.959656 343.021423
1123.038452 401.958618
980.236694 459.046661
929.605530 166.007874
838.095642 541.360291
1074.638306 608.624329
1159.796387 596.479919
1065.708252 564.822754
1014.639771 590.785522
1052.052612 370.088745
662.511047 630.592041
891.395874 476.500916
1088.284302 494.613403
-1.000000 -1.000000
1091.806519 385.532074
982.877991 409.078247
1139.256836 550.188904
1161.844482 318.049225
147.867691 567.747437
1093.880615 640.425842
888.522888 459.717499
1213.462524 617.977966
1208.706787 197.924866
1141.478760 611.932556
1050.310669 549.504150
977.607666 562.809875
1026.933716 325.268677
1163.455811 363.535004
1190.799316 214.119080
157.380447 293.234436
916.248779 606.219360
1073.286621 549.643188
1019.782349 549.115173
140.286636 291.715759
-1.000000 -1.000000
988.335205 645.880127
1010.517761 394.808228
925.556763 274.424683
879.829346 407.833069
-1.000000 -1.000000
796.345764 535.784119
954.402649 546.491394
-1.000000 -1.000000
1042.781006 631.840515
163.421280 512.868896
884.236511 430.608643
1059.498291 609.420837
1032.296997 594.512695
534.947876 645.439087
1054.736450 252.949417
814.612732 437.080811
156.896027 278.287598
922.024353 211.089935
1179.020996 371.371796
1132.589966 213.023849
224.428116 538.586365
433.821320 586.401123
187.683533 627.646790
958.118774 180.171783
1005.613708 562.886475
-1.000000 -1.000000
102.311661 114.692162
1196.406616 376.646637
-1.000000 -1.000000
1030.102295 645.289978
1089.252808 548.824890
907.739990 263.741089
917.074707 150.797989
938.489075 546.638306
1193.193726 421.650635
1113.702759 204.612503
968.150635 409.217072
