-1.000000 -1.000000
-1.000000 -1.000000
123.155937 185.945251
-1.000000 -1.000000
-1.000000 -1.000000
122.084709 170.774872
-1.000000 -1.000000
-1.000000 -1.000000
-1.000000 -1.000000
-1.000000 -1.000000
-1.000000 -1.000000
-1.000000 -1.000000
138.465912 188.832504
-1.000000 -1.000000
1015.699280 151.671661
194.769836 184.064972
107.976067 186.077988
-1.000000 -1.000000
1195.405518 40.475933
113.809715 155.843460
210.029892 187.279388
138.462662 173.773117
1030.776733 155.693771
1000.685364 149.541687
198.996735 168.968369
106.856216 170.885300
-1.000000 -1.000000
-1.000000 -1.000000
-1.000000 -1.000000
-1.000000 -1.000000
-1.000000 -1.000000
-1.000000 -1.000000
-1.000000 -1.000000
-1.000000 -1.000000
214.155930 172.015182
225.237137 190.761749
-1.000000 -1.000000
-1.000000 -1.000000
-1.000000 -1.000000
778.483765 138.000076
-1.000000 -1.000000
1210.821167 84.523865
-1.000000 -1.000000
-1.000000 -1.000000
214.657150 157.121826
-1.000000 -1.000000
-1.000000 -1.000000
776.187256 152.935532
1015.587219 166.630768
-1.000000 -1.000000
-1.000000 -1.000000
-1.000000 -1.000000
1024.225708 84.940498
763.429871 137.998001
1000.334045 164.553070
761.207458 152.956726
238.198578 206.251266
1009.335327 83.740723
137.598831 158.761505
223.071503 206.262497
1030.607422 170.650101
806.677917 188.618393
219.976135 221.342133
240.427017 191.194138
236.068710 221.363770
92.809677 188.537964
821.603088 188.541794
98.776413 156.126984
1005.177551 40.553188
1046.067871 153.860199
199.580841 154.042664
-1.000000 -1.000000
1024.595581 69.635719
-1.000000 -1.000000
836.429626 188.574799
739.093140 75.223282
123.202988 201.470673
1009.575928 68.602943
121.072853 216.486877
112.566078 140.688599
754.613464 168.230377
770.317932 168.038376
108.102341 201.480728
106.044167 216.472824
-1.000000 -1.000000
985.247803 145.324844
748.508850 138.134674
1038.991699 87.124847
208.018097 203.164230
-1.000000 -1.000000
215.390732 142.138092
-1.000000 -1.000000
1024.401245 54.777172
746.371826 153.075684
808.253845 173.101196
823.187988 173.398300
753.858337 74.441925
90.552948 210.513855
1199.254761 69.891052
838.075623 173.550827
-1.000000 -1.000000
-1.000000 -1.000000
204.848465 218.214249
514.837036 46.506351
136.371429 216.299057
-1.000000 -1.000000
740.420898 175.776688
-1.000000 -1.000000
842.668518 204.038712
-1.000000 -1.000000
994.497681 77.611778
183.878143 168.960556
1009.291138 53.877262
255.734253 191.780151
1039.341553 49.738674
805.691467 369.195984
1199.706421 54.801105
738.450928 59.793125
803.939697 354.190704
1039.501099 68.608803
-1.000000 -1.000000
1195.756348 84.633652
737.827698 353.136292
703.806030 296.916351
994.686218 62.619427
419.331543 200.315720
677.328308 443.876923
271.015228 197.446579
-1.000000 -1.000000
187.917267 199.469574
804.744751 384.223022
253.634796 206.913818
704.201355 281.671509
-1.000000 -1.000000
428.702026 410.422974
499.659393 46.623039
1047.752319 129.084793
692.626343 449.908417
1046.216675 168.784378
1202.109497 124.529694
1030.832642 141.278336
1193.345093 109.509575
705.084106 266.107849
229.319153 175.402802
420.062958 184.786743
434.146423 201.177567
270.790344 181.954193
1047.671631 114.059509
274.647919 217.176666
-1.000000 -1.000000
770.993591 183.563660
238.669357 320.569000
984.996155 160.468903
753.202393 58.872284
200.917191 138.982178
791.191162 349.612183
792.767578 369.560822
1181.796387 124.545349
828.090454 203.850113
1032.395142 107.472336
672.846680 428.788971
413.178436 407.316193
1181.601440 139.458328
435.181458 185.862167
737.135010 368.189453
1015.060730 181.615997
999.869019 179.542236
89.761383 40.897686
239.771561 335.824158
223.948608 326.429688
692.463623 435.150970
1032.958740 126.250725
398.008392 408.286560
721.093994 357.223816
646.991150 161.480392
-1.000000 -1.000000
677.573059 458.820892
255.231064 318.713074
1178.054810 109.598030
1197.965942 139.553421
312.583466 211.077484
419.390991 215.808960
97.671013 140.802155
799.647888 399.171082
586.311646 161.043945
718.423706 297.070618
612.449097 429.729218
819.201233 384.515625
820.197998 369.252899
756.316101 183.686554
432.322418 425.430969
311.641083 196.313110
792.117126 384.581848
1017.591919 99.791878
1024.293945 40.488304
91.780838 173.705032
580.714661 189.288849
435.119568 170.487167
1015.866089 130.501694
1060.823975 151.942307
451.400421 411.344788
818.376709 354.197449
597.262817 423.533813
718.521057 282.040283
596.147949 177.270920
404.784027 423.395721
346.052032 427.412659
694.746765 464.769104
466.655884 411.553162
662.151306 163.572037
271.049469 316.976654
646.847473 176.578339
1053.096436 88.828796
606.523315 161.117950
501.754730 63.426315
224.903091 341.480988
419.781342 169.194458
707.782471 450.032104
-1.000000 -1.000000
502.524628 158.521118
627.453491 421.770599
183.950958 153.959686
727.399597 86.587288
697.720703 312.161621
90.620506 225.532516
-1.000000 -1.000000
707.604736 435.291626
648.522705 191.857529
823.587891 79.823555
597.475098 438.553467
611.177917 187.301285
582.065979 429.734436
451.860504 426.400543
295.890900 330.372772
596.035095 192.363007
494.184601 195.930374
229.753113 160.641098
1034.503540 185.624741
254.827545 333.900391
612.763916 444.725647
518.147705 62.843323
329.020355 213.596207
624.419373 166.476852
831.076233 158.487228
405.067596 184.846848
720.825745 372.214539
642.568176 428.832001
255.819199 176.699554
809.208130 158.142365
719.064880 266.822723
487.531189 158.444260
808.624268 79.855515
627.768433 436.796509
570.962524 174.131012
472.869568 195.806549
467.117493 426.628204
242.569351 237.308975
493.369873 180.721130
434.178772 216.536469
611.233521 202.410431
655.174255 142.197769
488.907318 413.769562
677.390015 165.602737
785.569092 168.063309
768.760742 77.163254
813.710693 399.816193
466.783112 180.657074
634.984497 143.162689
520.835449 426.743347
328.450226 198.780060
565.465027 189.421448
484.313599 45.762486
1062.310425 114.656273
994.081726 92.202126
792.330566 186.026794
705.216248 358.164124
628.222229 191.684998
571.194824 158.933136
295.380127 315.267029
663.769592 180.849564
389.464050 423.455872
240.388962 350.983490
-1.000000 -1.000000
522.074768 154.499435
273.588684 332.233002
654.414307 210.188889
321.429688 180.371933
611.727966 459.762878
580.546326 204.601547
1062.377075 131.639053
596.537354 454.684387
550.542603 405.598145
657.635376 425.758057
208.345169 325.135681
579.784241 414.754059
554.475281 428.630096
606.710571 141.894028
635.148071 128.105774
630.199829 206.859634
349.039276 442.658752
297.073608 345.421570
208.873245 339.770508
762.674683 351.626984
442.167389 257.706635
587.567993 141.742691
709.784424 464.882660
282.029175 347.352325
838.494751 79.697838
456.215942 445.494781
602.814331 122.712784
555.765686 158.950577
1166.673462 124.155571
222.464340 311.515289
824.717163 64.702568
704.999329 373.107971
569.245911 139.827835
713.557495 313.014496
667.301941 236.299576
519.324890 409.600769
669.500793 196.098267
1201.868530 155.404648
651.316406 226.265884
555.430481 174.136551
678.967102 180.915070
788.197327 402.543915
471.984253 157.556702
669.356873 211.274628
404.675964 200.302292
502.980042 212.495743
230.412323 145.764877
733.509155 137.641296
642.129883 392.806671
1008.460205 40.446121
505.778656 134.141830
539.136841 428.681732
489.411652 428.837006
331.015839 428.460876
662.198303 443.714111
587.615967 113.659142
627.828735 406.737579
1166.525391 138.998077
565.501038 396.572815
185.695770 215.171524
661.409851 127.120514
809.749756 64.730568
822.943176 49.767857
627.240845 391.886444
534.178101 400.527130
524.439758 133.476501
684.573242 143.288055
553.875732 139.937363
645.470520 373.750519
508.328247 173.732315
580.246399 444.828308
595.881714 207.658478
544.347107 381.493347
643.015808 443.773438
395.672150 392.927032
487.961670 213.330505
404.220154 168.794800
433.672760 447.519257
645.782166 407.850250
552.962158 118.877686
602.764587 103.587593
419.500488 231.276199
682.719482 127.146049
410.722626 391.990997
487.477966 63.658905
304.648987 299.815887
778.165222 364.648407
562.369629 360.885681
505.607941 424.778381
481.444183 120.941849
618.034363 121.913673
671.281921 255.633209
561.928833 204.848068
473.243561 265.093658
456.364929 165.634262
508.878296 119.091736
253.320969 223.084457
635.141663 458.817871
509.174866 189.020065
561.527771 381.418549
738.071960 383.316711
473.057037 396.693878
480.504639 136.001892
-1.000000 -1.000000
731.589478 160.901672
481.268829 380.745270
472.461761 211.134232
813.322632 203.301224
652.218018 241.335541
540.511963 154.766006
523.697632 169.727280
568.282043 113.761757
504.304413 409.643768
518.013245 213.667511
734.510559 300.131805
776.381653 381.653076
222.216858 236.261124
520.128784 441.767883
657.117310 390.922607
699.613953 392.195038
537.667786 118.671753
310.654388 329.566772
620.768433 79.262512
382.398468 408.367279
576.610291 381.329315
663.289612 313.996857
457.815094 261.013184
696.484436 479.771973
762.164490 366.566162
579.177795 459.815369
344.819824 213.192764
740.205872 93.319031
684.703369 196.065247
504.046844 378.584686
450.566803 180.815643
641.487488 358.535400
472.149323 105.852768
624.953918 222.071091
575.412964 96.593208
1162.459106 108.956207
524.523376 185.063919
534.408813 209.699097
204.893936 233.245789
488.306335 398.718567
696.829956 102.991592
591.488464 81.339790
539.997437 185.330185
738.193909 44.725788
457.649475 396.373932
266.599640 349.208557
785.805847 334.305054
475.733978 443.692017
728.773499 109.613121
622.984924 103.691338
287.935394 362.566467
611.697815 388.628876
108.016891 231.381271
546.902161 357.539398
576.022705 349.000061
612.012756 414.609283
679.728577 473.771179
712.020752 107.074883
456.914764 102.570496
745.948425 338.535828
755.637329 300.060272
302.059692 283.794922
697.999817 122.157341
653.427856 458.687347
418.446198 447.592316
751.422607 315.542511
558.888489 80.175972
368.830566 576.660645
288.054199 298.442139
540.157898 170.061783
694.010437 513.074463
577.302368 363.890289
612.059814 373.790741
654.126221 256.548553
626.262207 360.548462
350.712189 457.883453
721.994263 342.670715
490.839386 443.822754
427.013123 256.520020
343.174469 412.221039
499.576843 77.883667
659.309265 334.727020
709.457336 205.172653
401.972168 438.548492
681.777100 98.885201
726.815552 70.329964
333.987396 443.717499
1061.741699 166.720810
456.547119 205.252167
472.936340 280.065918
624.877747 237.220398
337.478943 183.053787
656.488770 349.453400
839.513306 64.592346
755.108276 93.803368
463.044312 380.509308
696.709106 87.936584
531.026306 236.182327
560.953552 346.026947
344.371613 198.494293
555.876648 95.589287
630.288696 375.797577
787.183044 313.655304
439.372070 394.940613
460.638275 84.296570
635.730286 78.316406
540.714966 103.694550
758.359497 383.520020
493.654846 363.709229
723.186584 449.908478
672.293396 413.583069
488.904907 274.207794
715.192932 399.653473
499.801239 100.056068
724.802979 466.779846
486.479462 228.625336
681.538269 83.856133
580.815674 396.713409
767.692993 60.927906
466.085571 120.890694
514.681641 78.010834
476.184021 84.451721
684.675964 211.260986
734.095093 284.683746
315.965363 431.589325
515.872864 231.843033
713.139038 122.318909
713.853271 84.009483
373.194183 424.457367
302.112152 268.017487
803.278503 338.775696
-1.000000 -1.000000
574.133301 80.347832
664.478699 111.949760
765.016418 336.594330
519.997925 383.651703
710.282715 190.381668
539.615479 453.674652
638.870056 256.548462
477.005310 65.888084
662.393372 298.819122
808.043518 49.797504
786.069641 298.755890
755.717346 283.607391
638.230896 112.987846
394.853424 453.765747
374.540619 439.626892
-1.000000 -1.000000
687.431458 418.964172
503.234589 393.725739
422.746063 153.368240
640.565613 343.669220
434.156830 231.667007
483.098907 249.941330
521.342896 456.722168
625.268860 345.507599
478.762451 365.746704
442.677551 272.867615
508.250275 353.500153
660.938110 372.815643
318.827881 294.286957
353.591370 577.505920
472.858673 294.978058
539.505432 88.124741
577.514832 333.766083
696.383484 528.054810
661.313232 96.835869
554.764404 443.680145
272.262787 300.457764
662.991455 283.758667
555.779480 458.674225
311.770905 344.715820
515.923889 250.152588
596.500671 405.396149
772.940063 317.842773
544.764038 337.805359
559.316040 235.170410
1050.498413 183.825500
405.013824 215.997223
710.203491 144.629532
270.786682 364.428528
785.182434 283.374420
458.905518 301.472748
286.371460 283.195618
633.046936 473.720276
678.546509 286.011871
714.138000 163.326172
68.572632 40.006180
318.252380 269.350433
479.679779 338.873596
651.092285 80.548431
302.977264 360.529572
709.243774 219.761749
664.821289 473.683990
531.013184 251.243759
591.022583 349.055878
488.347168 289.187012
1000.953979 135.632935
465.763641 66.272133
123.076782 231.366348
463.191620 363.397736
352.477234 472.878387
205.971237 310.747498
429.349091 379.765686
725.246948 192.204178
1002.738220 105.909973
738.404297 323.614532
406.674866 152.991302
560.510742 219.990509
325.048767 329.761322
666.164551 81.689369
488.254730 304.139618
742.490356 107.446457
450.658905 117.626686
225.080490 356.705200
615.638794 474.834808
682.628357 226.250565
724.863831 206.693298
313.808716 225.233170
74.940575 205.687927
465.033966 136.019211
524.282166 353.461151
623.504517 330.332672
723.336487 435.036499
514.962830 101.075714
495.919495 338.301514
441.221161 102.604767
519.138245 368.646912
606.861206 222.800110
207.168427 354.045074
454.041809 460.543732
576.825378 318.634735
638.079651 97.610352
753.005798 43.749866
328.160919 413.238586
596.395874 469.748779
845.377625 227.331177
369.534546 620.279236
189.584625 230.396591
579.282654 219.904358
682.703491 393.335602
682.555481 270.831818
353.791962 562.468994
994.031982 48.171509
724.562866 221.006088
553.664246 311.605499
643.585693 328.638275
546.199585 252.316650
374.696381 454.839264
528.785339 338.725464
693.938110 181.266998
606.859314 358.997620
410.177246 462.704224
369.024414 561.601257
536.978149 323.227478
445.312469 84.362892
319.848511 309.169861
818.419128 94.760864
625.055786 314.664398
383.867920 580.544128
703.149292 416.465759
379.525604 393.128967
649.273376 473.612183
576.986328 235.178604
741.086975 405.383911
591.505432 378.576630
493.784790 323.378326
254.032730 375.672119
562.015137 330.499481
623.619568 254.492294
470.336884 47.243984
511.042816 333.739258
837.784241 49.710075
500.768677 247.003708
427.275085 117.847374
367.267029 409.282318
333.841431 265.481110
734.325195 270.521393
568.651550 303.390625
286.929291 268.272675
648.185425 313.883484
433.554535 462.598724
464.126587 338.701080
592.306458 363.896271
793.751526 80.095200
448.098206 140.785004
722.896423 326.198181
427.014435 138.563614
716.226990 481.910370
740.497681 216.487808
538.029053 307.782593
413.778809 376.879883
681.107117 488.515930
592.708801 329.509918
355.148010 643.481506
447.401093 380.181976
1068.046631 40.346657
833.462341 94.686073
708.681152 234.101257
318.772827 446.791077
606.629333 238.169144
384.402771 612.098633
1054.359253 54.659096
470.926239 231.576050
326.225708 344.941467
354.102173 495.092438
800.288635 324.193207
180.072800 184.006851
270.971222 285.835938
740.666565 202.261841
326.250732 464.476166
817.084045 109.939308
481.838623 458.803314
845.692505 158.598175
583.930969 303.576508
76.954636 190.172211
671.420044 349.243286
608.339600 330.616058
540.699036 468.434479
674.346436 334.875946
516.731812 279.540924
709.013550 513.280701
561.387817 253.195084
715.817993 541.950562
608.336670 254.545197
506.107727 456.773346
398.745453 376.694672
520.688171 313.851501
592.286743 66.297798
692.422668 158.845795
449.005646 342.113464
-1.000000 -1.000000
478.575897 323.938354
-1.000000 -1.000000
705.064697 343.646088
639.996033 283.606567
984.654785 40.906925
354.457153 623.453796
129.377960 143.695480
517.603760 294.572327
832.116882 228.955444
826.794067 399.512390
687.237610 376.638855
354.093994 238.964828
773.181946 396.612366
444.213135 300.914551
576.900513 253.300446
1054.414429 69.747643
450.186127 69.067940
50.307678 94.462532
543.682068 65.107216
237.968018 373.585480
628.892212 299.533508
696.385376 72.889854
360.553284 205.415314
338.854828 562.489319
646.920593 298.817719
803.460510 94.850700
316.266022 254.109879
531.744202 278.561829
559.357971 65.101501
428.249634 364.683044
-1.000000 -1.000000
347.853516 255.806107
243.309021 427.591003
761.242310 269.089355
799.127441 309.178619
447.277893 357.427979
313.196259 416.526031
726.316956 55.188137
461.302368 317.222565
369.503571 635.318298
757.536255 408.433716
177.943207 324.815002
694.385986 542.974365
468.948944 473.797180
552.442017 296.567474
593.366272 255.426498
624.821960 283.531494
798.794556 294.925842
350.570526 547.557983
331.533264 249.549454
-1.000000 -1.000000
600.015747 314.508942
686.546326 241.258453
361.576538 220.988785
512.031067 471.508606
52.249027 41.505985
433.835602 342.205566
338.406982 577.271301
334.840912 280.709015
450.753143 475.651459
496.571625 471.861084
756.138245 204.332321
182.211914 337.600861
355.320374 510.429993
-1.000000 -1.000000
348.872070 270.667664
333.859161 298.245514
794.992249 64.837761
354.767853 533.086853
748.659790 122.887245
793.183350 153.043808
615.168335 489.875946
782.812073 268.163239
681.048340 527.944397
759.697998 219.213333
731.304871 481.722992
1068.484375 99.766998
556.748962 473.730621
455.330658 220.538239
369.539154 604.986633
270.121979 380.182831
577.011292 474.936523
607.541992 64.361671
574.755981 65.153900
171.755707 357.496918
679.456116 505.573608
332.092957 235.501236
427.145294 271.633636
429.746399 83.339561
428.679047 286.314728
718.969299 415.121216
389.472717 194.219269
370.645233 650.509277
653.982849 488.477814
984.244568 175.542099
757.422485 108.172310
445.236084 326.931885
-1.000000 -1.000000
837.404846 143.273911
598.163452 484.898254
613.673706 298.662292
317.585632 359.816742
1204.984497 40.401943
271.492035 268.978149
394.674408 468.875732
688.981323 557.958374
52.590809 74.111053
300.639526 253.650406
369.270660 239.151917
631.578613 488.698181
680.950745 68.783546
384.124054 627.074402
850.805176 188.603485
449.756439 54.513195
740.248413 231.765320
410.236328 138.236359
285.570343 378.185883
362.396545 253.828613
723.393066 236.042801
246.470627 443.298340
352.635895 183.711105
275.710815 432.458618
410.161530 121.553505
428.619598 300.966797
797.687073 279.896332
281.717529 575.147461
455.194672 235.517197
-1.000000 -1.000000
772.626038 411.515320
236.686340 306.433838
746.719727 481.760956
832.169617 109.875145
65.547119 91.455170
434.632019 68.128433
763.602112 123.074310
313.544189 401.371216
260.978058 40.942341
560.689697 273.426025
151.769394 214.713547
289.522552 179.615494
328.529510 397.844269
40.009964 579.789307
376.391846 469.816315
75.377052 220.790527
709.912354 556.850708
598.245544 294.483521
284.594604 448.032898
221.488922 372.202393
429.926758 326.840149
335.362091 547.663330
822.003418 142.764496
723.697937 525.852173
580.537537 288.514862
635.325500 63.444233
45.297428 110.049988
386.089081 209.003647
740.127136 466.655975
-1.000000 -1.000000
739.250671 450.794891
782.638916 253.811584
423.444641 477.626007
419.110046 350.570190
287.274841 560.649353
60.670620 178.123001
724.935120 556.691711
768.316711 235.777405
339.557312 330.170349
724.098328 510.936890
354.430328 607.781860
52.716496 59.151154
412.557251 261.880280
502.613892 486.931732
779.216431 217.901566
241.186569 411.762970
665.567932 66.666962
302.648163 376.114258
695.645813 494.589294
173.731949 311.976135
605.183228 279.483643
-1.000000 -1.000000
291.169037 523.232117
744.871826 496.925934
363.547272 268.635010
340.039612 639.477234
693.809387 326.523010
778.576172 122.418541
679.160583 542.952393
425.510925 102.732834
-1.000000 -1.000000
268.709717 447.750183
-1.000000 -1.000000
465.768219 488.880493
256.169342 301.533386
-1.000000 -1.000000
650.482544 65.551926
786.205444 237.714630
1054.404297 40.464169
597.941040 499.911621
802.119751 110.012032
713.666992 69.018616
762.851868 255.042023
272.492950 558.911926
813.556396 323.400543
576.986206 268.419250
706.539673 572.137146
754.394104 448.350708
334.565765 313.192993
266.339417 576.224915
449.669525 490.693237
349.821442 285.971619
1186.523560 154.478363
402.560333 361.865112
1066.338745 185.586380
291.861237 432.554932
273.543732 523.056030
374.674103 190.714432
338.776855 495.423828
730.893494 541.926514
-1.000000 -1.000000
286.930664 539.034668
48.450932 125.169830
225.197525 423.280365
544.906860 49.994030
405.138672 231.900375
249.639206 459.668671
331.866180 359.750488
283.899841 462.964569
817.461304 338.294220
756.032349 463.513763
725.498108 573.105408
-1.000000 -1.000000
764.438477 481.483917
261.366028 537.937988
592.859924 551.308228
389.403046 178.123749
340.028748 511.112885
832.049927 386.007996
287.047028 233.633286
306.465118 522.400818
739.708191 435.512024
520.901733 486.460449
296.445984 577.485840
968.925781 41.037659
339.355042 621.627014
390.392426 153.853226
364.470764 394.058838
67.818840 73.599930
303.751923 447.664154
384.451477 565.625610
788.413391 203.145279
-1.000000 -1.000000
377.197113 261.104248
654.593262 503.531342
323.717651 562.398376
795.994446 254.849274
1111.425171 327.177734
311.239502 462.369843
383.024780 377.441986
308.518463 541.757385
133.563065 428.842163
256.960876 557.029480
763.560486 499.537109
-1.000000 -1.000000
575.860962 550.214478
965.513428 256.902893
793.780334 218.897491
277.926788 411.491699
817.697876 229.058197
696.068726 57.895679
1096.188477 326.502472
314.469147 240.203217
463.728455 51.843636
-1.000000 -1.000000
138.625076 231.051208
745.989319 542.140137
570.896545 490.010345
614.897522 504.902649
228.406250 440.149200
61.413589 109.373245
691.605530 573.024536
664.095093 551.928284
