40.028996 40.024048
-1.000000 -1.000000
-1.000000 -1.000000
-1.000000 -1.000000
-1.000000 -1.000000
-1.000000 -1.000000
-1.000000 -1.000000
-1.000000 -1.000000
-1.000000 -1.000000
-1.000000 -1.000000
-1.000000 -1.000000
211.070557 131.682098
218.386307 147.046585
196.289703 131.224243
-1.000000 -1.000000
203.336288 146.779175
188.774490 147.028610
-1.000000 -1.000000
181.083481 125.431854
205.886108 162.198013
-1.000000 -1.000000
-1.000000 -1.000000
218.771622 110.946541
-1.000000 -1.000000
-1.000000 -1.000000
-1.000000 -1.000000
191.335419 162.485138
-1.000000 -1.000000
203.216461 112.209351
-1.000000 -1.000000
172.087021 287.768280
-1.000000 -1.000000
-1.000000 -1.000000
215.216980 95.280197
233.911148 227.131027
-1.000000 -1.000000
-1.000000 -1.000000
951.681335 204.380005
155.851776 288.878632
216.484406 224.573593
-1.000000 -1.000000
199.851471 97.006470
-1.000000 -1.000000
-1.000000 -1.000000
490.482941 355.873444
-1.000000 -1.000000
-1.000000 -1.000000
-1.000000 -1.000000
965.311035 204.445023
-1.000000 -1.000000
-1.000000 -1.000000
482.973206 340.583649
-1.000000 -1.000000
-1.000000 -1.000000
504.584778 356.736481
-1.000000 -1.000000
-1.000000 -1.000000
-1.000000 -1.000000
-1.000000 -1.000000
-1.000000 -1.000000
-1.000000 -1.000000
-1.000000 -1.000000
-1.000000 -1.000000
-1.000000 -1.000000
893.591675 323.445923
-1.000000 -1.000000
170.910156 271.309906
-1.000000 -1.000000
-1.000000 -1.000000
-1.000000 -1.000000
636.376770 110.342598
-1.000000 -1.000000
-1.000000 -1.000000
-1.000000 -1.000000
-1.000000 -1.000000
-1.000000 -1.000000
600.872070 57.540028
-1.000000 -1.000000
535.136169 467.470367
-1.000000 -1.000000
-1.000000 -1.000000
154.862701 272.099762
-1.000000 -1.000000
-1.000000 -1.000000
-1.000000 -1.000000
-1.000000 -1.000000
-1.000000 -1.000000
-1.000000 -1.000000
-1.000000 -1.000000
373.419708 156.361176
907.367493 323.198456
-1.000000 -1.000000
-1.000000 -1.000000
-1.000000 -1.000000
953.361938 188.060318
740.164551 481.956848
938.980835 204.358276
664.220337 197.816788
-1.000000 -1.000000
-1.000000 -1.000000
-1.000000 -1.000000
-1.000000 -1.000000
472.249542 326.973480
-1.000000 -1.000000
282.414825 335.770477
498.149628 342.283508
430.852295 239.527328
-1.000000 -1.000000
967.511230 188.213120
-1.000000 -1.000000
-1.000000 -1.000000
-1.000000 -1.000000
898.827637 211.761993
-1.000000 -1.000000
-1.000000 -1.000000
-1.000000 -1.000000
-1.000000 -1.000000
651.294678 112.240723
-1.000000 -1.000000
-1.000000 -1.000000
-1.000000 -1.000000
-1.000000 -1.000000
470.614471 344.356689
-1.000000 -1.000000
864.915039 349.033081
-1.000000 -1.000000
-1.000000 -1.000000
-1.000000 -1.000000
429.214966 218.428894
-1.000000 -1.000000
-1.000000 -1.000000
-1.000000 -1.000000
-1.000000 -1.000000
-1.000000 -1.000000
-1.000000 -1.000000
-1.000000 -1.000000
-1.000000 -1.000000
-1.000000 -1.000000
372.651276 383.328339
-1.000000 -1.000000
-1.000000 -1.000000
-1.000000 -1.000000
-1.000000 -1.000000
-1.000000 -1.000000
-1.000000 -1.000000
-1.000000 -1.000000
773.132080 451.686249
-1.000000 -1.000000
639.603394 199.297440
-1.000000 -1.000000
-1.000000 -1.000000
-1.000000 -1.000000
-1.000000 -1.000000
728.345398 490.082581
-1.000000 -1.000000
-1.000000 -1.000000
804.907166 422.436859
-1.000000 -1.000000
-1.000000 -1.000000
978.550293 205.201828
-1.000000 -1.000000
-1.000000 -1.000000
-1.000000 -1.000000
-1.000000 -1.000000
-1.000000 -1.000000
412.109985 245.369919
330.136353 210.407028
218.636871 241.738434
-1.000000 -1.000000
-1.000000 -1.000000
893.056091 339.370697
906.307068 198.277649
-1.000000 -1.000000
-1.000000 -1.000000
-1.000000 -1.000000
-1.000000 -1.000000
403.979370 148.165329
902.767578 307.360809
-1.000000 -1.000000
305.203400 165.833237
-1.000000 -1.000000
-1.000000 -1.000000
-1.000000 -1.000000
-1.000000 -1.000000
344.813019 201.341339
-1.000000 -1.000000
391.438141 399.604797
-1.000000 -1.000000
-1.000000 -1.000000
376.343201 278.767334
507.892670 185.903030
-1.000000 -1.000000
267.854523 115.932289
-1.000000 -1.000000
-1.000000 -1.000000
-1.000000 -1.000000
-1.000000 -1.000000
433.352936 255.228241
-1.000000 -1.000000
495.046112 88.465652
397.780518 169.784668
665.145813 211.441238
199.111084 291.963501
-1.000000 -1.000000
-1.000000 -1.000000
-1.000000 -1.000000
-1.000000 -1.000000
881.103943 333.075592
911.934998 232.418259
620.881592 104.839417
-1.000000 -1.000000
522.802429 179.645142
-1.000000 -1.000000
-1.000000 -1.000000
-1.000000 -1.000000
386.699371 148.951477
-1.000000 -1.000000
-1.000000 -1.000000
-1.000000 -1.000000
-1.000000 -1.000000
-1.000000 -1.000000
-1.000000 -1.000000
-1.000000 -1.000000
-1.000000 -1.000000
-1.000000 -1.000000
506.398315 170.955276
-1.000000 -1.000000
299.360321 138.730423
-1.000000 -1.000000
-1.000000 -1.000000
636.645935 126.294579
-1.000000 -1.000000
-1.000000 -1.000000
-1.000000 -1.000000
-1.000000 -1.000000
401.215240 185.225433
-1.000000 -1.000000
755.200928 486.410553
-1.000000 -1.000000
-1.000000 -1.000000
423.417206 149.062851
443.570496 219.567780
-1.000000 -1.000000
864.802307 333.915771
-1.000000 -1.000000
793.870972 460.244202
637.314148 143.883240
-1.000000 -1.000000
-1.000000 -1.000000
599.010071 73.101074
-1.000000 -1.000000
753.819214 166.937119
-1.000000 -1.000000
-1.000000 -1.000000
-1.000000 -1.000000
-1.000000 -1.000000
-1.000000 -1.000000
895.946838 226.875397
-1.000000 -1.000000
505.776642 155.735733
-1.000000 -1.000000
-1.000000 -1.000000
414.521423 216.377472
445.314301 235.973099
-1.000000 -1.000000
-1.000000 -1.000000
-1.000000 -1.000000
-1.000000 -1.000000
438.148956 146.758423
-1.000000 -1.000000
-1.000000 -1.000000
-1.000000 -1.000000
906.223511 339.269958
-1.000000 -1.000000
-1.000000 -1.000000
-1.000000 -1.000000
-1.000000 -1.000000
914.576843 213.837860
-1.000000 -1.000000
-1.000000 -1.000000
-1.000000 -1.000000
921.275635 200.239639
244.879974 327.205048
442.051086 110.347000
-1.000000 -1.000000
-1.000000 -1.000000
-1.000000 -1.000000
397.564789 414.537323
766.720642 468.868561
481.165527 92.195297
651.062134 212.943604
-1.000000 -1.000000
-1.000000 -1.000000
-1.000000 -1.000000
-1.000000 -1.000000
-1.000000 -1.000000
435.348846 91.631210
-1.000000 -1.000000
459.591858 135.744339
-1.000000 -1.000000
520.171509 164.191345
-1.000000 -1.000000
-1.000000 -1.000000
-1.000000 -1.000000
-1.000000 -1.000000
586.459778 55.972370
-1.000000 -1.000000
753.412781 411.413239
550.651001 93.766701
807.978577 438.233826
-1.000000 -1.000000
512.060364 95.755585
-1.000000 -1.000000
537.243591 95.982414
-1.000000 -1.000000
-1.000000 -1.000000
-1.000000 -1.000000
-1.000000 -1.000000
427.324738 108.784714
-1.000000 -1.000000
-1.000000 -1.000000
867.084595 364.632629
346.208740 218.243073
-1.000000 -1.000000
-1.000000 -1.000000
339.242584 147.423599
419.636658 180.763565
-1.000000 -1.000000
567.451904 134.070175
-1.000000 -1.000000
-1.000000 -1.000000
-1.000000 -1.000000
980.904480 189.684113
-1.000000 -1.000000
437.312622 130.481171
-1.000000 -1.000000
-1.000000 -1.000000
-1.000000 -1.000000
374.836548 114.097366
-1.000000 -1.000000
-1.000000 -1.000000
313.496826 202.150299
-1.000000 -1.000000
-1.000000 -1.000000
370.982513 244.290115
-1.000000 -1.000000
-1.000000 -1.000000
-1.000000 -1.000000
932.572937 232.853699
401.791718 227.552551
-1.000000 -1.000000
-1.000000 -1.000000
184.883591 99.260628
-1.000000 -1.000000
-1.000000 -1.000000
434.357788 184.137299
398.403717 284.141815
-1.000000 -1.000000
-1.000000 -1.000000
429.580902 203.284012
341.894165 127.055199
-1.000000 -1.000000
477.996307 135.669449
-1.000000 -1.000000
-1.000000 -1.000000
463.326630 88.135254
-1.000000 -1.000000
-1.000000 -1.000000
553.202637 54.138332
-1.000000 -1.000000
-1.000000 -1.000000
-1.000000 -1.000000
-1.000000 -1.000000
-1.000000 -1.000000
-1.000000 -1.000000
-1.000000 -1.000000
-1.000000 -1.000000
896.601929 241.479996
336.943909 109.530647
534.131348 155.609619
905.075867 287.013092
458.107025 219.954361
538.575195 191.430176
914.340637 252.224365
-1.000000 -1.000000
-1.000000 -1.000000
536.831116 175.430618
447.567261 251.303726
-1.000000 -1.000000
-1.000000 -1.000000
511.649292 344.823792
-1.000000 -1.000000
637.769226 159.413895
284.059296 141.078918
514.699524 111.137985
-1.000000 -1.000000
-1.000000 -1.000000
622.460205 123.852081
-1.000000 -1.000000
424.957092 164.856094
882.758484 348.120819
-1.000000 -1.000000
-1.000000 -1.000000
768.524658 485.095428
940.033936 188.771332
-1.000000 -1.000000
359.656586 112.141327
-1.000000 -1.000000
-1.000000 -1.000000
-1.000000 -1.000000
-1.000000 -1.000000
491.342804 158.293457
624.597473 199.613892
-1.000000 -1.000000
-1.000000 -1.000000
-1.000000 -1.000000
-1.000000 -1.000000
543.495972 112.815033
-1.000000 -1.000000
-1.000000 -1.000000
-1.000000 -1.000000
930.689758 218.141846
-1.000000 -1.000000
-1.000000 -1.000000
-1.000000 -1.000000
-1.000000 -1.000000
-1.000000 -1.000000
-1.000000 -1.000000
-1.000000 -1.000000
-1.000000 -1.000000
-1.000000 -1.000000
221.532867 123.329079
-1.000000 -1.000000
-1.000000 -1.000000
-1.000000 -1.000000
-1.000000 -1.000000
-1.000000 -1.000000
-1.000000 -1.000000
663.913696 226.339935
-1.000000 -1.000000
-1.000000 -1.000000
-1.000000 -1.000000
-1.000000 -1.000000
404.014862 132.458923
-1.000000 -1.000000
-1.000000 -1.000000
-1.000000 -1.000000
550.017456 127.829552
-1.000000 -1.000000
-1.000000 -1.000000
460.147217 235.489700
-1.000000 -1.000000
-1.000000 -1.000000
471.673431 117.857521
-1.000000 -1.000000
623.323853 146.117996
-1.000000 -1.000000
-1.000000 -1.000000
-1.000000 -1.000000
443.557220 204.367310
-1.000000 -1.000000
755.101807 181.897888
-1.000000 -1.000000
-1.000000 -1.000000
-1.000000 -1.000000
854.505737 373.783081
397.625519 246.248993
534.262756 56.925793
633.730652 95.509659
378.801056 130.271347
400.835968 104.242752
-1.000000 -1.000000
-1.000000 -1.000000
-1.000000 -1.000000
-1.000000 -1.000000
-1.000000 -1.000000
474.256531 60.294277
-1.000000 -1.000000
559.346313 167.006454
-1.000000 -1.000000
-1.000000 -1.000000
561.229553 73.127113
-1.000000 -1.000000
-1.000000 -1.000000
230.113358 313.058868
-1.000000 -1.000000
-1.000000 -1.000000
771.080200 181.891296
572.142212 163.294464
-1.000000 -1.000000
-1.000000 -1.000000
-1.000000 -1.000000
-1.000000 -1.000000
-1.000000 -1.000000
918.807190 337.238983
-1.000000 -1.000000
-1.000000 -1.000000
888.092590 307.599121
-1.000000 -1.000000
423.442566 128.569733
658.853027 142.349838
-1.000000 -1.000000
545.884949 151.241943
-1.000000 -1.000000
389.334259 269.910370
-1.000000 -1.000000
462.127991 104.094009
-1.000000 -1.000000
-1.000000 -1.000000
-1.000000 -1.000000
-1.000000 -1.000000
-1.000000 -1.000000
-1.000000 -1.000000
-1.000000 -1.000000
-1.000000 -1.000000
-1.000000 -1.000000
-1.000000 -1.000000
-1.000000 -1.000000
-1.000000 -1.000000
233.740723 93.927483
-1.000000 -1.000000
-1.000000 -1.000000
-1.000000 -1.000000
-1.000000 -1.000000
-1.000000 -1.000000
-1.000000 -1.000000
-1.000000 -1.000000
-1.000000 -1.000000
-1.000000 -1.000000
-1.000000 -1.000000
-1.000000 -1.000000
-1.000000 -1.000000
-1.000000 -1.000000
-1.000000 -1.000000
525.668091 81.123474
-1.000000 -1.000000
921.433289 322.130493
-1.000000 -1.000000
455.254791 266.716614
-1.000000 -1.000000
-1.000000 -1.000000
-1.000000 -1.000000
-1.000000 -1.000000
490.831482 58.395912
458.050995 120.502922
-1.000000 -1.000000
-1.000000 -1.000000
-1.000000 -1.000000
-1.000000 -1.000000
-1.000000 -1.000000
-1.000000 -1.000000
-1.000000 -1.000000
-1.000000 -1.000000
-1.000000 -1.000000
-1.000000 -1.000000
-1.000000 -1.000000
567.126160 56.449299
-1.000000 -1.000000
-1.000000 -1.000000
-1.000000 -1.000000
-1.000000 -1.000000
485.290253 327.559448
-1.000000 -1.000000
-1.000000 -1.000000
935.345886 248.098206
511.236938 80.624428
459.854645 62.420822
-1.000000 -1.000000
-1.000000 -1.000000
-1.000000 -1.000000
-1.000000 -1.000000
-1.000000 -1.000000
-1.000000 -1.000000
530.149963 111.849503
-1.000000 -1.000000
366.812164 116.251862
-1.000000 -1.000000
-1.000000 -1.000000
585.330078 71.995903
-1.000000 -1.000000
-1.000000 -1.000000
-1.000000 -1.000000
-1.000000 -1.000000
-1.000000 -1.000000
-1.000000 -1.000000
664.661499 242.580368
898.430542 256.812134
607.701843 395.644043
471.908447 219.219284
-1.000000 -1.000000
564.060852 88.917885
-1.000000 -1.000000
-1.000000 -1.000000
-1.000000 -1.000000
206.160080 121.560081
-1.000000 -1.000000
376.282837 412.537842
-1.000000 -1.000000
-1.000000 -1.000000
-1.000000 -1.000000
872.385559 379.173645
-1.000000 -1.000000
-1.000000 -1.000000
-1.000000 -1.000000
538.892029 40.348728
-1.000000 -1.000000
-1.000000 -1.000000
-1.000000 -1.000000
-1.000000 -1.000000
668.938110 173.811096
361.853912 128.902298
-1.000000 -1.000000
-1.000000 -1.000000
-1.000000 -1.000000
-1.000000 -1.000000
886.244934 362.917786
-1.000000 -1.000000
263.459442 98.527252
-1.000000 -1.000000
-1.000000 -1.000000
-1.000000 -1.000000
-1.000000 -1.000000
648.799377 96.953789
477.146729 156.115906
606.634277 103.465904
917.261475 306.209595
-1.000000 -1.000000
741.278564 532.812866
-1.000000 -1.000000
-1.000000 -1.000000
-1.000000 -1.000000
-1.000000 -1.000000
586.139465 161.225403
623.857178 161.584518
-1.000000 -1.000000
-1.000000 -1.000000
834.947021 329.649719
-1.000000 -1.000000
-1.000000 -1.000000
725.534363 519.867859
-1.000000 -1.000000
-1.000000 -1.000000
539.532166 77.866531
-1.000000 -1.000000
-1.000000 -1.000000
818.356934 419.682617
-1.000000 -1.000000
635.506836 215.995605
-1.000000 -1.000000
-1.000000 -1.000000
-1.000000 -1.000000
217.559799 121.140579
-1.000000 -1.000000
-1.000000 -1.000000
-1.000000 -1.000000
479.536102 260.020325
-1.000000 -1.000000
-1.000000 -1.000000
-1.000000 -1.000000
-1.000000 -1.000000
517.373779 51.876064
-1.000000 -1.000000
870.538269 318.874298
-1.000000 -1.000000
-1.000000 -1.000000
413.620453 200.245880
-1.000000 -1.000000
-1.000000 -1.000000
226.944290 327.597443
572.192200 304.759766
-1.000000 -1.000000
-1.000000 -1.000000
-1.000000 -1.000000
-1.000000 -1.000000
-1.000000 -1.000000
-1.000000 -1.000000
-1.000000 -1.000000
-1.000000 -1.000000
-1.000000 -1.000000
-1.000000 -1.000000
-1.000000 -1.000000
665.043213 356.542297
-1.000000 -1.000000
-1.000000 -1.000000
-1.000000 -1.000000
-1.000000 -1.000000
-1.000000 -1.000000
-1.000000 -1.000000
-1.000000 -1.000000
-1.000000 -1.000000
380.273438 201.973572
-1.000000 -1.000000
-1.000000 -1.000000
474.656616 234.071884
663.209656 157.484589
-1.000000 -1.000000
497.659790 331.276428
552.606995 194.719681
-1.000000 -1.000000
-1.000000 -1.000000
824.887146 402.770081
-1.000000 -1.000000
-1.000000 -1.000000
574.132996 178.961487
-1.000000 -1.000000
-1.000000 -1.000000
-1.000000 -1.000000
-1.000000 -1.000000
-1.000000 -1.000000
476.388306 76.684120
649.422607 227.029022
-1.000000 -1.000000
943.203186 218.084167
-1.000000 -1.000000
-1.000000 -1.000000
-1.000000 -1.000000
-1.000000 -1.000000
608.549377 127.286346
-1.000000 -1.000000
-1.000000 -1.000000
-1.000000 -1.000000
-1.000000 -1.000000
-1.000000 -1.000000
609.208313 147.614548
758.198425 334.279022
-1.000000 -1.000000
-1.000000 -1.000000
-1.000000 -1.000000
-1.000000 -1.000000
-1.000000 -1.000000
-1.000000 -1.000000
-1.000000 -1.000000
-1.000000 -1.000000
-1.000000 -1.000000
611.424011 71.350807
-1.000000 -1.000000
185.171768 178.516144
-1.000000 -1.000000
-1.000000 -1.000000
594.705200 292.773773
-1.000000 -1.000000
601.900085 380.923553
-1.000000 -1.000000
821.183105 251.451080
-1.000000 -1.000000
-1.000000 -1.000000
-1.000000 -1.000000
-1.000000 -1.000000
259.175507 82.683670
-1.000000 -1.000000
-1.000000 -1.000000
777.736145 349.634705
-1.000000 -1.000000
-1.000000 -1.000000
-1.000000 -1.000000
-1.000000 -1.000000
-1.000000 -1.000000
779.414978 323.533600
-1.000000 -1.000000
558.263794 311.884277
-1.000000 -1.000000
-1.000000 -1.000000
-1.000000 -1.000000
-1.000000 -1.000000
-1.000000 -1.000000
-1.000000 -1.000000
-1.000000 -1.000000
-1.000000 -1.000000
-1.000000 -1.000000
-1.000000 -1.000000
591.730652 176.107513
-1.000000 -1.000000
-1.000000 -1.000000
-1.000000 -1.000000
-1.000000 -1.000000
-1.000000 -1.000000
-1.000000 -1.000000
-1.000000 -1.000000
492.526154 256.431885
790.996094 194.157715
-1.000000 -1.000000
-1.000000 -1.000000
-1.000000 -1.000000
-1.000000 -1.000000
900.435120 273.148499
-1.000000 -1.000000
-1.000000 -1.000000
-1.000000 -1.000000
417.235779 295.440369
-1.000000 -1.000000
-1.000000 -1.000000
910.356201 354.304291
-1.000000 -1.000000
-1.000000 -1.000000
-1.000000 -1.000000
-1.000000 -1.000000
-1.000000 -1.000000
-1.000000 -1.000000
272.358185 161.704849
327.133850 57.229549
-1.000000 -1.000000
-1.000000 -1.000000
-1.000000 -1.000000
-1.000000 -1.000000
-1.000000 -1.000000
577.983643 200.147415
-1.000000 -1.000000
-1.000000 -1.000000
-1.000000 -1.000000
-1.000000 -1.000000
462.434479 251.123108
-1.000000 -1.000000
-1.000000 -1.000000
-1.000000 -1.000000
-1.000000 -1.000000
-1.000000 -1.000000
681.268494 326.357330
-1.000000 -1.000000
-1.000000 -1.000000
-1.000000 -1.000000
946.142517 232.484192
-1.000000 -1.000000
345.595551 387.787842
616.659119 89.248093
-1.000000 -1.000000
-1.000000 -1.000000
839.659424 159.958237
-1.000000 -1.000000
-1.000000 -1.000000
-1.000000 -1.000000
-1.000000 -1.000000
211.831436 308.196472
506.067200 251.863403
-1.000000 -1.000000
852.374573 319.916931
-1.000000 -1.000000
-1.000000 -1.000000
-1.000000 -1.000000
-1.000000 -1.000000
-1.000000 -1.000000
832.687683 345.839325
595.087158 144.666870
-1.000000 -1.000000
453.020172 153.625702
613.068481 55.779312
571.054688 289.631500
-1.000000 -1.000000
-1.000000 -1.000000
505.633057 234.142746
-1.000000 -1.000000
387.935486 231.098862
312.538879 74.404030
-1.000000 -1.000000
-1.000000 -1.000000
-1.000000 -1.000000
649.164490 241.678314
-1.000000 -1.000000
851.257751 335.087677
-1.000000 -1.000000
653.352173 183.472656
-1.000000 -1.000000
612.160217 204.785660
472.755341 286.769196
-1.000000 -1.000000
-1.000000 -1.000000
-1.000000 -1.000000
-1.000000 -1.000000
-1.000000 -1.000000
-1.000000 -1.000000
-1.000000 -1.000000
-1.000000 -1.000000
-1.000000 -1.000000
-1.000000 -1.000000
-1.000000 -1.000000
-1.000000 -1.000000
-1.000000 -1.000000
-1.000000 -1.000000
-1.000000 -1.000000
-1.000000 -1.000000
565.332458 104.614830
-1.000000 -1.000000
-1.000000 -1.000000
-1.000000 -1.000000
885.625793 378.813507
-1.000000 -1.000000
-1.000000 -1.000000
-1.000000 -1.000000
881.700256 243.759903
491.143890 240.519592
-1.000000 -1.000000
-1.000000 -1.000000
-1.000000 -1.000000
-1.000000 -1.000000
-1.000000 -1.000000
-1.000000 -1.000000
-1.000000 -1.000000
593.480408 100.348640
594.437012 277.444183
-1.000000 -1.000000
-1.000000 -1.000000
-1.000000 -1.000000
884.760437 279.679962
510.485260 331.831146
-1.000000 -1.000000
787.891479 337.704163
-1.000000 -1.000000
509.781158 283.597717
-1.000000 -1.000000
-1.000000 -1.000000
-1.000000 -1.000000
-1.000000 -1.000000
-1.000000 -1.000000
-1.000000 -1.000000
-1.000000 -1.000000
-1.000000 -1.000000
-1.000000 -1.000000
-1.000000 -1.000000
-1.000000 -1.000000
-1.000000 -1.000000
-1.000000 -1.000000
282.743835 77.846390
-1.000000 -1.000000
832.107544 419.075104
846.464783 300.636078
-1.000000 -1.000000
-1.000000 -1.000000
-1.000000 -1.000000
-1.000000 -1.000000
205.101395 324.308411
-1.000000 -1.000000
-1.000000 -1.000000
-1.000000 -1.000000
-1.000000 -1.000000
-1.000000 -1.000000
-1.000000 -1.000000
-1.000000 -1.000000
-1.000000 -1.000000
-1.000000 -1.000000
-1.000000 -1.000000
-1.000000 -1.000000
-1.000000 -1.000000
-1.000000 -1.000000
-1.000000 -1.000000
-1.000000 -1.000000
-1.000000 -1.000000
680.875732 226.377426
869.338501 300.450470
-1.000000 -1.000000
567.580872 217.051590
-1.000000 -1.000000
-1.000000 -1.000000
296.636475 71.981262
-1.000000 -1.000000
-1.000000 -1.000000
-1.000000 -1.000000
-1.000000 -1.000000
-1.000000 -1.000000
-1.000000 -1.000000
-1.000000 -1.000000
-1.000000 -1.000000
-1.000000 -1.000000
-1.000000 -1.000000
925.220032 184.886093
-1.000000 -1.000000
-1.000000 -1.000000
-1.000000 -1.000000
-1.000000 -1.000000
496.985138 287.199890
-1.000000 -1.000000
-1.000000 -1.000000
520.649902 251.266449
-1.000000 -1.000000
-1.000000 -1.000000
590.971985 196.405701
863.871338 157.953552
-1.000000 -1.000000
-1.000000 -1.000000
-1.000000 -1.000000
-1.000000 -1.000000
-1.000000 -1.000000
531.741394 327.633301
-1.000000 -1.000000
-1.000000 -1.000000
-1.000000 -1.000000
603.538025 87.860329
-1.000000 -1.000000
-1.000000 -1.000000
-1.000000 -1.000000
-1.000000 -1.000000
-1.000000 -1.000000
610.067322 162.284683
-1.000000 -1.000000
-1.000000 -1.000000
-1.000000 -1.000000
-1.000000 -1.000000
700.714844 137.700043
-1.000000 -1.000000
636.716187 252.478394
869.902588 280.603516
-1.000000 -1.000000
