-1.000000 -1.000000
-1.000000 -1.000000
122.695633 195.711533
-1.000000 -1.000000
121.656181 180.661652
1223.835449 40.002174
-1.000000 -1.000000
1034.067017 40.002262
1049.071411 40.002892
137.724121 197.672195
1208.832520 40.000202
196.939331 194.425888
1064.078857 40.002224
107.667625 195.736694
1026.794556 166.727356
114.547951 165.678726
211.949921 197.441086
136.680923 180.654144
1011.828979 163.813721
202.892868 179.404724
-1.000000 -1.000000
1041.819946 169.705597
-1.000000 -1.000000
106.590195 180.665024
1224.263672 101.322182
226.919556 200.454361
214.741592 40.042530
217.885925 182.385208
199.741882 40.024586
1224.215454 86.397545
1238.979736 678.997070
802.798645 151.455231
229.716858 40.053753
1224.093262 71.484032
217.850571 167.374390
849.783081 212.522614
-1.000000 -1.000000
513.642456 40.064167
-1.000000 -1.000000
498.629547 40.060802
834.729858 207.599731
1026.799805 181.705948
864.743835 214.448318
483.646515 40.018219
787.795410 151.506760
799.803589 166.470734
1011.771179 178.787155
129.656952 165.657394
849.439087 197.685059
238.907806 215.443573
99.518181 165.681015
223.935699 215.508408
864.473572 199.588913
92.671318 197.846710
202.880310 164.403229
1041.821899 184.683319
784.840759 166.534836
221.011444 230.500290
996.754211 159.973083
237.988861 230.458328
834.277649 192.893906
111.392746 150.678787
1035.739990 98.999939
1056.885864 167.794907
241.888519 200.443024
1019.039978 41.002895
1224.562256 139.839676
1020.759399 99.002922
49.238667 41.251518
122.773087 211.008621
187.949295 179.445282
120.802155 226.032898
64.227333 41.137791
761.584351 86.555542
107.762688 211.013580
105.796410 226.022079
1034.604980 83.982384
-1.000000 -1.000000
838.033630 377.161011
1209.229614 99.443214
772.831421 151.597015
217.787247 152.371857
208.957703 212.506485
1019.705139 83.982216
781.257507 181.784821
1224.391968 116.072784
1209.188477 84.466331
797.135620 181.652435
79.169479 40.993698
779.026245 376.402008
90.771713 224.998016
518.994141 56.028133
849.026550 182.725693
1223.680664 154.858444
864.105347 184.599426
775.405762 391.512451
1209.061401 69.547989
1033.326050 69.199638
769.899353 166.629730
842.343689 392.192322
776.557983 85.547554
205.997253 227.515594
-1.000000 -1.000000
761.394653 71.480286
1050.729980 102.037430
853.559082 377.167999
1238.983765 59.493011
-1.000000 -1.000000
135.800873 226.036469
996.790344 174.937668
766.868225 191.205353
857.431091 392.187531
503.937561 55.887615
244.745056 41.132107
256.901978 202.298874
-1.000000 -1.000000
832.887573 177.931976
1005.794312 99.068001
763.788513 376.445831
733.246460 284.895996
1048.226440 69.201500
732.696411 300.117645
733.142578 317.258392
1018.438293 69.166885
1004.865723 84.083687
1049.454224 84.029449
253.925186 217.357819
1202.331787 125.130501
723.308655 464.978302
819.456848 194.463898
-1.000000 -1.000000
776.367004 70.442291
444.951233 215.296921
1041.808105 155.039215
1209.438232 140.056412
202.773773 149.476532
1057.068359 182.718506
272.871887 209.877518
268.971771 337.211792
796.876831 196.988785
528.651733 40.080273
759.841736 391.684021
187.981750 164.448914
184.872650 40.012836
1190.317017 140.238983
271.848419 194.852417
287.644745 334.910522
1189.417725 155.272415
188.937378 209.437027
1208.508789 155.142303
738.452576 467.964355
454.835175 425.598602
444.726837 200.205521
763.971802 406.689453
1187.306763 125.213058
253.828552 342.377411
1056.806030 153.122070
96.390663 150.638824
459.930573 214.271896
1071.832764 165.853470
674.820496 175.212311
713.002380 450.075165
436.692780 423.626434
868.451843 377.000366
1058.653198 128.423233
271.038696 224.931000
738.370361 453.110291
465.271301 440.556976
781.983582 197.047119
269.446106 352.253693
1011.518127 193.791550
232.833954 185.210175
651.449402 448.503235
459.783112 199.278152
91.570328 182.636780
612.196411 174.532227
608.223389 203.602737
636.311584 441.564514
489.792084 67.907043
1043.711914 122.406502
722.467102 479.983063
1026.803711 152.119492
525.316833 171.069458
429.767487 202.450119
689.902405 177.157516
336.262787 224.001556
457.601715 184.159775
436.016205 438.718781
673.888000 190.265274
484.572571 430.447052
328.741089 344.796753
499.698181 429.288849
748.014893 307.153290
623.319519 194.586533
516.289124 71.212654
1225.030273 170.044174
337.000916 208.897324
379.588287 446.912354
708.245605 465.065491
782.552551 361.196960
621.181885 446.637115
677.328918 446.339539
510.297760 171.105774
517.564880 209.154297
1026.485718 196.706680
675.841370 205.321777
636.419922 456.620483
444.119629 230.340408
748.491028 375.537292
636.465210 212.540955
284.106598 350.077484
254.098358 357.382935
442.581726 185.114243
421.597443 422.674133
843.215942 407.122742
737.652222 482.894348
302.751526 330.883667
546.457092 167.002563
638.498840 197.563400
1041.721436 140.469498
597.034302 188.612152
832.045044 92.743881
829.326477 362.180481
748.508850 292.209961
637.368774 174.467667
484.749664 445.461273
872.114441 400.991699
496.462433 210.163086
515.450317 194.118759
651.585327 463.491699
681.748291 155.998138
499.863525 444.347260
351.113068 224.176712
321.352081 226.211060
704.933777 178.223022
597.059448 173.579453
256.823883 186.951187
1073.528198 129.057983
817.038452 93.751808
327.578827 329.710846
767.504272 361.207916
652.520935 182.433899
1071.619019 148.118378
429.021179 217.593857
523.708069 430.309937
690.988342 193.172333
234.156967 245.496628
339.944672 193.865540
818.187927 179.435837
1028.750122 114.188530
530.263672 149.772675
1209.809448 170.196289
791.122314 86.034607
500.302490 195.185318
1034.178955 54.314846
313.503296 345.883362
753.483337 470.952362
653.645569 201.448090
1043.760010 199.676239
557.347473 443.981384
608.346313 218.678711
591.052185 203.662872
753.376465 456.025269
581.738770 166.705566
581.832397 181.637085
748.456543 322.479645
329.808289 359.893494
748.021484 276.728180
580.119995 423.558319
1003.673523 69.192947
748.488342 406.807373
847.173340 92.757523
757.836975 151.018250
690.857239 208.292999
668.711365 220.388290
717.201355 323.858521
661.567261 159.135620
504.981628 130.620895
695.578674 445.106445
636.600464 472.484222
351.902557 209.047424
593.707947 445.634857
530.491089 186.159088
1175.338501 140.505310
238.990219 342.790863
549.335510 145.685272
505.078003 147.688980
495.982697 462.406830
530.156677 134.638702
556.013428 425.939514
526.741211 225.920258
683.817566 226.353775
427.535645 187.218613
693.976685 242.358658
253.764709 327.423706
651.697144 478.428101
578.475037 444.756287
484.923920 191.950287
676.832764 241.236130
463.251801 271.718658
675.514221 461.385956
460.038086 229.203018
696.806763 158.072266
660.354309 144.096817
511.659912 226.974030
664.945801 422.940796
615.953308 431.560455
598.363953 422.523956
219.099976 245.480316
653.594788 216.402618
314.641937 360.931335
253.103790 232.345978
569.520447 149.677521
480.968933 463.550629
436.477020 408.276031
706.006104 193.240540
381.656036 462.018890
630.974365 130.945648
845.294189 362.343567
494.992462 171.094894
420.952728 437.768127
238.701584 357.655182
863.715454 169.600479
686.622314 141.011932
566.576050 168.899750
617.151917 154.246933
833.048035 77.736031
761.362549 56.440834
779.764282 406.538910
615.810852 124.908119
545.602539 182.034576
711.868469 158.135681
596.974854 153.311890
679.801575 409.771332
848.495239 167.709915
232.785217 170.179214
633.160278 154.128387
532.535889 201.169189
708.592712 140.939987
618.457214 461.693359
804.049072 367.325897
465.657532 455.628540
508.518585 413.833557
522.947693 445.383575
540.904419 428.133636
1174.466309 159.562515
577.490112 131.407455
187.972900 224.561172
744.651001 390.741577
451.485413 410.202606
692.970276 460.122406
576.438293 399.479218
364.521606 444.968628
1065.503906 101.932350
545.174255 130.596939
680.885315 389.593719
562.313904 130.559494
1026.678711 129.622391
269.399200 367.194550
489.714294 122.526566
542.150940 443.223480
630.775574 115.098152
657.694763 407.852417
698.919556 225.409378
680.045715 424.846405
573.840698 196.752075
1049.206421 54.177555
595.472595 398.368713
832.105713 62.731506
1072.313232 180.556839
673.789490 476.428162
818.012695 77.759064
497.121155 281.691406
752.906067 102.213028
333.404175 314.397552
343.913818 343.623352
524.121155 400.650726
547.617798 197.026047
354.786835 193.888962
496.624603 225.063797
723.552368 116.885086
646.050354 129.159195
492.242554 85.652344
421.414886 407.467346
1172.380249 125.539825
723.583191 131.943024
705.950256 208.266052
504.676788 112.506615
707.375671 480.111359
650.638977 232.428268
522.959839 119.576645
790.877441 70.925064
541.867432 227.916870
474.354950 113.617577
787.891296 340.872833
105.989754 241.010147
365.966858 226.219055
599.120667 380.387665
306.390045 229.647919
644.602112 92.020119
509.247314 398.722626
617.577087 476.601196
676.391113 374.592194
465.926086 470.623138
820.227295 377.355408
586.167603 218.784714
753.944031 122.051399
592.573669 125.112877
519.552490 86.530304
738.613098 119.996437
610.846252 399.068970
698.120483 269.451355
429.320770 453.747040
318.730042 375.890045
489.206207 413.967957
645.831116 114.388847
739.593079 220.299057
756.730713 485.787659
320.806061 211.129883
629.554077 91.037315
776.328186 55.403706
490.220154 317.687744
560.098145 222.891693
601.568665 109.102692
299.610260 361.038788
708.368652 110.776978
694.946167 407.708496
398.942261 598.085876
493.958649 397.719452
364.574158 460.103973
826.503296 392.326721
496.680939 266.592285
477.241486 96.477333
478.545197 271.725403
678.965637 256.211487
232.759552 155.173691
723.426575 98.824615
710.548645 434.604767
614.506226 92.002266
848.200562 77.767166
661.122498 129.055679
382.700287 483.395050
510.659668 242.069931
477.687103 177.085327
556.519348 459.024933
434.090973 169.817886
640.883118 422.154114
763.305298 317.514618
531.145264 369.239441
789.084045 325.789825
583.243408 93.028542
642.543335 404.880127
548.145203 397.518433
623.505310 227.697067
445.238647 245.551147
708.424194 125.952393
91.013756 240.003784
1223.978516 56.618267
736.594543 497.736023
755.000061 166.018158
511.086090 461.390839
613.337402 414.341003
489.973511 137.533600
680.917908 353.370453
716.701782 308.719482
481.244781 218.175812
333.297089 299.010376
317.622528 308.023651
472.889496 414.021423
752.213623 360.187561
721.085205 209.207886
441.586975 468.672913
692.021057 331.104034
773.387207 421.620636
655.263245 377.692993
556.185730 247.986115
708.283997 95.790848
805.162964 382.369080
366.837494 211.114563
692.297546 475.177002
578.202759 384.467743
614.452332 384.061188
540.930603 244.058044
568.225098 108.353737
738.961487 235.127075
204.075439 242.522461
444.317078 453.679932
426.431458 468.780273
535.773071 86.374954
523.619568 385.521729
408.115753 457.868164
691.696655 374.380798
739.610168 134.968903
593.719177 365.148438
406.008057 442.794830
753.972839 234.777420
693.298157 125.954117
608.839539 365.038635
498.585449 296.640442
772.643311 341.297607
524.843689 101.304100
334.156158 283.279144
448.171967 271.602051
739.279907 205.148148
660.595947 90.992867
650.744019 249.469208
583.325439 108.176041
526.163757 461.366058
525.829956 242.016754
238.715408 327.902618
660.893799 114.316216
598.318787 92.059715
695.933594 351.384613
640.836426 389.839264
474.593475 128.650787
511.974426 370.353851
466.489349 398.824799
767.772095 102.287384
482.108582 286.729706
660.866516 362.626068
349.551880 450.078735
754.684998 219.896347
665.795044 392.748779
577.692932 459.826019
817.044556 62.759445
734.635071 531.299622
695.147644 423.669189
476.187317 74.299355
792.813416 307.452301
727.736450 437.522430
696.215881 389.452667
120.952293 241.017731
303.755829 376.006622
465.599304 286.892792
539.630127 412.673187
333.794250 374.862518
584.490662 248.748245
345.005127 358.661194
348.434235 314.294128
714.110046 224.427475
687.241821 110.963112
534.164673 71.370720
512.381104 281.550812
379.684906 431.530731
77.671837 209.921783
568.113892 90.107758
593.928833 460.648865
738.431274 98.740074
505.039581 317.604980
497.230621 380.583435
539.989929 115.503311
721.494568 494.887848
383.763458 599.089050
713.149353 271.525940
451.161774 394.858459
664.015381 267.474396
763.852783 302.583923
860.325256 362.307953
512.483276 355.111633
608.130005 349.842712
826.633301 344.760071
804.683289 352.168549
575.725525 369.181641
511.692413 263.287689
1013.806091 114.006302
489.966400 152.703156
679.075562 271.560181
734.900574 157.218948
550.770508 88.298378
549.450867 368.127533
462.225006 96.564018
1059.303589 197.703445
460.078369 244.250443
541.500793 458.239227
691.622253 315.743652
272.649109 179.731689
459.447754 113.634727
350.197113 283.701721
825.043884 314.660492
621.652222 243.683960
302.741791 315.214447
555.254883 263.015594
358.849976 343.521606
819.789490 208.964172
1011.860840 149.025192
629.237183 373.004425
348.818604 299.212677
594.154968 475.618134
513.690247 296.524048
540.064819 263.043274
832.017578 107.783699
576.828186 474.817413
693.051331 95.894073
769.015564 234.538193
737.627380 546.190002
475.104614 315.620911
531.801025 354.220184
317.740570 292.894287
996.639099 189.942535
826.872559 329.768951
739.092773 177.151535
577.122009 354.051788
737.280518 250.104355
408.162537 472.961548
676.706970 92.994698
715.998230 293.585663
673.036011 491.359283
402.815399 639.282776
604.555725 244.716110
678.219971 126.019958
383.610962 514.479736
43.450451 96.863892
665.576660 347.383270
742.922241 434.730896
817.071411 108.744919
585.415955 233.855530
806.333374 336.961212
-1.000000 -1.000000
721.052429 194.311539
475.155670 59.950005
405.693420 425.711700
-1.000000 -1.000000
795.165344 400.463806
489.030121 355.256531
690.746582 299.670166
692.410828 490.128113
429.303955 232.814621
436.076813 393.019684
833.287476 162.862396
584.398315 327.627319
570.370789 266.172333
284.528168 365.100159
361.660980 475.378204
626.114685 398.805878
812.703430 136.587769
483.272491 478.544159
1078.988647 40.012897
757.378235 342.622314
827.654785 407.315552
611.806519 334.566284
557.685852 473.960266
769.811401 219.507050
806.320862 92.013969
768.649658 470.636719
768.802734 119.111328
498.310150 477.413727
471.694519 153.643829
253.104095 372.012604
709.130737 240.442474
469.102234 368.965240
591.963928 349.879639
832.015564 122.788063
811.311523 397.352448
771.760071 487.603607
515.930786 340.029724
823.445679 299.287781
710.112305 419.424683
629.676880 357.772522
563.107788 384.524872
387.791687 642.532715
449.291046 169.152832
847.272827 62.773518
466.009583 383.689819
546.911316 351.079041
631.222778 342.449951
365.322937 279.708496
569.171448 328.927338
391.859894 583.031006
460.002777 315.786072
473.731506 353.343506
1003.621277 40.991756
636.613037 487.312012
732.766663 269.307190
289.337677 391.990204
520.307373 323.683044
488.612091 333.891754
650.493652 347.140472
763.256042 285.664520
599.382507 319.316376
495.591156 244.279129
364.511505 429.708557
782.770264 102.393204
454.148682 368.953125
462.028839 81.483963
442.542938 483.542694
657.564514 328.044373
654.775635 493.181366
459.721405 128.733582
585.527039 266.927765
458.638977 353.576996
831.838257 422.283600
562.193115 353.013977
381.007660 227.806274
842.595581 346.743195
531.036255 339.238983
359.983307 358.544891
694.404358 284.587982
50.601658 72.747414
676.912598 332.105286
369.752136 195.812561
376.878021 584.083130
302.237183 300.145874
794.322571 292.286224
473.464722 338.285095
348.926636 267.906342
614.507751 319.233337
648.804199 268.776703
75.685387 225.090378
570.666565 312.472748
-1.000000 -1.000000
518.204834 476.375641
752.846680 560.023438
548.777039 330.024170
645.855042 362.736084
721.473022 509.778595
456.584381 153.729126
871.774414 416.223694
44.334808 112.081322
426.355957 483.740417
316.836029 390.897217
441.323517 154.051193
1063.252197 69.016464
414.066742 602.098755
555.229248 313.417572
583.063721 78.032249
719.893677 177.297501
601.624573 265.726044
274.278717 390.022430
784.939941 220.101898
756.632385 500.574127
349.528687 434.832275
458.411591 338.448639
757.639893 422.131836
847.119446 107.793549
633.723755 268.858429
768.656372 455.606201
378.204346 251.428177
318.945679 277.856598
725.289612 422.452362
747.221191 83.628593
383.089874 667.837830
752.230408 249.797516
806.422913 76.246208
1225.410278 192.165344
385.683289 498.372803
384.697113 552.181946
406.214691 410.605072
-1.000000 -1.000000
362.135040 251.947052
381.665924 212.553284
383.533966 529.422974
706.529785 366.180389
450.412445 286.813080
808.672546 307.502167
346.595306 465.281006
-1.000000 -1.000000
772.814636 136.761597
658.097595 312.862823
556.697266 291.366882
409.918030 624.274414
541.648499 473.225037
368.674225 599.017700
-1.000000 -1.000000
500.258881 492.479767
465.042084 485.624664
710.699036 339.119659
365.790710 294.854767
480.250031 233.253540
676.311462 316.744598
182.113556 194.477036
749.772156 530.987976
666.444763 297.751556
722.554199 546.245239
737.742737 561.235352
268.851746 321.975983
788.003540 235.298401
1064.291260 86.028824
539.537170 292.364014
629.615662 327.360046
709.731750 404.491150
618.826965 268.842438
363.293488 314.406769
461.952545 66.680656
447.080902 95.531654
302.546112 284.992828
788.859924 424.445007
614.287598 77.065834
379.779083 267.681030
480.278351 248.364960
333.657867 268.178314
58.722019 94.914146
387.826111 627.288757
444.520752 129.261978
595.197510 490.395569
408.994568 488.073700
598.156921 77.061562
535.917114 308.438080
629.393127 75.985069
805.087219 61.183575
366.045013 569.186768
367.647614 490.447449
616.404846 491.314941
383.157104 568.093384
818.048828 164.411697
236.416824 371.389587
483.198456 493.534576
724.921753 407.555511
723.422241 83.744507
809.838379 284.199951
578.027588 489.730988
412.611877 205.710632
644.307373 76.884560
287.966309 319.212982
301.545593 450.249237
758.266785 440.905396
558.770874 488.903870
694.334900 504.952911
646.304016 297.961426
333.902588 389.917572
713.189148 255.544373
538.441956 488.227234
565.914307 75.084206
1194.217651 100.245415
-1.000000 -1.000000
771.726440 502.511566
380.264923 282.658905
425.753113 154.671906
586.821960 304.320160
-1.000000 -1.000000
767.245422 249.777054
-1.000000 -1.000000
664.150085 282.717163
397.808441 657.310364
418.642273 170.893021
40.259109 585.565979
40.001236 435.837738
584.983032 285.277985
671.237061 506.206818
783.787048 121.062439
421.081543 392.001831
824.646912 284.122833
346.515808 481.218506
654.998779 507.989563
722.622925 561.286438
313.146362 550.617371
347.206116 252.910980
76.551514 194.731949
719.513794 525.102051
1074.914307 195.486740
349.071136 379.567200
249.495697 247.390594
790.699768 55.905014
-1.000000 -1.000000
397.036987 217.718765
550.347839 73.233261
797.758728 136.957520
726.544250 576.292908
393.135559 251.464111
297.789246 552.599243
414.258514 226.820328
407.282379 583.077515
636.673218 501.980804
446.912750 80.455048
-1.000000 -1.000000
842.153320 329.707184
435.717224 377.746399
259.987488 41.003639
816.575684 422.350098
708.100098 80.779984
361.752075 584.119812
516.076965 491.223206
737.139771 359.505676
630.017517 312.122131
317.593262 533.654724
857.403687 344.491882
839.776001 311.879730
733.315613 374.792114
872.019043 232.660751
538.184753 56.197849
301.590363 465.410309
368.580200 515.588074
189.004898 239.631195
288.013977 303.818298
711.184021 388.399597
691.786377 80.773430
311.096954 578.521301
601.928894 304.239075
-1.000000 -1.000000
283.231628 449.237091
752.715332 574.959778
349.389923 419.848724
302.213013 535.767273
258.738464 389.984802
-1.000000 -1.000000
660.428955 75.858124
444.382568 113.783104
793.049744 276.326050
-1.000000 -1.000000
805.065796 232.545486
764.709045 544.806335
444.169739 301.645020
396.662476 233.134399
872.456543 248.066879
368.540710 530.583252
806.453857 252.976395
-1.000000 -1.000000
59.868919 110.144806
317.096466 463.356506
397.424805 202.341721
768.014954 561.803650
336.141846 540.719360
538.443237 503.463806
764.782471 528.778503
428.749878 135.716156
433.364288 276.297485
784.898438 517.666931
602.000305 281.115326
783.888916 469.341705
296.177094 567.642700
40.838799 125.619972
367.788116 663.123840
443.437653 353.755524
380.856140 297.780640
-1.000000 -1.000000
286.589050 476.285156
372.674591 643.922302
628.310181 568.685120
319.421326 448.165253
500.336456 507.520325
364.454193 414.689728
786.775391 499.644897
363.791290 373.579193
736.615112 512.809692
1194.184814 85.269608
311.639984 480.255768
675.371582 77.815094
400.687164 503.371094
306.536346 428.120056
40.032799 529.109802
998.697815 113.542328
65.619301 73.756927
40.005585 481.752991
799.239014 464.221222
631.001587 284.054626
742.386292 346.600494
353.409760 515.480225
286.598633 536.729614
611.424377 570.621216
778.623962 293.093781
136.034424 240.960617
809.352783 268.290100
412.355499 190.138733
988.593811 41.008404
144.684601 165.642807
484.213715 508.536102
786.786560 484.485199
369.689056 545.707031
745.618591 589.843323
-1.000000 -1.000000
648.258057 572.674927
50.784515 127.098854
445.003357 316.472290
695.117920 520.072998
726.900085 390.351715
40.861187 363.427917
857.678467 243.335327
313.926544 595.574463
394.429169 266.707306
373.776245 343.625305
353.399841 541.770569
840.029297 296.926575
40.051575 140.284348
313.699341 518.832947
636.634033 517.040833
807.145142 109.604988
799.742554 524.438660
40.174816 565.944397
351.279022 562.262573
-1.000000 -1.000000
768.004211 576.646179
863.094666 154.480850
50.348804 57.332958
456.942474 500.658234
-1.000000 -1.000000
352.488892 500.520142
267.078918 446.579285
-1.000000 -1.000000
-1.000000 -1.000000
418.080872 639.222046
273.318390 429.762817
820.885620 253.122421
378.018768 313.560486
580.747864 63.017159
773.635010 440.563232
629.357483 583.136353
556.918274 503.892059
790.137817 250.643860
-1.000000 -1.000000
-1.000000 -1.000000
390.652466 416.663391
