115.922150 169.357239
118.530388 204.906006
-1.000000 -1.000000
758.111328 152.317108
207.001648 169.849258
746.058228 351.727295
494.833160 97.535065
501.527039 215.295441
514.455078 431.567352
475.232086 411.239655
619.462219 101.357056
537.457275 357.443787
599.774414 393.482117
-1.000000 -1.000000
433.088867 389.237762
632.504639 125.731087
-1.000000 -1.000000
625.498230 421.238373
657.092407 405.554779
619.773254 333.327942
624.133545 221.844177
448.566223 434.594421
581.738525 395.206360
524.572571 115.141022
507.140839 120.196480
506.590302 393.261627
489.294495 190.911682
610.418396 196.473526
346.190338 266.453522
559.437988 378.206970
518.531067 210.386978
-1.000000 -1.000000
734.809204 364.192169
552.064331 145.362381
445.351288 170.485474
582.036926 366.319763
451.445526 385.992188
496.950592 395.244995
437.613342 410.895844
570.747559 126.561401
402.676727 407.063049
683.362183 371.385101
723.205811 85.881813
677.558105 153.100479
-1.000000 -1.000000
214.386642 208.801559
594.609436 78.044762
664.526184 370.512665
587.416199 419.183044
464.025757 434.558075
798.431702 345.169861
647.513733 406.364044
579.176392 223.790512
-1.000000 -1.000000
297.347900 322.769653
668.843079 451.498077
1186.805176 127.337479
463.741211 421.252716
474.423859 74.241600
-1.000000 -1.000000
787.747803 341.378143
586.984741 101.032753
282.211975 306.542725
530.265442 338.039795
1045.673462 170.613144
558.335693 411.665985
650.857178 120.852058
1206.830566 129.018951
642.216675 216.499695
601.431946 333.519684
610.429626 368.215729
438.473297 451.678772
539.698975 76.500610
510.329712 81.500198
591.855225 364.254852
369.866821 431.164886
332.995758 522.455078
1213.583252 72.982422
460.470459 162.241074
723.842957 286.329651
552.098267 326.105743
821.553955 170.349609
560.384583 264.309235
759.811035 315.957458
545.386230 240.990677
521.774719 377.335236
276.777039 316.587769
714.445679 139.517090
703.313782 87.847198
631.043335 365.220123
686.104919 232.214844
658.630859 87.732964
548.361328 393.379913
628.560547 395.475281
569.185425 332.261902
419.574829 424.193420
587.925659 457.702087
553.046631 132.438248
610.442078 184.449173
497.514587 371.309113
673.157166 197.790085
547.434082 414.338898
463.719940 125.731941
581.972351 181.300858
669.432922 248.945709
513.437012 457.777710
579.652893 196.249390
461.351166 367.362701
699.281738 134.137802
639.401489 85.525421
557.415466 444.745605
613.114441 431.456757
561.621216 305.281372
763.586182 340.974335
609.355591 314.300079
622.973999 272.465271
580.567566 78.783821
444.796143 366.302399
614.029602 130.914062
586.688232 127.786652
694.515259 315.429840
449.003113 125.725319
422.723846 373.117432
580.518982 322.485382
308.462372 261.222290
644.758850 384.127502
545.826904 228.612015
633.199951 409.085052
521.096375 173.647766
454.698273 79.196487
675.137085 410.442352
603.928772 351.162537
393.693237 433.513763
561.139465 95.050262
504.401245 433.315125
644.277283 447.686615
297.502930 295.548798
541.087830 437.869110
656.033081 449.284882
621.162842 89.917145
487.887299 358.071350
800.265076 370.921783
780.172119 370.218292
692.907593 179.080322
564.126831 358.491028
671.916199 342.422058
812.135864 358.766113
576.870911 260.206482
717.564575 365.831543
-1.000000 -1.000000
551.504761 77.773720
545.443970 340.358978
662.088318 342.095581
433.672760 191.753693
769.125671 291.047913
613.065552 444.534546
707.998413 176.758453
530.248962 390.132507
434.360413 147.477432
510.972900 342.083557
408.237244 438.303619
520.564026 145.163101
489.901245 126.303047
524.679382 402.441010
492.888916 139.006912
465.258026 99.600029
608.166870 111.394455
629.907349 304.453979
748.587036 298.983887
520.447083 358.528137
532.818054 87.951698
-1.000000 -1.000000
522.424500 131.420471
679.166931 105.921745
641.900146 351.246979
457.971924 193.735596
746.467407 336.985199
687.235413 123.039078
467.801605 357.051300
678.152222 139.254639
330.667816 280.512939
543.994690 193.885559
523.086853 318.230255
633.394348 381.285339
664.897339 417.549744
646.257141 309.261780
497.278503 86.547173
366.497559 455.633301
-1.000000 -1.000000
643.278137 334.423401
555.398254 433.701782
761.103271 232.958725
334.403381 200.074051
514.521240 403.545868
493.939697 421.250244
483.536774 107.880196
790.472900 284.087006
-1.000000 -1.000000
506.719940 328.967987
317.191589 283.431030
677.255920 220.096909
797.226562 263.371826
758.230774 280.076080
613.848755 146.071045
660.854126 317.904388
560.684448 115.481819
568.496521 430.444153
486.291656 373.162842
620.066833 362.098389
623.760376 178.519714
641.540527 396.396729
779.164490 227.801056
682.328796 331.450928
367.548370 218.190552
735.982361 296.799835
683.618103 300.323547
565.288574 464.832062
623.549011 316.461060
552.186951 290.084442
538.660889 378.974335
606.986389 226.711884
267.372375 293.484467
244.180527 323.234192
338.946075 238.217621
457.556091 445.677582
727.695190 322.872559
803.615662 324.036926
580.235901 343.276001
570.984680 370.244354
591.408569 318.173035
480.490570 329.833771
1008.208801 68.887344
645.415344 151.930008
484.877777 399.217560
718.020935 390.018707
655.801208 299.506500
391.024841 207.574432
676.470703 121.753311
449.930634 421.286896
477.949554 213.368088
697.543884 544.983032
658.139771 287.815186
538.615906 162.629944
268.254730 335.116302
672.170837 389.561768
500.310730 346.259338
657.832214 330.336914
665.972900 217.929672
700.718445 296.652039
599.971558 374.440491
528.309082 308.353058
555.343994 195.732910
677.757080 83.610786
262.358429 323.622650
769.784119 497.597412
713.442993 449.859619
678.437561 312.801697
563.446472 395.824860
443.923859 220.019943
292.286133 284.524323
644.508972 374.759583
497.182831 299.812042
489.715942 227.623596
338.723083 443.570343
497.368073 167.419876
670.379700 353.573792
714.410583 110.917374
569.231018 346.054840
494.481628 75.139099
219.123993 334.119324
503.619446 361.042664
583.694214 166.067947
769.669861 317.180237
412.716187 399.884064
639.949524 188.211945
689.132690 348.554565
769.235352 444.286743
665.262878 298.414795
550.248474 114.132462
423.223846 390.169617
665.803772 472.363403
582.582520 138.675797
441.416260 93.626602
480.039032 387.351715
377.622589 219.760742
654.766174 368.477631
595.949707 213.394440
231.960266 209.524994
458.180664 135.341187
738.214294 319.263641
473.797333 117.590240
729.333923 131.554199
597.174438 413.632751
566.961487 170.842133
524.432678 298.457397
761.660339 306.162506
447.559296 404.138611
505.596863 277.249451
459.314819 316.720612
408.199890 428.178589
407.293427 449.956421
617.233093 542.699707
773.208374 396.948792
499.930145 265.042450
537.883850 148.659286
694.105225 410.371735
296.869019 459.703766
644.570679 433.543579
550.966064 98.813416
325.461182 432.384064
489.353424 313.219452
617.810364 168.030945
509.628143 170.340714
1223.097656 136.701767
690.358215 95.662048
532.670837 462.705627
690.318298 107.842873
485.917725 161.488617
476.836273 201.598755
602.889160 459.546814
457.716858 221.629196
718.007141 60.656891
669.549011 236.067337
692.030151 336.476501
304.207031 500.141571
666.035156 176.511322
535.153381 293.231110
576.923950 285.441559
599.839172 430.658173
357.206848 204.081100
703.214600 453.593109
472.048309 55.038750
383.564270 182.033905
596.887512 110.506500
548.813110 383.252167
596.148743 284.369232
389.978790 466.702698
489.483368 446.749817
802.689819 207.344543
542.033203 210.908249
358.063446 431.433746
463.777161 346.978088
-1.000000 -1.000000
492.573853 478.642853
513.893494 304.982086
617.961121 77.960197
483.165955 58.943993
477.488586 356.183563
522.390259 87.815895
806.910156 271.890259
750.126404 233.004074
562.412964 322.215332
647.302185 323.290802
554.166992 183.385178
441.346771 115.590179
789.957825 368.817566
352.038025 444.481171
767.500854 352.152161
275.250275 363.260712
753.071716 247.874985
282.785828 409.185455
-1.000000 -1.000000
717.596924 97.850311
512.080200 318.041931
581.271423 353.501007
442.013794 341.165527
658.875916 268.009460
346.789062 228.395233
763.907959 270.074768
535.055176 261.182312
588.247986 382.052582
248.343124 312.273407
435.352142 135.523422
607.753296 167.185501
464.019257 331.991852
547.881897 530.908386
416.581177 459.498566
595.836365 199.525421
661.323486 439.342133
683.791504 274.704956
452.264496 60.761013
551.465698 304.998230
714.050049 420.367493
689.144775 455.560364
-1.000000 -1.000000
661.447388 73.413231
705.808777 351.714569
611.959961 241.919601
-1.000000 -1.000000
743.203430 252.168381
775.543091 212.290161
629.312988 77.894600
244.063538 351.038574
330.593201 314.312195
641.720154 460.742828
346.119965 474.623596
676.051575 420.718658
529.680542 476.575775
335.352631 264.419128
649.013367 95.467110
609.406799 421.554993
342.743256 533.506958
511.855133 443.252441
623.722473 286.871124
652.217529 348.166290
705.707214 235.955475
429.401398 181.660172
-1.000000 -1.000000
810.302612 372.419434
641.786865 546.565063
601.031067 262.401215
552.449951 212.744644
515.199402 239.845535
745.053040 118.386154
713.454834 87.735695
456.489960 465.611023
569.632568 382.196838
638.074402 245.857315
503.774445 414.298798
443.292969 103.595016
561.098083 368.087860
474.541199 401.291412
703.336731 193.204819
613.845215 349.498535
538.053040 66.741676
590.281616 295.281738
308.644836 271.339478
358.232086 263.401001
353.249084 520.624573
563.261780 55.636261
477.452148 286.942810
801.008057 286.178009
774.039917 247.098068
445.857208 321.760651
386.020782 170.131241
468.561951 295.015991
499.542847 446.528259
480.189056 527.866760
255.423264 357.054932
473.945312 454.333771
768.363464 280.286377
511.751678 59.385021
556.457153 454.479248
648.046265 137.803833
435.852661 355.938019
602.810791 403.941437
433.602264 371.608032
650.793030 470.593903
343.993073 556.893066
302.400238 477.066742
584.724548 333.500061
566.427307 292.402954
499.288422 177.718933
405.393921 166.372009
704.862915 208.079697
448.520569 455.320129
491.318909 465.864319
593.306580 54.955288
334.633026 248.079697
601.875061 246.151993
719.803101 212.508728
421.788757 361.095825
745.183472 107.144295
297.576691 336.998047
-1.000000 -1.000000
698.528259 119.924858
558.036438 421.766144
372.605621 475.818481
743.257141 386.293121
681.801819 490.774689
727.891724 340.753387
685.843018 71.621384
759.922791 497.701172
773.012817 380.137054
265.929993 313.592896
746.434448 418.203369
527.081055 348.054474
576.303650 233.983093
256.222443 381.123505
686.465881 477.601593
500.272614 63.215290
516.431641 267.007538
497.217590 566.456360
377.887817 378.370239
665.697021 163.839340
763.441406 585.578186
658.737732 258.090942
351.328918 454.512848
322.132111 227.988022
541.701721 308.382812
609.016968 473.372314
778.956787 262.033569
739.879639 165.890442
571.608704 112.116264
519.460205 479.517761
482.539551 567.475464
704.304871 53.680817
713.347656 152.849915
740.225342 155.683380
459.242371 410.843964
270.307159 496.541779
456.817383 543.430847
733.024353 189.930557
798.238281 219.014999
639.562683 274.399994
787.992676 416.150085
600.780640 302.645782
286.668671 319.835144
797.943481 410.637024
287.281281 295.190216
483.600037 545.401001
600.980408 558.939941
763.989136 259.864777
641.711182 491.575439
307.635132 337.265808
744.412231 265.434875
404.471405 519.099670
541.775635 427.137360
565.285339 80.703873
406.043030 215.417374
738.231873 485.011444
626.857849 560.049561
731.431641 210.857361
746.460083 77.940132
413.191040 373.746338
391.872894 386.888672
375.527802 401.286011
354.076172 250.408936
496.427795 282.139709
748.747864 516.676636
669.747253 482.919434
521.603210 187.169724
728.835144 423.971436
525.056091 438.559448
537.353760 122.111160
712.043152 74.797455
701.720337 287.125641
375.791077 247.610931
592.273804 88.934799
759.721619 371.037872
535.056396 502.277557
788.678467 509.581329
234.335083 321.570923
730.652161 116.606064
363.337708 440.919952
769.642334 369.500153
480.503632 255.441452
464.174744 281.702972
717.260803 378.961853
517.639160 467.974976
480.379852 238.702805
684.651978 290.582977
269.109406 346.312927
747.976807 317.323090
621.261108 406.195160
348.132477 422.182373
454.400024 301.650269
695.251160 435.475616
653.866821 187.958954
805.702759 489.610779
252.986420 198.546951
284.035278 383.337128
787.258667 531.418457
501.095673 538.104431
765.609619 330.900543
362.128845 273.519012
451.047119 333.984436
676.843018 187.922470
496.571655 381.540894
275.876862 483.389496
575.628540 458.288208
542.006653 184.442566
626.972229 542.997314
380.248169 192.483780
442.102631 62.633331
309.454071 305.670746
444.377716 81.147980
449.635895 504.925201
651.176819 69.435043
346.812744 293.094238
812.545349 327.266510
517.329468 225.427689
607.140625 290.390900
670.010742 286.670013
747.793945 369.097595
459.435699 180.009583
784.033813 249.000107
756.635742 543.692566
448.644226 355.945496
488.831787 178.827789
695.687134 244.246399
640.267456 233.346344
326.297028 328.046967
654.531128 427.334167
785.707275 207.332367
288.083862 494.975891
670.370850 493.518524
510.898834 294.789337
257.809906 466.834076
533.038635 549.136719
681.948425 390.887665
563.131592 207.343796
381.354553 205.482391
405.093842 390.215332
726.331238 408.456512
674.748047 58.263920
782.921509 294.051605
633.817322 177.305023
735.381775 576.589905
765.961121 179.256790
586.210693 67.927994
516.435059 100.604256
571.078674 481.315765
623.306396 464.070709
757.925720 386.397186
639.130981 299.143494
684.897888 359.240631
305.713562 244.452957
332.574493 512.341614
307.200043 322.891724
248.512329 401.530701
402.042511 203.575333
632.487305 64.067818
695.396545 67.341293
302.979126 407.414520
782.810791 172.750076
728.598389 506.718903
537.526733 49.640228
483.866302 149.312958
729.722046 180.099655
499.117523 42.768898
269.901154 408.086273
345.662933 432.159760
458.989990 238.092422
1034.269775 58.333988
390.205292 537.458923
492.566010 254.839539
629.805603 355.385651
728.761597 532.582886
596.695618 121.390427
792.467224 436.661316
719.212769 226.854568
417.872284 472.628448
519.160156 330.324493
661.803223 535.480896
637.402222 557.526794
492.685120 240.050568
491.041809 214.009521
431.886932 340.715118
798.438721 237.455643
478.738953 345.895355
535.217407 250.944183
805.089111 306.137939
668.091370 571.740967
384.783386 456.692139
758.586914 90.435753
536.187988 452.659332
498.881104 157.693909
756.479065 354.070312
684.678467 60.807568
588.375000 549.848389
809.077209 344.012451
754.840088 192.325928
281.229431 280.494324
474.582642 319.752869
776.281860 407.272736
541.359680 328.618500
262.656281 531.825439
825.613281 212.378326
641.638123 105.711655
640.700867 580.875610
314.530914 547.805908
794.541931 448.484894
613.455505 263.383789
434.577179 208.377777
462.253021 377.322418
735.143433 442.727905
603.604980 62.266148
777.018494 418.452911
603.704468 489.198608
432.932068 103.406670
624.856079 583.926758
241.467270 373.380890
511.670502 189.243469
402.260406 379.560303
591.479614 467.744110
420.997955 542.045654
395.708069 193.303696
528.164917 65.002464
628.868591 480.676086
544.833984 404.416626
289.394989 511.498260
417.503021 325.838531
652.534424 56.491531
382.815521 476.540131
748.604492 95.435677
294.928680 531.965759
292.518433 309.348969
771.107910 515.702881
443.502136 376.019379
284.719116 528.269836
754.911987 207.060959
485.597107 408.904633
417.308990 153.212204
756.939514 531.338684
490.436188 348.138031
521.351501 413.237549
392.606934 412.043243
348.170227 488.488312
745.611877 556.510498
683.596863 400.613098
303.994751 420.164490
691.070984 85.671043
640.667358 477.699249
411.508362 337.933990
727.805054 394.047943
455.689789 479.484680
266.941376 303.574585
265.087067 448.542297
600.676880 518.082458
568.351196 405.332764
-1.000000 -1.000000
467.418945 89.082657
395.328644 358.315094
392.422668 180.118958
497.520752 334.641693
477.633911 97.768089
357.781372 554.835266
254.853729 298.272888
675.809448 95.872841
554.304382 277.903687
293.764465 379.321564
550.367615 88.869377
524.019165 155.328140
719.298401 121.313194
526.195007 49.512520
656.294678 173.419510
682.795959 545.192505
807.328430 461.559143
667.691528 581.671021
738.460693 64.293236
739.769653 179.647949
427.013702 451.051361
487.579956 434.579254
571.432251 65.654793
587.910706 572.752747
332.868652 465.538055
654.129089 223.968536
604.666748 536.902466
313.234680 347.700897
654.681152 395.872559
671.479553 550.694702
621.001648 67.074203
631.142578 454.490997
503.094727 498.474731
794.416443 300.273376
574.591919 496.719147
287.399445 334.587463
1225.118164 108.475296
248.881042 488.770477
428.305908 171.640869
360.105255 401.330902
753.770386 585.759216
815.869751 158.884827
700.227051 154.299850
651.435791 520.942810
394.962524 155.950989
738.562988 145.980789
280.704865 460.217590
606.337219 278.421295
397.119232 445.360413
503.373474 200.891373
613.215332 514.626648
563.074585 492.007446
344.845642 303.373016
557.625244 535.867188
635.992676 421.958191
549.635925 173.255508
442.387421 290.683014
295.045502 367.357941
276.528168 443.638153
249.382553 480.870758
547.963745 351.217896
531.432373 369.602325
318.290314 260.646851
562.329041 502.811890
431.269196 115.163506
803.559998 504.021729
564.674438 278.216156
684.718140 513.731567
818.511047 83.707779
694.231262 165.390823
677.872559 177.418930
630.139771 163.632309
427.741058 322.871826
354.857971 300.749786
641.756287 256.479218
536.488159 563.006775
783.424622 471.383087
791.823181 319.104584
618.741577 299.388153
733.567139 274.732391
804.769897 97.854393
728.359009 65.899307
806.883118 474.501434
592.525818 403.334045
497.888123 488.809875
758.023499 295.935089
726.331177 312.702515
743.734680 452.797668
383.824371 524.936096
497.312775 548.375610
521.314941 506.005554
664.128174 128.781311
492.817749 53.041939
661.926147 152.676254
656.629761 460.486023
261.337860 397.728180
725.231750 520.611206
759.514954 437.622437
526.526367 535.184692
741.289856 543.700562
700.957092 272.344849
415.001007 190.510254
432.850342 503.750458
415.562012 521.565063
631.978088 113.042000
700.776978 424.384552
782.332458 436.538513
665.168945 186.901962
523.442505 288.273132
305.712982 509.630768
585.946899 206.343781
413.140411 482.200531
780.956421 192.270660
593.187439 138.172562
415.317780 168.074142
671.234924 68.877098
679.893433 562.904297
771.569702 455.118713
451.726929 280.753143
393.179108 423.431030
777.244263 538.912537
368.636078 465.572021
395.041443 550.448364
418.279633 200.319443
788.583740 542.883911
625.450256 494.526733
691.135437 50.499104
65.394547 65.868378
321.608582 413.293304
266.765747 437.886322
625.768677 54.006451
467.648712 306.409637
474.298187 191.282852
288.906097 418.373688
451.655914 148.007095
439.282349 536.021301
573.154541 312.713501
322.397797 355.443939
329.650757 455.468018
787.192200 458.505920
474.559113 170.865143
804.493408 161.514359
482.620483 135.975067
662.881958 204.050522
460.113586 204.791336
319.906219 247.239807
609.511414 385.099731
812.515015 318.656219
317.647247 580.365356
380.117493 390.890289
341.839142 380.151825
428.520752 160.258774
511.045074 71.841881
807.375977 451.107697
784.353333 552.806213
336.543182 487.510498
735.160767 474.429169
282.718964 538.718872
574.427246 150.045273
642.646484 55.383053
750.683716 57.404572
335.127625 208.051361
572.963806 418.717346
654.510193 417.957367
526.090881 251.101105
701.942566 340.146423
461.749603 520.739990
425.417603 350.711792
688.227844 216.506454
656.763977 246.344376
372.615601 281.502472
613.420593 461.392365
704.953369 555.019348
623.783142 345.332031
242.064316 385.551147
632.153564 201.273605
295.114655 542.101074
504.702515 509.020569
730.924377 200.050247
705.988892 218.166245
743.306641 530.442261
693.070068 399.423340
71.935287 92.650513
356.113922 360.638702
602.662903 100.354210
553.233521 68.109383
679.851929 575.379211
601.670715 572.262451
272.971100 428.516541
368.425720 183.466278
704.713074 468.185638
528.993225 239.943329
634.052673 440.422546
312.075104 395.704773
463.536438 65.557297
733.440674 92.974586
747.204834 567.244446
314.351532 499.091339
783.927368 356.007721
709.317627 434.649811
478.585571 469.372253
751.902466 481.057251
703.465942 144.509247
711.797974 543.183411
430.584869 307.588531
767.148193 202.358871
814.363586 389.973236
747.753052 132.037018
564.790100 554.954590
668.581787 308.408478
232.583466 576.566956
462.456909 505.880554
550.694336 265.379181
568.078308 530.533813
372.333130 290.100067
339.410980 353.851898
652.023499 358.575653
390.432434 232.049255
765.911133 217.750092
554.805237 336.274536
425.277100 434.227692
462.157867 388.514313
772.232056 168.539734
678.438049 207.800003
354.269836 189.450470
334.764252 389.851044
818.176025 224.955933
749.249207 490.888885
383.110565 555.763733
735.412598 566.716797
698.668823 591.432678
755.741821 180.276093
754.530029 76.768784
522.696899 568.400757
520.596741 277.407166
298.219849 489.040710
574.883789 444.410583
611.719055 88.106094
568.091492 244.908493
1042.318481 130.396820
612.590759 395.796814
814.056213 243.793732
435.005554 399.066010
582.825867 409.167328
467.364655 563.287476
391.851624 376.963318
786.923828 519.227173
428.140076 489.771484
779.434631 589.478821
288.465607 261.053772
540.649231 283.209076
380.724670 435.589233
586.356934 148.868927
674.095398 269.566498
328.894470 290.355133
567.905823 542.842957
351.796631 464.937103
555.002502 578.154663
671.735840 537.151550
350.206665 328.809235
716.089355 300.240570
741.218811 503.079468
428.636383 473.639709
322.714142 337.527161
797.837341 580.090698
365.566772 246.157913
409.533417 417.045685
561.745300 105.347549
-1.000000 -1.000000
730.385803 166.394562
599.980835 177.776947
762.971008 402.998871
240.773590 411.513855
442.031738 469.746826
306.968872 281.667084
490.568604 264.868164
633.570557 314.503723
583.927856 535.985352
