-1.000000 -1.000000
-1.000000 -1.000000
142.894989 204.876099
-1.000000 -1.000000
-1.000000 -1.000000
141.899414 189.908981
1236.177246 40.336262
1221.153442 40.481415
-1.000000 -1.000000
-1.000000 -1.000000
-1.000000 -1.000000
88.144684 40.130802
157.879990 207.922363
-1.000000 -1.000000
1022.863464 167.643921
212.123734 203.041382
127.878090 204.857117
1235.814941 103.400078
1206.116455 40.658024
133.911362 174.899033
227.161346 206.003845
157.891068 192.954819
1037.906372 171.625977
1007.840759 165.628311
216.255264 188.031418
126.891159 189.878860
-1.000000 -1.000000
-1.000000 -1.000000
1235.859497 88.330605
1238.812378 73.279495
-1.000000 -1.000000
511.124176 40.744286
-1.000000 -1.000000
496.109497 40.777981
231.200287 190.999451
242.123932 208.968262
-1.000000 -1.000000
-1.000000 -1.000000
-1.000000 -1.000000
769.845581 155.832520
-1.000000 -1.000000
1220.731812 99.434349
481.111786 40.123825
-1.000000 -1.000000
231.283859 176.020172
-1.000000 -1.000000
-1.000000 -1.000000
767.795898 170.819199
1022.852783 182.636078
-1.000000 -1.000000
1224.048340 73.403763
-1.000000 -1.000000
1030.078735 101.008888
754.824280 155.800873
1007.773438 180.640259
752.787598 170.803314
255.092346 224.006989
1015.094421 99.944992
156.887680 177.955978
240.093903 224.015671
1037.827637 186.621201
797.789673 205.117386
237.036957 239.049149
257.094971 209.012451
253.042450 239.030060
112.871468 206.817200
812.772339 205.262695
118.897667 174.846100
1015.039856 41.012489
1053.012817 169.624374
216.415344 173.050308
526.148560 40.712521
1030.173096 85.897980
1227.733643 140.744675
827.769287 205.294052
731.808533 94.504730
142.878525 219.764069
1015.100647 84.886353
140.885651 234.755890
132.964630 159.894577
745.808533 185.873215
761.787964 185.826889
127.880867 219.813843
125.911613 234.819702
1227.681030 122.711746
992.807312 161.533356
739.829346 155.858139
1045.089111 102.992241
225.134491 221.041916
523.859314 53.482983
231.335846 161.035324
-1.000000 -1.000000
1030.280884 70.777786
737.802795 170.886688
799.790039 190.059006
814.800110 190.242233
746.768066 93.552551
110.950272 228.874130
1208.871094 84.406227
829.810303 190.286865
-1.000000 -1.000000
-1.000000 -1.000000
222.056244 236.052307
521.856262 68.468643
155.841263 234.652466
-1.000000 -1.000000
730.846558 193.053696
1223.737915 155.838776
833.718079 220.363235
1229.180176 58.293304
1000.083496 93.930504
201.241180 188.042816
1015.212524 69.863205
272.037140 210.055496
1045.342773 65.681549
782.198730 388.360626
1209.101929 69.345032
731.855896 79.537025
781.151306 373.326904
1045.284546 84.746223
-1.000000 -1.000000
1205.731201 99.344986
713.217407 372.020630
685.219910 312.982605
1000.028564 78.940872
412.843964 219.245804
655.681763 461.919983
287.105865 215.310913
72.732796 51.918823
205.134460 217.964691
780.963196 403.323608
270.068909 225.012390
687.081543 297.944916
508.849030 53.352715
412.342438 427.815399
506.844818 68.315605
1054.959961 144.420517
670.626953 467.805573
1052.910278 184.658142
1212.578125 139.858734
1037.955444 156.660034
1203.500366 124.841362
688.980164 282.859253
246.129425 193.866440
413.784760 204.090668
427.799072 220.249207
286.955353 200.176559
1054.943115 129.425949
285.429108 230.600845
-1.000000 -1.000000
761.799866 200.925735
226.922195 339.306885
992.714905 176.576767
746.823303 78.600502
216.615952 158.057373
766.352234 368.293091
767.481445 388.344818
1192.267212 139.826462
818.709778 220.273239
1039.063721 123.381042
651.698547 446.895325
397.386627 424.704773
1192.194214 154.790100
428.801819 205.171417
712.249573 387.025909
1022.710388 197.645096
1007.684570 195.629379
103.545662 41.023304
227.111969 354.351532
212.017532 345.207611
670.672668 452.871918
1039.995728 141.481430
382.446136 425.633392
697.210876 375.945282
635.694519 180.516602
-1.000000 -1.000000
655.662231 476.849609
243.609039 337.477722
1188.301636 124.810493
1208.492798 154.917725
309.540802 227.414352
412.846741 234.328659
117.963539 159.837082
776.728699 418.265137
575.839600 180.408691
700.174866 312.832977
591.846252 447.600952
795.931030 403.258636
797.185608 388.263519
746.758057 200.998245
415.430084 442.862579
309.379547 212.447998
766.338623 403.316162
1024.069702 116.327721
1030.435181 55.655148
111.880272 191.833038
570.617493 208.545212
428.720978 190.085953
1022.927246 145.577744
1067.978149 167.584930
434.158051 428.919952
796.126526 373.287415
576.905701 441.420746
702.041565 297.815460
585.817261 196.494537
388.528992 440.731415
332.050842 444.286530
672.630371 482.780914
449.195831 428.992279
650.796143 182.580002
258.452728 335.536285
635.645935 195.613647
1059.765381 104.243332
595.895935 180.435196
502.380554 83.433708
212.106323 360.186310
413.697845 189.008301
685.695190 467.873505
-1.000000 -1.000000
493.946838 178.243195
606.806824 439.651093
201.311386 173.049316
716.971985 104.470238
678.244019 328.208527
111.153030 243.859756
1227.875122 170.791412
685.714722 452.897736
637.428528 210.824463
829.859436 96.835335
576.848633 456.368469
600.692932 206.454239
562.022278 447.422943
434.297607 443.979309
280.806641 348.504333
585.771912 211.558640
485.989807 215.134232
246.208603 178.948212
1041.703003 201.660690
242.009567 352.476318
591.863708 462.574982
519.273743 83.517769
324.594116 231.341232
613.490295 185.428802
823.063171 175.275787
398.878418 204.004898
697.245239 390.929108
621.703674 446.778198
272.039581 195.136871
801.019226 175.096649
703.922668 282.782349
479.034058 178.178055
814.890564 96.844513
606.823914 454.647430
560.801636 193.466553
465.021393 215.210876
449.314301 444.061829
254.595840 254.196976
485.049347 200.149170
427.801422 235.318649
600.712769 221.560974
643.693298 161.431503
471.091034 431.097900
665.922974 184.600967
776.836670 185.863419
761.741211 96.449059
791.614624 418.244751
459.024628 200.293701
623.721924 162.281662
501.637115 444.215515
324.572540 216.330170
555.572327 208.635147
491.832855 68.264694
1069.895874 130.361786
1000.068237 108.947289
782.849243 202.968307
682.162598 376.921570
617.493591 210.654831
560.906128 178.360703
280.689117 333.495056
652.525696 199.861069
373.563141 440.648773
227.326645 369.350983
493.851166 53.354507
512.854919 174.321381
259.026917 350.529785
643.450500 228.697006
318.196442 197.341049
590.779663 477.590607
570.565796 223.684845
1069.915283 147.361267
575.744690 472.386932
531.809448 423.207184
636.653137 443.830566
196.912323 344.071198
560.069031 432.486206
534.819275 446.202301
595.917236 161.241669
623.843933 147.418137
619.575562 225.729248
334.946533 459.318054
281.752411 363.511322
196.875381 359.047852
737.036682 370.075287
435.650879 276.063049
576.991028 161.201645
687.607544 482.865845
266.871643 365.592865
844.877441 96.747307
438.301880 462.974182
591.866577 142.341843
545.728516 178.409134
1177.293091 139.448715
211.841064 330.231903
830.927673 81.651634
682.182312 391.861298
558.943298 159.405411
693.353577 328.042877
656.574158 254.434799
500.625916 427.184692
658.414917 214.874542
1212.718750 170.789856
640.477356 244.518982
545.580261 193.489212
667.615173 199.844086
762.313354 421.293701
464.002899 177.288757
658.382690 229.667969
398.106750 219.041977
494.784302 231.492294
246.289871 164.039276
724.791443 154.879547
622.629333 410.706360
1015.285828 54.725853
497.114563 154.473282
519.660645 446.159882
471.134094 446.134674
317.086975 445.343445
640.705444 461.814606
576.963013 133.430923
607.711182 424.565460
1177.159668 154.299149
546.993225 414.374634
203.002167 232.708984
649.697632 146.560883
816.003113 81.652588
829.055420 66.649323
607.705078 409.779175
515.835876 418.117981
515.040710 153.657288
672.852966 162.466507
543.839722 159.439926
627.681335 391.755859
499.778015 193.309662
559.914368 462.373444
585.649597 226.683685
527.013245 399.143188
621.740540 461.773895
380.408722 410.718872
479.916351 232.280701
398.788879 189.026611
416.376251 464.755493
625.585754 425.659149
542.946472 138.665466
591.983032 123.312202
412.767761 249.525497
670.861877 146.485519
395.354889 409.822052
487.457153 83.475494
290.439362 318.663544
752.140259 383.266479
545.887146 378.499176
486.820007 442.264984
473.115326 141.465820
606.909058 141.360901
660.659058 273.727264
552.416321 223.854233
465.929932 283.240265
448.851440 185.261841
500.154114 139.624100
269.328644 240.143799
613.824768 476.711823
500.782745 208.323624
543.968628 399.213257
712.248047 402.028107
456.072723 413.995239
472.112732 156.255661
58.262432 66.578949
722.736877 178.126144
464.925751 398.316528
464.917725 230.229507
803.730408 220.174591
641.543762 259.464050
530.740417 174.442856
514.742676 189.327667
557.937073 133.660370
485.857330 427.200958
509.477539 232.694534
715.258362 316.814362
750.223145 400.268097
238.919952 254.032761
500.682739 459.180786
637.680664 408.816467
678.854309 411.782227
527.928467 138.875412
295.573822 347.616852
609.960266 99.417557
367.493500 425.572601
558.805054 399.391296
649.661438 332.027130
450.789124 279.183380
674.650452 497.724304
736.177795 385.117401
558.817688 477.347412
339.567688 232.228287
731.879639 109.457771
673.373230 214.855042
487.988770 396.202026
443.813629 200.125854
624.765137 376.756470
464.115936 126.467178
614.589539 240.612427
565.107727 116.677383
1173.234985 124.259460
515.722900 204.389481
525.441895 228.666534
221.924973 251.058044
471.021301 416.049194
684.894653 122.466187
581.020020 101.403641
530.550354 204.515518
731.676880 64.530426
441.027496 413.978699
251.987015 367.515900
761.398621 353.170654
457.201050 461.015991
718.848511 127.387718
611.992798 123.414490
272.563019 380.645538
592.681702 406.672089
128.113144 249.771973
530.944519 375.446472
560.495361 366.446381
591.754150 432.516205
657.765869 491.723083
699.886047 126.317642
449.273956 123.387474
722.333252 357.102722
737.010071 319.048401
290.232452 303.736359
685.896057 141.466461
631.785034 476.759888
401.439056 464.695770
730.213989 334.080719
549.026794 100.637077
360.506775 592.144104
275.486176 318.558258
530.581604 189.492905
673.501465 530.747192
560.544128 381.578339
594.444641 391.732147
643.521179 274.668518
609.638184 378.743683
336.721100 474.319763
698.236877 361.171783
472.146576 461.153595
420.524811 274.961945
329.061859 429.227020
491.316040 98.400795
643.886230 352.858887
697.648865 223.732376
385.520264 455.694885
669.989441 118.599236
716.926514 89.579422
320.033234 460.403931
1067.940674 182.781830
449.820740 224.301804
464.930511 298.264496
614.541565 255.675507
333.508850 201.125626
639.939453 367.853912
845.846863 81.566963
746.844421 108.532806
446.941650 398.245911
684.836243 107.517403
522.460876 254.866516
545.625488 363.488922
339.609802 217.186859
546.059448 115.741020
612.527222 393.752136
764.491333 332.104095
423.229584 412.978912
453.361053 105.274498
624.911560 98.426453
530.992004 123.921829
732.303528 402.095886
478.825684 381.442413
700.605103 467.792358
651.621338 431.841461
480.833771 292.305023
693.843323 418.751831
491.246979 120.800240
702.483093 484.811798
478.820923 247.294632
669.911865 103.651863
561.942932 414.634155
761.746155 81.472717
458.033325 141.439011
506.179291 98.497940
468.383392 105.383095
673.293823 229.652100
717.016907 300.922577
302.141785 448.413574
507.423248 250.646576
700.970764 141.412720
701.856567 103.439606
357.718933 441.521149
292.102997 288.689331
781.190613 358.367188
-1.000000 -1.000000
564.101379 100.551704
652.812378 131.698334
740.058289 355.069427
502.989014 401.086823
698.669556 208.933228
519.694275 471.107056
628.417786 274.633118
473.366058 85.316826
649.484680 316.836212
814.173889 66.667244
764.565857 317.260193
738.873535 303.084412
626.928284 132.636978
378.484009 470.679047
358.755707 456.503418
1228.096191 196.912552
666.605530 437.828522
486.056396 411.062866
416.675232 174.078629
624.753967 361.713715
427.678741 250.320984
475.770935 268.247833
501.848145 474.128174
609.570251 363.651123
463.814636 383.503021
435.791748 291.078094
493.872925 371.448700
642.796021 390.844391
305.090637 312.808350
345.593781 593.048950
463.977325 313.269867
529.936035 108.805756
563.269409 351.581146
676.311401 545.776123
649.942017 116.803619
534.725037 461.199127
260.291077 320.441345
651.633240 301.820831
535.665588 476.169769
296.569214 362.638275
507.567169 268.513824
576.897217 423.515198
749.062256 336.048492
530.535522 355.455627
550.445923 253.821716
1056.859497 199.706375
398.144257 234.236496
697.991882 163.556976
255.815491 382.567200
765.283508 302.296143
449.028595 320.120239
275.240784 303.671265
611.730652 491.633636
666.975159 303.937378
701.888550 181.955811
87.744850 51.960514
306.946777 289.722321
466.752380 357.482025
639.931702 100.657890
287.573517 378.583954
696.617676 238.643127
642.915222 491.670502
522.515381 269.598419
575.305298 366.546417
479.736511 307.337585
1007.909485 150.826355
458.348999 87.132828
142.965622 249.761322
448.835388 381.357056
338.535431 489.139008
196.717834 329.274933
414.185791 398.045563
713.702515 210.988190
1009.085022 124.122993
715.376953 341.983582
401.683746 174.210556
551.394775 238.819870
310.347626 347.691376
654.922180 101.641083
478.654327 322.351562
733.867004 124.338890
443.143005 138.406830
212.299942 375.198242
594.660278 492.655060
671.205200 244.601044
712.789246 225.738281
309.632812 242.322617
95.904022 224.041260
457.044342 156.197693
509.061737 371.430023
608.536804 348.662750
700.736633 452.756561
506.261169 121.806450
482.641541 356.468079
434.119019 123.296516
503.046356 386.262390
596.610168 241.554947
196.544617 373.860107
436.253082 477.911377
563.406433 336.786926
626.914124 117.543488
746.677063 63.594845
314.121246 430.236969
575.605408 487.433350
835.778381 241.381882
361.423553 634.639465
206.842926 247.952850
569.533630 238.635880
663.642395 412.695404
671.816833 288.909485
345.679504 578.105225
1000.025513 64.034286
711.782532 240.658295
541.335754 329.802216
628.571106 346.891418
537.478760 270.614777
358.768463 471.526215
514.861206 356.418915
682.441895 199.929810
590.408936 376.652191
393.447083 479.623810
360.515198 577.240784
524.416016 340.685699
438.386261 105.209686
305.283020 327.704041
824.761841 112.125702
611.383972 332.816986
375.395447 596.257874
681.730347 434.855743
365.411774 410.625885
627.786011 491.603973
567.505005 253.794342
716.298401 424.001434
573.468140 396.642761
481.524658 341.390717
240.955185 393.557587
548.288208 348.524139
613.463501 272.628601
476.989685 68.152367
497.671112 351.548370
843.996582 66.599144
492.617065 265.448639
420.884399 138.399506
352.670929 426.462677
321.803589 284.792969
718.901184 285.938690
556.348999 321.814240
277.171021 288.627869
634.413879 331.785797
416.279236 479.692596
451.921082 357.257507
575.359436 381.655853
799.829346 97.061371
440.930237 161.063965
700.325134 344.036407
420.698975 159.175522
694.570618 499.852356
727.749023 236.702576
526.353821 325.827515
399.178375 395.019135
659.633728 506.650238
578.451904 347.573486
346.421692 657.488770
431.922607 398.236755
1075.149658 40.698448
839.784729 112.081909
694.828857 253.494293
305.092987 463.559723
596.400208 256.752533
376.350159 626.719910
1060.371216 70.586617
463.793365 250.232468
311.271759 362.619690
341.342407 510.949585
779.247864 343.184509
197.137482 203.031433
260.073547 305.663116
728.704346 221.948227
312.802368 481.259613
823.538940 127.158669
463.281982 476.060822
837.789795 175.330948
571.311707 321.766479
97.855553 208.829483
655.022583 367.817780
593.375916 348.811768
520.832458 485.931152
658.859375 353.111298
507.545288 297.558167
688.433167 530.915588
552.544861 271.554260
696.297729 559.849060
598.297363 272.717346
486.949921 474.188477
384.277618 394.906433
509.352295 331.602692
582.070801 86.438667
680.636230 177.779739
437.042755 360.116882
57.403805 82.078323
466.956421 342.418915
341.468811 678.698059
682.179749 362.222290
628.271545 301.595154
998.715820 40.998676
346.518280 637.489868
148.729095 162.939087
507.340790 312.548401
820.788269 242.169235
806.440613 418.140930
667.002502 396.744080
344.470062 258.048615
747.517456 415.217957
434.162018 319.994598
567.523804 271.631378
1060.364502 85.758003
443.448975 90.066986
71.358032 117.655251
534.798828 85.538078
225.952408 391.367950
616.170959 317.632782
684.953979 92.595734
354.336670 225.236465
330.717865 577.851440
634.101440 316.706879
809.730835 112.172401
306.897278 274.865265
522.453125 296.700470
550.108704 85.525391
414.122009 382.983673
326.230164 678.511597
336.476593 274.963531
235.189880 447.232758
745.779846 288.140167
779.246277 328.163025
433.981537 375.246948
299.198456 433.328766
717.088928 74.609123
450.040955 336.187012
361.354980 649.678406
732.346558 427.130615
181.229645 345.655884
675.250122 560.712952
451.121704 490.839050
541.288879 314.788696
583.505432 273.664581
613.187073 301.632965
780.066284 313.297333
340.884613 563.090881
321.687988 270.063324
-1.000000 -1.000000
586.524658 332.797089
675.379333 259.468536
354.378021 240.128403
492.969055 488.847412
73.429260 67.017372
422.002197 360.006927
330.589966 592.702881
321.819946 299.736084
433.221130 492.568634
478.096649 488.909271
743.745483 224.887711
181.196976 360.627747
343.327698 525.991882
-1.000000 -1.000000
336.650085 289.858948
320.069763 316.782166
801.036255 81.818863
343.293427 548.389404
739.860535 140.634781
785.938721 170.874756
594.402527 507.732330
764.251404 287.165588
661.301208 545.652039
746.826599 239.713699
709.495972 499.872620
1074.895020 115.282730
536.708923 491.096924
448.723022 239.180328
361.376587 619.588196
255.733932 397.553131
556.743469 492.291809
597.091125 84.419655
565.228455 85.495819
180.704681 375.641052
658.608337 523.588745
324.830719 255.132751
420.633148 289.960052
423.279846 104.110199
420.992920 304.882996
696.799866 433.872253
382.985504 213.161194
361.468781 664.740601
632.514221 506.571686
992.390747 191.602051
748.855286 123.355270
434.135925 345.008026
40.357098 575.387695
830.226624 160.283234
577.589966 502.579590
601.300964 316.678680
302.377136 377.696320
1214.231201 54.100460
262.005188 288.684570
378.518280 485.449371
670.140076 575.715515
73.406975 97.657211
292.061951 273.772583
359.502014 258.117218
610.544189 506.644806
669.818909 88.634758
376.331085 641.712646
842.607422 205.338593
443.513916 75.053268
726.845337 251.718048
405.475006 159.351028
270.409515 395.696808
351.416229 273.042511
709.845642 255.620438
237.982269 462.449677
348.342346 202.239899
263.424103 448.763763
405.566925 142.543915
419.088013 319.893005
779.854614 298.361603
276.969971 590.176331
448.707123 254.203018
-1.000000 -1.000000
747.285950 430.343323
226.298965 324.612549
724.580750 500.187225
838.641785 127.118179
86.365891 114.618217
428.372681 88.987968
754.855286 140.675858
299.163116 418.267700
267.329376 41.114052
551.613770 291.782959
170.690475 232.315384
302.390198 197.209549
314.192993 415.120056
40.091255 591.766602
360.614471 486.292114
96.195518 239.009155
691.116699 574.786011
586.331360 312.673767
272.144623 464.013275
210.970169 390.229126
419.015442 345.005798
325.896667 562.891907
815.222107 160.227844
703.362061 544.008423
569.484619 306.717072
624.806396 83.446342
67.379234 132.610153
378.404083 228.107483
717.592773 485.062866
-1.000000 -1.000000
715.938293 469.032501
765.195740 272.015991
406.428864 494.405182
407.119812 367.938568
281.354309 574.909668
82.722984 197.408966
706.006470 575.062927
754.952026 254.870804
325.320801 347.653625
703.431885 529.121460
346.517059 622.522766
73.481995 82.713058
405.677307 280.068817
484.010406 503.671051
765.891174 237.791275
232.291809 432.089661
654.881104 86.558388
287.331696 393.658508
674.462524 512.958374
181.291931 330.652893
594.264648 297.686951
478.871002 53.287292
281.048523 538.519531
723.503052 515.347534
351.592896 287.944763
331.546539 653.466736
673.995605 343.533203
769.861328 140.567444
660.154846 560.636902
418.952332 123.382278
-1.000000 -1.000000
257.228210 463.819092
-1.000000 -1.000000
448.076385 505.785797
245.287796 320.572083
40.226116 280.715851
639.830078 85.537170
769.994812 255.902298
1060.484131 55.588280
577.588135 517.537048
808.431519 127.150551
701.898254 88.585663
748.842896 272.991791
266.742035 573.087158
793.890869 343.159698
567.527954 286.724365
687.913086 590.276184
730.950317 467.189941
320.192749 331.625153
262.073517 591.293579
432.213989 507.576843
336.733246 304.886627
1197.231445 169.765030
389.246307 379.809113
1071.984985 201.731110
278.229980 449.052979
264.386627 538.284241
368.237946 210.250290
326.332855 511.707886
711.051758 560.134033
-1.000000 -1.000000
278.222382 553.256409
70.140236 147.542786
219.943649 446.939331
537.735718 70.484131
397.959778 249.693085
240.956772 477.667358
317.323547 377.282257
271.956726 478.943420
796.090515 358.196198
732.858459 482.170715
706.896240 591.439453
-1.000000 -1.000000
741.888550 500.080231
254.160233 552.802368
575.219421 568.278259
383.806122 198.139389
328.313904 526.835388
810.619995 403.454926
287.986786 245.705338
295.501068 537.605835
716.159485 453.868011
501.774323 503.692169
291.765076 591.992920
983.260193 41.020775
331.672089 635.619751
386.590332 174.362991
350.681213 411.423584
88.400017 96.637123
290.072906 464.310944
375.180115 581.286804
775.905273 223.118164
-1.000000 -1.000000
366.492950 280.054443
633.442627 521.449524
315.681915 577.540344
779.963318 272.964600
1120.026611 344.484406
297.833344 479.226654
369.292114 395.847290
298.436066 556.191833
143.046219 443.951080
251.733459 571.718323
741.898193 518.307434
-1.000000 -1.000000
558.319275 567.282288
973.922546 273.779358
780.894775 237.875885
264.631439 427.986877
805.860962 243.064407
685.003174 77.611900
1104.831299 343.667847
306.891815 259.977631
458.204163 72.182098
-1.000000 -1.000000
157.689606 249.626236
726.122375 560.696716
550.766968 507.240967
594.379517 522.613647
222.790741 462.195526
82.228912 132.314270
673.022766 590.974915
644.982178 569.565430
383.419708 243.158112
793.825806 328.259552
310.795166 678.587952
357.553345 562.299255
630.024109 570.449524
1227.932495 211.965393
405.761475 294.883423
-1.000000 -1.000000
-1.000000 -1.000000
-1.000000 -1.000000
127.893738 443.832550
-1.000000 -1.000000
520.612915 500.953735
-1.000000 -1.000000
270.778473 254.666977
428.379639 74.046158
73.048996 162.205826
88.507004 81.745735
740.754761 533.686646
635.825989 538.429443
973.815674 288.785309
540.402527 565.304016
233.825165 411.590149
328.309723 542.346130
358.424225 501.085541
763.815552 111.219582
142.916504 429.099304
112.973434 443.560883
756.837158 503.189789
-1.000000 -1.000000
747.935669 485.108002
784.849182 255.811707
366.556580 295.024872
405.367157 509.389099
346.567780 607.836914
794.818298 313.515839
595.221985 571.394409
323.489319 495.737579
742.220703 445.154846
286.976685 185.344009
1103.947510 358.639648
247.577957 428.653290
644.910645 554.534851
754.299194 599.680237
776.505737 433.204620
993.902893 123.508270
321.915009 620.491821
313.368347 529.050659
247.206055 590.054993
761.551208 66.361702
535.601257 506.079315
315.540680 592.014587
1121.971436 359.446716
725.467468 530.604858
351.679291 302.861755
257.038086 478.943634
249.023666 533.894226
611.443115 521.504883
404.047394 352.976929
209.750641 404.710907
552.893677 70.532227
746.002808 462.175568
-1.000000 -1.000000
-1.000000 -1.000000
204.529144 443.122406
558.420288 552.226135
277.289215 273.552155
799.135986 66.813232
-1.000000 -1.000000
390.504761 159.473419
443.851166 566.817017
127.930412 428.956848
576.286255 553.088074
282.272949 41.123695
741.651001 548.838074
374.502014 258.280670
762.155945 436.323639
149.959427 678.879517
248.835846 411.919067
378.267090 611.827393
311.411774 512.820740
210.991608 315.999084
575.331299 583.582703
-1.000000 -1.000000
558.364746 582.458496
390.390503 500.343414
760.912292 222.823074
-1.000000 -1.000000
459.635254 557.993896
466.049408 503.671783
725.328613 545.548767
720.765076 575.285156
1119.965698 329.545044
1135.287598 344.178070
612.262817 569.299500
747.344910 576.881714
1045.476196 231.751419
80.721588 182.458878
416.887573 556.455261
485.670715 518.520996
835.704834 256.484924
-1.000000 -1.000000
1051.752563 216.743362
540.323853 550.214294
85.170433 147.354996
703.605774 606.511475
225.768097 477.639557
859.803162 96.537567
687.603638 605.325134
756.820679 520.369995
368.927490 195.383972
721.945984 590.415771
389.243347 364.817932
630.074219 555.342468
308.589691 495.986450
295.870850 577.656372
-1.000000 -1.000000
403.903778 309.928802
1104.750854 328.814880
334.717468 319.977722
328.842194 414.278107
516.553711 515.828491
1194.128418 83.275177
792.643738 155.859055
113.327194 428.824615
390.266052 144.598038
375.409424 500.329834
326.281616 362.514679
272.881470 494.310760
393.890228 594.456360
521.673950 561.151550
-1.000000 -1.000000
400.953369 554.362488
757.119019 614.515381
431.710632 551.489746
417.736115 571.537354
241.771881 492.804321
717.210938 438.979004
733.759888 273.271423
519.577393 546.137634
971.227356 258.180084
280.802612 518.383728
390.815033 279.664764
458.609039 572.937988
313.333191 544.383789
399.761841 569.525269
-1.000000 -1.000000
483.604706 557.907043
540.535095 580.383850
316.482269 657.449402
595.205688 586.572021
225.716476 310.081024
669.580750 73.641060
794.716125 298.615265
132.331970 678.920898
284.299255 426.603394
376.159973 656.738159
810.928772 373.559570
-1.000000 -1.000000
314.267700 399.878906
244.982742 305.831421
470.559387 529.589294
-1.000000 -1.000000
208.372025 419.489532
613.043762 543.258972
340.190918 347.868500
164.291718 678.921082
117.758972 413.118042
499.591827 558.850647
-1.000000 -1.000000
-1.000000 -1.000000
87.968063 165.952637
144.026123 414.284210
639.676208 70.533630
501.444122 518.602722
762.840210 488.081726
771.305359 503.803253
756.644226 535.797180
413.320343 89.100861
158.688110 443.743988
-1.000000 -1.000000
811.908203 388.508423
486.687561 678.755798
40.149395 663.414368
1000.973999 296.739075
594.294067 545.252258
264.552826 412.084869
1137.225342 359.180695
557.613586 522.394714
739.277161 591.490906
771.331177 519.868896
826.707458 404.167847
146.184860 458.756195
623.880737 68.464867
485.623871 533.644531
257.020813 501.179962
354.627350 386.571320
989.184265 269.639740
-1.000000 -1.000000
393.558838 611.997620
716.845276 59.545071
266.041351 516.217957
358.347229 524.139221
503.526550 541.791992
75.974548 569.496399
404.025818 674.056946
870.405579 252.259171
609.030518 69.454880
-1.000000 -1.000000
99.581337 265.435028
718.815979 270.941589
390.758057 265.127014
-1.000000 -1.000000
975.596680 303.763397
761.047913 462.246765
984.779480 96.099266
854.724670 111.859581
855.310303 253.222336
769.239319 599.711426
226.636536 492.881256
443.807404 532.774780
1238.326904 309.205902
80.387085 405.691956
672.704468 606.033569
135.204315 642.737549
654.643250 71.570030
295.466309 518.311951
287.756256 495.563965
418.968170 673.651428
195.502335 315.094727
164.056808 420.005188
135.274200 657.701965
984.795166 81.034668
250.882126 516.934570
345.994415 362.615112
577.307312 538.142151
718.700562 606.536743
374.404022 379.709808
539.281738 535.261902
189.004730 612.390381
582.190125 71.441154
1150.212524 344.049469
826.786194 419.136383
1016.334717 251.545364
284.391449 410.316345
685.258362 631.212830
419.149323 534.335144
464.358398 678.587341
794.917236 272.186951
375.755829 566.361755
522.736938 576.170410
-1.000000 -1.000000
358.143768 544.485168
-1.000000 -1.000000
1026.567993 212.731171
658.154297 591.011841
72.649414 477.118439
762.265381 579.026917
561.282349 537.289429
539.311157 55.484394
-1.000000 -1.000000
-1.000000 -1.000000
501.442566 678.823608
378.035004 672.854614
384.008820 551.383728
232.695557 507.627899
400.355774 533.248718
1238.259277 323.779755
771.209290 535.399414
479.681427 573.078125
103.230370 410.896545
823.607910 678.908081
332.155731 377.205322
81.446358 227.676407
-1.000000 -1.000000
150.355133 657.795288
772.192139 614.667297
1004.022095 281.710754
684.137268 645.832642
613.126404 584.814758
108.665894 359.132996
629.991821 585.966431
518.299133 531.024353
-1.000000 -1.000000
95.747437 182.389679
404.047882 338.064972
439.162109 673.565918
207.261108 462.478088
130.787094 458.693268
201.627869 153.091064
173.526474 443.815582
246.974350 290.719940
389.084015 349.948425
1135.140259 329.187683
756.539795 557.465027
366.547913 309.960419
98.084564 445.297363
1044.177856 246.818268
114.615005 266.238922
1111.310303 255.304794
179.283249 391.341522
188.889923 597.544800
174.387955 616.142273
1020.174377 236.552475
385.338470 536.400208
808.716125 328.997925
390.679352 626.796021
808.627869 678.788818
1004.027954 266.632690
114.304192 643.828979
405.653168 265.382751
73.590935 555.029236
154.307190 642.843933
371.616516 180.561630
499.707550 574.087097
482.066895 660.748535
-1.000000 -1.000000
1151.347534 256.567627
1015.968933 296.832611
1191.025391 100.066475
79.412239 422.503998
-1.000000 -1.000000
676.017212 675.612122
164.408722 388.482452
238.787354 556.177368
1060.630615 233.738007
355.123077 347.735809
-1.000000 -1.000000
98.642784 280.127563
40.723465 645.575134
79.038445 391.180664
1067.053467 216.767151
1081.052734 238.116669
72.764732 492.608948
180.102722 316.334320
-1.000000 -1.000000
820.741638 257.226044
963.921997 161.533463
316.838409 635.474243
108.914764 374.597778
102.945419 166.898331
1238.305664 337.229584
1135.322510 304.698669
164.923248 405.049500
1150.587280 297.152802
145.107025 473.653534
408.097565 105.828163
159.484558 615.754517
858.824036 66.370087
1120.084717 314.509491
329.892487 399.261078
178.853577 420.100311
72.431305 242.842026
-1.000000 -1.000000
236.650711 571.069275
853.667114 126.876808
134.627243 627.404114
115.513557 281.115295
203.969437 608.984131
-1.000000 -1.000000
245.138992 605.924866
777.291870 488.489563
107.877113 463.465393
702.057983 73.600731
442.791870 581.821167
231.535355 522.468018
679.126465 660.541504
1085.878906 257.250305
1238.425293 291.949829
409.927399 658.604065
-1.000000 -1.000000
1152.133057 358.938568
496.956940 660.663879
83.957138 368.284088
83.446426 436.962433
700.025024 631.403687
119.950729 658.738342
776.546021 96.795174
262.085907 273.649506
377.337189 515.217590
81.188454 212.468109
809.738525 314.315308
188.057129 444.927399
463.080109 660.295898
129.604004 266.121796
1023.375732 311.834320
293.051086 606.767822
1107.129639 272.111725
967.582581 41.034462
739.065491 606.443481
72.494110 257.957550
106.712379 539.364990
360.823181 362.678467
860.693542 81.277451
186.927612 582.533813
935.486450 253.432724
1131.334229 254.017960
403.525177 127.624847
826.864929 434.274750
102.769287 298.176239
161.694794 458.671112
233.858765 537.207703
119.656876 628.849854
91.866524 352.806580
171.954178 247.284927
1169.270874 109.266434
164.436661 358.405853
381.465118 293.737488
348.077942 187.438232
721.438171 621.580627
885.068726 252.268433
81.749466 584.255798
132.685730 512.354004
462.524780 57.411224
150.062210 399.331116
164.493591 373.546051
458.811737 587.931702
117.528976 298.003998
193.621399 299.668091
698.733276 645.935669
129.830246 473.613556
107.453003 524.485474
97.166832 129.315140
791.429871 433.051392
-1.000000 -1.000000
1082.175659 222.866898
-1.000000 -1.000000
950.861328 254.359482
349.921967 332.774902
276.841278 605.233154
986.861816 254.145020
771.302246 550.894287
809.682495 299.358307
108.030472 478.289215
758.773926 629.560425
232.126190 589.806763
1088.523071 352.614746
1088.545288 272.292145
1011.447021 221.680450
-1.000000 -1.000000
845.464905 398.876282
-1.000000 -1.000000
375.239502 159.770660
427.360504 586.553833
210.258011 301.350098
123.577278 352.810425
333.342438 186.299942
203.796768 594.189819
1150.217163 329.091339
106.918015 312.539368
95.469704 396.037415
174.204773 601.347656
394.749481 658.855286
134.191620 527.167175
1150.509521 282.261444
559.131409 597.430542
874.567078 302.650452
576.114319 598.559753
413.262421 74.319397
89.170738 476.792389
110.688301 396.203705
1238.574707 566.067505
105.702316 555.464233
165.620148 657.595764
1121.473877 230.994324
104.848785 628.906738
-1.000000 -1.000000
690.777771 675.728271
714.788269 642.181274
948.836670 161.551865
149.955460 384.469849
229.951309 607.723328
849.374756 298.043823
775.346191 461.599304
-1.000000 -1.000000
920.356873 252.624496
90.554642 569.549072
209.880920 477.958466
693.921448 660.604004
794.741882 112.259071
-1.000000 -1.000000
-1.000000 -1.000000
113.090935 509.427399
261.837311 606.466919
179.023483 301.440369
811.980774 438.495758
79.724800 609.962280
138.758636 542.420105
130.542343 283.212219
777.322571 579.839172
138.319260 352.698761
1104.530884 313.889587
351.792816 317.705902
1002.468689 311.725616
390.355377 641.748047
73.588837 536.980347
815.464661 654.778809
186.088760 462.994171
-1.000000 -1.000000
1089.413818 337.630585
88.099663 555.241272
132.624878 307.900757
295.132111 678.615173
98.727386 430.491394
72.675171 507.716736
108.711136 343.726257
172.900497 217.842972
441.195984 658.352051
99.681702 643.446960
381.156738 308.868835
905.429688 253.581116
1031.089111 296.932556
159.442551 597.037903
169.561523 642.567322
791.376282 659.666382
424.996643 658.421997
1107.184326 373.639771
661.230042 678.441650
865.537231 287.495392
541.620117 595.399597
1074.983521 99.875107
787.311340 613.463379
302.117828 629.909607
848.402039 315.077911
597.747986 601.531433
73.641121 333.377563
844.195557 190.317902
122.567085 542.456299
83.771561 277.066711
1178.508667 169.163406
658.007629 606.021057
100.048500 150.970047
1122.082397 374.464233
369.714050 347.888092
386.160828 335.323761
110.125725 494.375671
670.560669 630.058044
186.872421 247.612030
1033.994751 426.093231
1133.198486 268.683167
961.890381 176.546082
638.914001 55.537354
786.260315 521.777893
1165.084229 344.066467
870.247253 237.295944
160.731033 473.476562
773.786682 629.730957
1150.419434 312.073059
93.280373 462.193512
877.604980 317.893616
316.965363 182.860168
130.677795 497.345215
101.306168 111.661987
164.719833 343.168945
786.216309 505.721039
189.277100 479.957642
150.086014 369.229767
566.318481 678.713013
554.523071 55.520603
1018.974548 281.809814
-1.000000 -1.000000
741.696777 621.429688
609.056946 54.429962
92.167641 312.636597
-1.000000 -1.000000
1038.328613 311.844757
78.986015 452.179138
860.545044 398.714539
412.273407 586.479797
950.909973 239.435059
106.034386 328.416840
105.489883 658.728638
642.946167 601.020630
73.427391 312.514160
926.359192 237.661392
826.729065 388.922791
-1.000000 -1.000000
847.335571 381.585205
855.158325 238.234528
161.283325 582.162109
95.190994 609.751160
144.498520 266.539185
1135.270752 284.676331
1040.993652 405.209564
810.691101 344.050812
1137.141602 374.160583
889.704590 302.859833
1212.941162 185.811584
87.830154 295.289520
1012.881592 426.093536
1154.084961 432.028839
758.987915 676.012329
1166.850952 359.899506
97.022514 584.154602
669.537231 644.883667
246.748032 276.021820
1106.368408 232.984711
758.327820 644.374634
849.219666 283.240692
236.000366 622.870728
1049.042358 425.375488
542.571350 40.641163
124.031853 370.412292
135.708740 399.397766
965.910095 243.177765
1088.744141 367.653107
364.647766 333.186798
627.759338 601.004456
-1.000000 -1.000000
1018.957092 266.747681
773.167053 644.374146
84.868446 650.344360
144.670105 612.461609
90.175133 491.943329
784.236694 598.626526
88.319855 336.489166
91.962074 540.303223
705.873596 675.845703
-1.000000 -1.000000
892.630798 318.276154
1059.211670 248.851624
623.826111 53.464085
479.633179 588.054077
793.385071 126.921829
178.430191 261.794800
880.352661 287.389038
566.642273 660.520874
149.408600 527.183167
-1.000000 -1.000000
178.621414 286.216583
-1.000000 -1.000000
824.248352 319.662048
835.526672 284.181580
201.867798 579.263794
776.647644 661.574768
1104.872925 298.994598
443.125671 60.242840
789.012512 630.385315
1001.776672 251.219238
120.914764 557.392212
960.604065 312.449799
854.038208 413.745514
442.544312 596.747375
809.812805 281.079620
1089.267822 526.161682
846.135315 329.969940
93.081459 512.171021
1099.546753 544.376526
165.592239 323.662689
786.073669 537.440125
551.764221 674.700317
425.392365 59.473713
517.881348 678.675964
265.055298 621.042542
217.111938 508.051270
147.829636 512.283142
405.547699 643.647522
958.699524 286.384796
867.326721 382.702881
1009.807190 455.222687
481.946411 645.885132
374.852966 144.929977
885.019897 237.299377
1032.086060 578.758850
982.943420 453.344177
612.826233 599.835815
708.955078 660.502563
-1.000000 -1.000000
145.422897 281.670227
-1.000000 -1.000000
-1.000000 -1.000000
121.795219 322.503448
-1.000000 -1.000000
1030.915161 440.809906
1088.411377 287.696838
933.640564 162.556488
835.123840 298.706482
907.876099 316.181183
173.576019 202.982330
217.107925 574.930969
976.911621 176.597488
934.823608 324.651276
645.993591 678.346985
1124.788330 525.384033
594.137512 56.423592
1089.344238 322.689453
163.596634 263.160034
664.104248 660.447815
761.674805 660.141113
123.602570 337.743530
1056.266235 405.393585
73.760406 347.649048
206.768616 262.927948
225.216110 295.289124
497.417206 588.982727
824.062378 142.084625
145.988205 488.181458
1238.872314 634.991455
1138.774536 430.487793
210.905182 493.164978
1176.041382 93.371208
1153.284424 241.489410
-1.000000 -1.000000
1044.387451 262.018402
90.335190 625.693176
1185.240234 678.301575
947.020325 177.554794
684.746948 62.607346
1046.182129 284.993622
914.183411 435.792755
932.173340 437.931274
976.660889 318.613586
1005.439331 236.118866
824.830933 334.706635
103.410172 96.857323
1120.219727 287.201294
185.507523 232.577164
287.312988 621.504456
551.701416 659.455933
525.617859 591.170837
1180.931274 428.736481
386.869629 129.521194
-1.000000 -1.000000
109.852493 612.711914
136.965744 322.327637
1056.897095 660.887390
130.690613 611.666748
1084.444946 546.598816
72.932159 625.899780
968.241943 453.173798
903.370850 238.623230
-1.000000 -1.000000
1014.472473 330.956116
1047.359497 578.611633
496.919373 645.680298
105.209625 569.895569
512.252258 660.387207
1224.460693 420.587982
1127.892578 540.458740
882.551636 382.799957
915.282471 420.946564
1221.439209 237.999374
1208.705444 419.372406
-1.000000 -1.000000
136.134216 557.193542
1040.629150 662.493347
776.491272 81.692139
875.671997 397.660278
849.213257 268.227234
790.474060 447.488220
938.215881 347.868622
1158.839355 416.699341
1154.184814 447.210510
1179.912354 345.523438
1238.916992 649.649536
791.289795 644.977478
907.249451 638.613831
153.541565 542.704102
729.911194 636.530701
1105.424805 523.982605
945.609192 309.433990
1026.269043 411.141205
197.063690 627.230408
876.300903 332.545563
1236.623413 234.271805
915.649841 331.074219
1101.589844 564.024475
208.826218 283.056305
144.719131 597.782471
356.255646 172.892151
898.825928 445.992188
215.893326 523.096680
1032.380371 593.995728
1072.231323 653.730530
257.942200 636.003906
1115.414307 398.948456
1091.876953 382.647736
1151.978271 373.791687
906.940247 300.719727
1045.868408 440.887115
913.732178 661.507080
747.081604 659.767212
1138.248291 398.376129
1140.606934 415.468506
972.079102 438.644531
1070.399902 354.428497
997.876831 437.100128
1181.899902 254.481384
1063.055176 337.997681
905.653748 513.155457
161.743301 567.175659
465.698090 645.552246
1157.270996 678.933716
894.772217 421.265656
827.588989 374.062836
984.899536 338.811432
-1.000000 -1.000000
1153.514404 226.265732
915.100403 451.066986
1038.123047 381.894745
731.925293 49.589195
-1.000000 -1.000000
830.421692 658.779785
1139.779541 524.558838
817.589478 639.908020
1136.340576 239.045410
163.613586 278.783966
1184.117798 413.899048
193.233734 284.348877
72.694717 522.971558
935.139954 423.144928
180.384674 658.957703
237.364075 637.729004
861.325256 330.527039
1236.940918 331.013672
930.775635 309.516174
852.159973 365.753357
827.106812 449.149902
1089.334961 307.950226
1142.035645 611.458191
221.080429 622.518372
581.508240 674.589111
790.373901 462.115082
201.700043 508.166473
1025.913086 456.223267
257.948151 651.205994
867.133179 366.767700
921.020203 518.335693
1226.719971 635.214172
996.782043 660.284668
943.256287 285.010223
1201.418213 404.368347
1075.288818 84.332352
1047.347046 593.815308
1031.976562 563.576416
920.858704 539.263062
1074.292358 531.096863
302.129761 649.284668
138.691162 337.340912
950.379517 327.778137
1056.901978 313.936768
654.851013 56.559059
965.652100 228.134277
1073.364380 638.712585
947.242432 224.242493
649.239014 661.052795
1167.146973 256.602600
829.385498 358.583099
1017.265503 578.959473
890.819580 512.283936
1022.944153 381.684296
891.410278 332.990570
405.944366 628.732544
952.290100 451.998291
222.674637 266.027008
111.876030 584.152161
1194.322876 67.570450
200.783539 523.097656
864.232361 272.198029
218.167984 537.742249
1238.339844 619.881409
967.832214 339.601624
802.293884 614.254578
834.326355 570.451355
997.951843 421.963867
937.260681 452.908417
276.678741 650.377258
-1.000000 -1.000000
-1.000000 -1.000000
1142.311646 549.740112
1232.739746 620.359436
1061.001831 282.966125
103.716362 82.179390
1114.631104 640.994934
-1.000000 -1.000000
1177.820312 443.623688
578.951599 56.456280
919.677795 345.962921
1064.194580 424.526581
856.915710 429.049103
828.361450 51.593410
420.573395 643.380432
1051.335083 608.406982
1153.718018 399.158905
1069.261963 548.289917
1127.489624 611.364441
997.575806 646.058777
1012.930969 645.225342
1195.236084 239.235535
1212.325928 223.040070
799.174622 598.684753
1181.516602 360.225616
466.314301 40.803169
1182.784058 398.725311
841.010620 434.230469
891.946716 639.415649
655.665833 621.073120
1088.297485 641.974854
992.898193 146.403397
1235.216064 316.056427
179.767700 567.826965
982.411072 239.060013
1215.838745 617.432312
445.192535 643.469666
1196.861450 254.323929
936.092590 517.341980
1057.866089 640.700134
906.028503 533.244141
858.891235 444.131989
1069.651123 607.800537
1071.325195 403.519836
530.336365 678.615234
581.732056 659.478455
955.795837 269.314667
964.144165 478.082367
1139.103882 445.653961
1123.911011 430.006592
126.497475 586.258850
950.265808 437.693970
879.337952 272.601074
898.398193 661.332458
1168.190674 239.394257
935.963318 538.114197
882.334534 367.614532
832.593811 644.019165
1238.390747 422.050140
1222.111938 330.855957
873.354065 351.851410
953.705872 355.116608
1125.712158 414.819946
979.192688 472.257721
931.819763 177.539551
833.052185 555.455261
1070.302124 623.350891
1157.418701 611.461731
1062.465088 579.101501
1010.330261 605.513428
1053.471680 382.283173
654.746521 645.557922
888.970032 489.831635
1086.948486 508.123932
1225.552490 405.610474
1094.530640 398.070831
982.894165 420.945679
1137.230713 564.954163
1165.011108 329.173004
146.662216 581.871948
1088.984131 656.621765
887.028015 472.734924
1211.774902 633.209656
1212.365967 207.978790
1138.970215 626.121521
1047.462280 563.433350
973.421936 577.342651
1029.452515 336.877991
1166.826538 375.198822
1195.217407 224.245621
164.806412 308.695099
911.048157 621.481995
1070.443970 564.572021
1017.210205 563.876404
147.670456 307.515839
-1.000000 -1.000000
981.952026 661.644531
1011.038513 406.790222
928.533447 285.978119
879.585266 421.352875
1227.729248 390.342651
786.142395 552.668457
950.356567 560.992493
1238.675049 527.625854
1038.408569 646.961060
164.033417 527.348877
883.744934 444.660767
1055.471436 624.097961
1028.221191 608.848816
526.380737 660.002319
1059.294922 264.040802
805.319519 452.354462
164.508423 293.912750
925.773254 222.483505
1182.280762 383.391327
1136.332642 224.090256
223.551819 551.895935
427.218933 601.500610
184.536438 641.519226
961.660706 191.553040
1001.879883 578.171326
1226.556274 650.536987
111.931305 135.430817
1199.656494 388.989166
1238.744751 511.093536
1024.999023 661.534607
1086.781982 564.182251
910.735107 275.428406
918.626221 162.512222
934.576294 561.039001
1195.734985 433.819244
1118.112305 215.968185
968.000061 422.022125
