547.112976 386.781586
-1.000000 -1.000000
-1.000000 -1.000000
-1.000000 -1.000000
-1.000000 -1.000000
-1.000000 -1.000000
-1.000000 -1.000000
664.637817 474.715302
-1.000000 -1.000000
611.712769 139.858673
-1.000000 -1.000000
-1.000000 -1.000000
-1.000000 -1.000000
-1.000000 -1.000000
643.304016 372.325531
844.804382 553.556458
-1.000000 -1.000000
749.451843 131.556671
-1.000000 -1.000000
-1.000000 -1.000000
-1.000000 -1.000000
-1.000000 -1.000000
-1.000000 -1.000000
-1.000000 -1.000000
686.875549 565.698608
-1.000000 -1.000000
-1.000000 -1.000000
456.889160 394.055847
465.239624 492.679108
-1.000000 -1.000000
757.049011 516.620422
-1.000000 -1.000000
-1.000000 -1.000000
-1.000000 -1.000000
-1.000000 -1.000000
-1.000000 -1.000000
-1.000000 -1.000000
-1.000000 -1.000000
-1.000000 -1.000000
751.782776 606.973145
-1.000000 -1.000000
636.255432 359.769379
-1.000000 -1.000000
-1.000000 -1.000000
-1.000000 -1.000000
-1.000000 -1.000000
-1.000000 -1.000000
1016.591309 536.054199
-1.000000 -1.000000
-1.000000 -1.000000
1000.083008 550.922791
-1.000000 -1.000000
753.291016 364.943787
-1.000000 -1.000000
-1.000000 -1.000000
-1.000000 -1.000000
768.060303 328.673950
655.930481 369.169800
-1.000000 -1.000000
-1.000000 -1.000000
-1.000000 -1.000000
534.243713 513.181763
-1.000000 -1.000000
-1.000000 -1.000000
-1.000000 -1.000000
720.669250 590.255798
-1.000000 -1.000000
-1.000000 -1.000000
-1.000000 -1.000000
443.363068 399.064941
581.169861 410.244568
-1.000000 -1.000000
-1.000000 -1.000000
634.272400 654.089294
-1.000000 -1.000000
-1.000000 -1.000000
1038.852295 541.797546
557.784790 384.353912
-1.000000 -1.000000
-1.000000 -1.000000
-1.000000 -1.000000
780.447449 389.093719
-1.000000 -1.000000
-1.000000 -1.000000
-1.000000 -1.000000
-1.000000 -1.000000
-1.000000 -1.000000
-1.000000 -1.000000
-1.000000 -1.000000
-1.000000 -1.000000
-1.000000 -1.000000
-1.000000 -1.000000
666.544250 657.632080
-1.000000 -1.000000
755.428467 472.006775
533.302368 628.136169
814.587158 622.573730
640.449280 450.520416
-1.000000 -1.000000
631.702087 554.158081
-1.000000 -1.000000
-1.000000 -1.000000
767.521790 126.176712
1059.282837 436.156342
-1.000000 -1.000000
-1.000000 -1.000000
-1.000000 -1.000000
686.792297 566.721069
-1.000000 -1.000000
-1.000000 -1.000000
-1.000000 -1.000000
1036.555298 531.426025
-1.000000 -1.000000
-1.000000 -1.000000
-1.000000 -1.000000
670.384094 547.049500
-1.000000 -1.000000
817.885010 324.893768
895.423401 572.647461
574.273315 506.511810
-1.000000 -1.000000
-1.000000 -1.000000
-1.000000 -1.000000
684.332153 422.723511
-1.000000 -1.000000
643.509583 643.611755
-1.000000 -1.000000
-1.000000 -1.000000
-1.000000 -1.000000
-1.000000 -1.000000
-1.000000 -1.000000
-1.000000 -1.000000
551.045471 611.654358
-1.000000 -1.000000
-1.000000 -1.000000
-1.000000 -1.000000
-1.000000 -1.000000
-1.000000 -1.000000
804.762207 636.120056
-1.000000 -1.000000
-1.000000 -1.000000
882.247253 628.591187
-1.000000 -1.000000
-1.000000 -1.000000
-1.000000 -1.000000
556.678284 494.853210
1023.799194 413.847778
-1.000000 -1.000000
-1.000000 -1.000000
-1.000000 -1.000000
435.513000 469.226685
630.024963 133.191422
-1.000000 -1.000000
-1.000000 -1.000000
-1.000000 -1.000000
-1.000000 -1.000000
-1.000000 -1.000000
-1.000000 -1.000000
-1.000000 -1.000000
883.641052 275.615936
588.929810 118.349663
801.402283 382.160645
730.970642 330.725647
-1.000000 -1.000000
-1.000000 -1.000000
993.558655 515.912415
728.508728 495.013641
-1.000000 -1.000000
-1.000000 -1.000000
-1.000000 -1.000000
-1.000000 -1.000000
-1.000000 -1.000000
-1.000000 -1.000000
808.307922 289.232819
742.892029 609.323059
-1.000000 -1.000000
-1.000000 -1.000000
-1.000000 -1.000000
-1.000000 -1.000000
-1.000000 -1.000000
-1.000000 -1.000000
730.768982 237.576248
-1.000000 -1.000000
491.971954 568.250854
-1.000000 -1.000000
-1.000000 -1.000000
830.049988 170.245972
-1.000000 -1.000000
506.106812 197.483582
-1.000000 -1.000000
-1.000000 -1.000000
766.957031 489.465179
-1.000000 -1.000000
-1.000000 -1.000000
-1.000000 -1.000000
-1.000000 -1.000000
839.173462 618.536438
-1.000000 -1.000000
-1.000000 -1.000000
-1.000000 -1.000000
-1.000000 -1.000000
-1.000000 -1.000000
537.318298 299.630157
-1.000000 -1.000000
-1.000000 -1.000000
519.379700 217.919067
-1.000000 -1.000000
815.619690 638.302917
-1.000000 -1.000000
915.370422 521.242432
-1.000000 -1.000000
-1.000000 -1.000000
755.653992 196.143860
-1.000000 -1.000000
979.164429 604.636292
-1.000000 -1.000000
-1.000000 -1.000000
-1.000000 -1.000000
773.745422 275.364685
-1.000000 -1.000000
-1.000000 -1.000000
913.818726 493.161957
-1.000000 -1.000000
532.854309 390.968445
700.007385 110.694687
-1.000000 -1.000000
890.034119 614.921875
579.455750 321.811920
777.346741 296.862946
551.333496 531.929138
-1.000000 -1.000000
-1.000000 -1.000000
-1.000000 -1.000000
808.651001 323.443146
-1.000000 -1.000000
646.502747 655.231201
-1.000000 -1.000000
804.033508 623.160278
-1.000000 -1.000000
-1.000000 -1.000000
982.302124 542.081970
-1.000000 -1.000000
-1.000000 -1.000000
816.065857 534.362427
474.537445 498.711121
633.822815 568.243652
-1.000000 -1.000000
-1.000000 -1.000000
-1.000000 -1.000000
838.849854 460.531525
-1.000000 -1.000000
676.570618 140.716629
-1.000000 -1.000000
576.696777 658.919495
-1.000000 -1.000000
-1.000000 -1.000000
457.359741 262.289520
985.567688 615.670776
663.331421 160.486145
-1.000000 -1.000000
-1.000000 -1.000000
803.813110 557.178894
835.528137 556.716431
-1.000000 -1.000000
-1.000000 -1.000000
-1.000000 -1.000000
423.003815 477.869019
-1.000000 -1.000000
830.916382 250.514450
-1.000000 -1.000000
-1.000000 -1.000000
632.416504 552.373169
-1.000000 -1.000000
671.192017 243.876007
-1.000000 -1.000000
710.958801 617.518738
622.383484 574.529602
672.333008 276.776917
915.466736 477.020355
763.421875 86.821938
-1.000000 -1.000000
872.380554 182.302322
-1.000000 -1.000000
415.055908 444.272400
-1.000000 -1.000000
546.372925 513.279846
-1.000000 -1.000000
851.365601 322.014557
-1.000000 -1.000000
548.604980 220.549911
-1.000000 -1.000000
-1.000000 -1.000000
584.536804 522.785095
433.619263 388.682068
-1.000000 -1.000000
-1.000000 -1.000000
-1.000000 -1.000000
-1.000000 -1.000000
-1.000000 -1.000000
739.658569 280.874634
955.080078 494.705841
-1.000000 -1.000000
-1.000000 -1.000000
704.719910 257.594879
924.446655 315.651794
-1.000000 -1.000000
723.353699 604.047546
-1.000000 -1.000000
-1.000000 -1.000000
735.114258 539.726990
829.229370 402.877899
724.968750 409.463379
-1.000000 -1.000000
811.969971 176.051636
-1.000000 -1.000000
967.640137 620.547729
-1.000000 -1.000000
746.298462 509.624664
544.521301 614.550476
-1.000000 -1.000000
933.177673 500.631927
-1.000000 -1.000000
1022.426758 593.221191
681.375488 463.247589
-1.000000 -1.000000
-1.000000 -1.000000
901.305786 500.608551
-1.000000 -1.000000
-1.000000 -1.000000
-1.000000 -1.000000
463.569672 376.134064
-1.000000 -1.000000
-1.000000 -1.000000
-1.000000 -1.000000
-1.000000 -1.000000
-1.000000 -1.000000
806.984680 124.687798
-1.000000 -1.000000
698.906006 138.833405
-1.000000 -1.000000
-1.000000 -1.000000
-1.000000 -1.000000
904.490417 595.975159
896.478760 572.087585
-1.000000 -1.000000
1008.587585 539.789124
507.986969 266.385529
-1.000000 -1.000000
1014.416931 617.131592
-1.000000 -1.000000
-1.000000 -1.000000
674.537476 480.389526
-1.000000 -1.000000
-1.000000 -1.000000
-1.000000 -1.000000
-1.000000 -1.000000
-1.000000 -1.000000
-1.000000 -1.000000
926.535950 511.700104
-1.000000 -1.000000
-1.000000 -1.000000
-1.000000 -1.000000
-1.000000 -1.000000
-1.000000 -1.000000
591.509644 381.925354
-1.000000 -1.000000
-1.000000 -1.000000
-1.000000 -1.000000
415.359680 489.367889
882.273010 403.042480
-1.000000 -1.000000
657.303772 292.405670
-1.000000 -1.000000
-1.000000 -1.000000
-1.000000 -1.000000
622.276794 407.606201
-1.000000 -1.000000
-1.000000 -1.000000
-1.000000 -1.000000
-1.000000 -1.000000
854.979553 252.678131
653.858154 573.792725
814.747864 549.523499
-1.000000 -1.000000
-1.000000 -1.000000
-1.000000 -1.000000
-1.000000 -1.000000
-1.000000 -1.000000
-1.000000 -1.000000
-1.000000 -1.000000
902.937988 585.236450
-1.000000 -1.000000
-1.000000 -1.000000
762.554749 362.937317
-1.000000 -1.000000
-1.000000 -1.000000
520.050110 419.773743
-1.000000 -1.000000
-1.000000 -1.000000
844.221863 563.533630
-1.000000 -1.000000
811.256409 577.551758
-1.000000 -1.000000
-1.000000 -1.000000
812.013611 134.638382
-1.000000 -1.000000
831.765747 105.855934
742.927856 181.229782
-1.000000 -1.000000
536.950928 528.914246
-1.000000 -1.000000
750.722900 617.533875
672.680603 445.320587
-1.000000 -1.000000
-1.000000 -1.000000
-1.000000 -1.000000
924.723328 583.133179
754.288879 105.525398
-1.000000 -1.000000
-1.000000 -1.000000
895.617615 265.120728
-1.000000 -1.000000
874.024841 452.208130
-1.000000 -1.000000
-1.000000 -1.000000
-1.000000 -1.000000
464.822968 423.029083
622.449646 659.078857
-1.000000 -1.000000
857.047424 118.028534
758.693604 418.484741
-1.000000 -1.000000
-1.000000 -1.000000
453.830536 495.574493
-1.000000 -1.000000
422.210754 249.165924
447.650177 320.543121
-1.000000 -1.000000
-1.000000 -1.000000
-1.000000 -1.000000
1009.645020 442.456726
856.195251 551.559692
-1.000000 -1.000000
893.347168 586.663818
-1.000000 -1.000000
-1.000000 -1.000000
-1.000000 -1.000000
-1.000000 -1.000000
577.570435 600.565247
792.953491 106.631958
761.994507 278.302643
-1.000000 -1.000000
721.851379 589.886108
-1.000000 -1.000000
-1.000000 -1.000000
793.417786 123.996704
-1.000000 -1.000000
-1.000000 -1.000000
-1.000000 -1.000000
-1.000000 -1.000000
656.519348 130.354752
731.960693 330.656494
-1.000000 -1.000000
-1.000000 -1.000000
996.938599 530.117432
-1.000000 -1.000000
-1.000000 -1.000000
429.589722 349.011963
680.137329 181.446747
-1.000000 -1.000000
-1.000000 -1.000000
-1.000000 -1.000000
-1.000000 -1.000000
410.226013 212.048264
-1.000000 -1.000000
729.127380 281.697388
-1.000000 -1.000000
616.315186 114.928719
-1.000000 -1.000000
-1.000000 -1.000000
954.389832 398.819305
-1.000000 -1.000000
-1.000000 -1.000000
654.590515 476.477417
-1.000000 -1.000000
-1.000000 -1.000000
-1.000000 -1.000000
-1.000000 -1.000000
-1.000000 -1.000000
823.140808 579.661194
890.500183 107.579529
-1.000000 -1.000000
507.834564 375.478943
-1.000000 -1.000000
-1.000000 -1.000000
-1.000000 -1.000000
-1.000000 -1.000000
-1.000000 -1.000000
-1.000000 -1.000000
616.814819 188.737762
-1.000000 -1.000000
-1.000000 -1.000000
-1.000000 -1.000000
525.571350 536.736755
-1.000000 -1.000000
623.999451 204.191116
-1.000000 -1.000000
-1.000000 -1.000000
-1.000000 -1.000000
673.368958 413.505188
-1.000000 -1.000000
-1.000000 -1.000000
882.446777 188.120880
457.732880 342.206482
-1.000000 -1.000000
-1.000000 -1.000000
728.829590 512.024475
849.163879 457.446777
582.293640 103.530022
-1.000000 -1.000000
688.521729 335.525452
872.465515 527.657471
-1.000000 -1.000000
676.990479 562.196045
-1.000000 -1.000000
-1.000000 -1.000000
-1.000000 -1.000000
-1.000000 -1.000000
719.150574 94.760414
997.758362 541.690369
-1.000000 -1.000000
-1.000000 -1.000000
-1.000000 -1.000000
-1.000000 -1.000000
1007.456909 464.368988
-1.000000 -1.000000
-1.000000 -1.000000
-1.000000 -1.000000
845.490417 630.945129
907.723755 598.253601
-1.000000 -1.000000
767.618164 516.978394
-1.000000 -1.000000
-1.000000 -1.000000
-1.000000 -1.000000
-1.000000 -1.000000
550.810425 578.885742
-1.000000 -1.000000
-1.000000 -1.000000
-1.000000 -1.000000
-1.000000 -1.000000
-1.000000 -1.000000
-1.000000 -1.000000
-1.000000 -1.000000
-1.000000 -1.000000
-1.000000 -1.000000
854.650818 171.865387
-1.000000 -1.000000
476.304047 242.509521
-1.000000 -1.000000
-1.000000 -1.000000
-1.000000 -1.000000
804.891907 546.309204
632.013000 421.842102
-1.000000 -1.000000
-1.000000 -1.000000
552.761658 400.636597
481.500916 79.120110
-1.000000 -1.000000
-1.000000 -1.000000
-1.000000 -1.000000
-1.000000 -1.000000
-1.000000 -1.000000
-1.000000 -1.000000
785.506104 174.246155
-1.000000 -1.000000
405.314880 173.140747
662.678284 314.645752
-1.000000 -1.000000
728.458008 526.145874
711.409241 128.007141
-1.000000 -1.000000
-1.000000 -1.000000
-1.000000 -1.000000
-1.000000 -1.000000
429.349121 127.837021
841.142639 321.141418
824.017029 548.162659
855.725708 129.431808
690.774475 219.456985
-1.000000 -1.000000
745.938232 528.733826
-1.000000 -1.000000
-1.000000 -1.000000
-1.000000 -1.000000
-1.000000 -1.000000
-1.000000 -1.000000
-1.000000 -1.000000
-1.000000 -1.000000
-1.000000 -1.000000
824.579956 439.390167
1015.601196 424.563660
680.732971 308.555298
826.781555 466.698944
-1.000000 -1.000000
-1.000000 -1.000000
646.697205 573.806030
-1.000000 -1.000000
-1.000000 -1.000000
446.745575 518.204041
-1.000000 -1.000000
586.778381 314.065857
720.169312 328.351196
-1.000000 -1.000000
-1.000000 -1.000000
-1.000000 -1.000000
-1.000000 -1.000000
661.234436 246.517715
-1.000000 -1.000000
-1.000000 -1.000000
-1.000000 -1.000000
-1.000000 -1.000000
-1.000000 -1.000000
866.525879 345.489136
-1.000000 -1.000000
-1.000000 -1.000000
632.109741 467.974792
516.919189 201.564529
-1.000000 -1.000000
551.330261 597.412720
1060.311646 449.723938
-1.000000 -1.000000
-1.000000 -1.000000
-1.000000 -1.000000
564.636597 328.168365
-1.000000 -1.000000
645.997131 432.599609
-1.000000 -1.000000
-1.000000 -1.000000
-1.000000 -1.000000
-1.000000 -1.000000
-1.000000 -1.000000
551.532104 305.972443
641.285400 499.282562
-1.000000 -1.000000
-1.000000 -1.000000
-1.000000 -1.000000
-1.000000 -1.000000
-1.000000 -1.000000
-1.000000 -1.000000
-1.000000 -1.000000
-1.000000 -1.000000
-1.000000 -1.000000
-1.000000 -1.000000
461.631134 444.000916
627.010986 458.317078
537.357056 543.166626
773.065857 218.809967
-1.000000 -1.000000
833.954346 135.117630
-1.000000 -1.000000
-1.000000 -1.000000
-1.000000 -1.000000
-1.000000 -1.000000
-1.000000 -1.000000
642.490967 526.573120
-1.000000 -1.000000
-1.000000 -1.000000
-1.000000 -1.000000
-1.000000 -1.000000
483.152557 217.926422
825.566772 481.149628
902.644348 490.275024
896.378662 133.296097
-1.000000 -1.000000
-1.000000 -1.000000
-1.000000 -1.000000
444.108215 490.320923
-1.000000 -1.000000
-1.000000 -1.000000
492.645844 379.024170
716.639587 427.500946
376.524506 226.582794
-1.000000 -1.000000
-1.000000 -1.000000
-1.000000 -1.000000
846.078796 591.117981
-1.000000 -1.000000
-1.000000 -1.000000
-1.000000 -1.000000
618.669678 564.326782
-1.000000 -1.000000
-1.000000 -1.000000
-1.000000 -1.000000
-1.000000 -1.000000
722.473206 256.125549
-1.000000 -1.000000
-1.000000 -1.000000
-1.000000 -1.000000
-1.000000 -1.000000
-1.000000 -1.000000
597.264099 98.603180
-1.000000 -1.000000
871.989014 396.455505
-1.000000 -1.000000
-1.000000 -1.000000
-1.000000 -1.000000
944.386963 535.820496
733.809143 152.328842
-1.000000 -1.000000
-1.000000 -1.000000
722.057800 305.927002
-1.000000 -1.000000
817.069397 457.826294
596.870239 334.136810
-1.000000 -1.000000
-1.000000 -1.000000
-1.000000 -1.000000
-1.000000 -1.000000
-1.000000 -1.000000
-1.000000 -1.000000
-1.000000 -1.000000
-1.000000 -1.000000
-1.000000 -1.000000
-1.000000 -1.000000
573.247192 254.725906
-1.000000 -1.000000
737.075439 135.261490
822.039856 428.188293
-1.000000 -1.000000
578.439270 366.073029
-1.000000 -1.000000
-1.000000 -1.000000
453.709259 506.941132
-1.000000 -1.000000
886.085022 374.107758
723.970703 173.909485
-1.000000 -1.000000
-1.000000 -1.000000
628.922974 479.788452
430.275940 148.813599
509.833557 489.538330
1000.399353 595.861938
917.080200 600.153381
-1.000000 -1.000000
505.989624 166.038055
-1.000000 -1.000000
-1.000000 -1.000000
-1.000000 -1.000000
666.929993 585.659119
-1.000000 -1.000000
-1.000000 -1.000000
441.012756 453.814117
857.613464 466.463959
-1.000000 -1.000000
-1.000000 -1.000000
690.223816 114.996216
-1.000000 -1.000000
-1.000000 -1.000000
652.229553 180.295212
793.954895 633.506165
-1.000000 -1.000000
-1.000000 -1.000000
829.885010 450.170380
777.822021 233.759033
734.072815 216.195007
-1.000000 -1.000000
-1.000000 -1.000000
-1.000000 -1.000000
-1.000000 -1.000000
-1.000000 -1.000000
-1.000000 -1.000000
-1.000000 -1.000000
692.940918 309.522919
686.601074 358.288666
824.795410 558.986755
622.206848 144.587372
-1.000000 -1.000000
-1.000000 -1.000000
-1.000000 -1.000000
-1.000000 -1.000000
-1.000000 -1.000000
770.215393 638.164062
852.472473 251.313049
-1.000000 -1.000000
-1.000000 -1.000000
957.413513 619.061523
-1.000000 -1.000000
-1.000000 -1.000000
-1.000000 -1.000000
-1.000000 -1.000000
-1.000000 -1.000000
-1.000000 -1.000000
503.776123 304.319153
-1.000000 -1.000000
830.466187 429.132050
544.195557 463.469147
-1.000000 -1.000000
-1.000000 -1.000000
660.076904 224.070953
-1.000000 -1.000000
-1.000000 -1.000000
585.745911 154.478119
714.382019 507.354034
-1.000000 -1.000000
691.195557 394.620209
-1.000000 -1.000000
763.348511 607.304626
-1.000000 -1.000000
811.907532 92.984528
-1.000000 -1.000000
-1.000000 -1.000000
-1.000000 -1.000000
582.675293 427.092255
841.681519 112.160332
-1.000000 -1.000000
-1.000000 -1.000000
820.393616 152.125381
928.508240 317.856842
-1.000000 -1.000000
-1.000000 -1.000000
737.153625 614.634521
734.417847 260.695740
-1.000000 -1.000000
-1.000000 -1.000000
512.397644 80.554100
795.759705 140.429794
669.542236 130.239319
426.743408 496.018005
-1.000000 -1.000000
-1.000000 -1.000000
-1.000000 -1.000000
602.345459 221.581558
832.244080 493.674377
895.972778 218.194611
-1.000000 -1.000000
-1.000000 -1.000000
-1.000000 -1.000000
-1.000000 -1.000000
-1.000000 -1.000000
-1.000000 -1.000000
-1.000000 -1.000000
-1.000000 -1.000000
-1.000000 -1.000000
549.205383 675.090820
488.122589 364.577087
-1.000000 -1.000000
541.546997 143.167572
-1.000000 -1.000000
721.863159 116.926613
-1.000000 -1.000000
-1.000000 -1.000000
815.144348 445.981262
1002.433533 615.268005
-1.000000 -1.000000
-1.000000 -1.000000
-1.000000 -1.000000
865.677612 150.660858
899.424744 631.138611
900.352844 421.631226
-1.000000 -1.000000
-1.000000 -1.000000
631.997498 189.630402
-1.000000 -1.000000
-1.000000 -1.000000
-1.000000 -1.000000
-1.000000 -1.000000
-1.000000 -1.000000
-1.000000 -1.000000
661.917175 279.325317
-1.000000 -1.000000
-1.000000 -1.000000
-1.000000 -1.000000
-1.000000 -1.000000
-1.000000 -1.000000
451.086731 208.845383
-1.000000 -1.000000
408.629669 312.748169
-1.000000 -1.000000
-1.000000 -1.000000
-1.000000 -1.000000
605.642456 501.818329
470.755035 359.103394
-1.000000 -1.000000
771.949951 505.669250
-1.000000 -1.000000
454.413513 225.913910
-1.000000 -1.000000
-1.000000 -1.000000
1013.024414 411.891968
889.681824 610.949158
544.091797 499.334869
762.989624 216.715286
-1.000000 -1.000000
532.523071 497.706543
-1.000000 -1.000000
803.727539 362.949341
956.555664 292.677063
-1.000000 -1.000000
760.433472 639.036194
-1.000000 -1.000000
697.074280 153.397217
572.753723 495.735046
-1.000000 -1.000000
-1.000000 -1.000000
548.207581 630.715027
-1.000000 -1.000000
428.221832 73.797211
-1.000000 -1.000000
-1.000000 -1.000000
470.299042 391.732513
771.001038 552.358521
-1.000000 -1.000000
-1.000000 -1.000000
-1.000000 -1.000000
695.324585 409.157043
-1.000000 -1.000000
-1.000000 -1.000000
-1.000000 -1.000000
-1.000000 -1.000000
-1.000000 -1.000000
-1.000000 -1.000000
662.872864 175.021957
977.186035 367.707977
-1.000000 -1.000000
-1.000000 -1.000000
-1.000000 -1.000000
626.724426 163.108673
-1.000000 -1.000000
-1.000000 -1.000000
516.109131 326.515839
-1.000000 -1.000000
-1.000000 -1.000000
-1.000000 -1.000000
429.777832 486.288666
870.772034 134.467926
-1.000000 -1.000000
881.891479 588.301575
682.561279 400.478638
759.177612 136.251862
-1.000000 -1.000000
424.282227 334.515533
453.871490 330.294922
-1.000000 -1.000000
-1.000000 -1.000000
527.199280 307.279480
-1.000000 -1.000000
875.010437 216.158524
643.941467 233.315460
712.813904 557.415405
-1.000000 -1.000000
-1.000000 -1.000000
-1.000000 -1.000000
433.960480 231.762207
760.391174 154.392395
601.477234 163.571960
-1.000000 -1.000000
1034.527466 431.229767
-1.000000 -1.000000
-1.000000 -1.000000
-1.000000 -1.000000
642.761108 206.761978
511.624084 249.449692
560.741699 371.798187
-1.000000 -1.000000
767.877747 553.164917
797.655212 213.705719
504.750458 63.603676
-1.000000 -1.000000
-1.000000 -1.000000
657.388550 200.601501
-1.000000 -1.000000
-1.000000 -1.000000
656.254272 660.630615
-1.000000 -1.000000
-1.000000 -1.000000
736.880066 356.154144
-1.000000 -1.000000
-1.000000 -1.000000
769.914124 193.497940
524.988953 301.676849
-1.000000 -1.000000
-1.000000 -1.000000
428.144135 323.874329
663.289062 647.221191
-1.000000 -1.000000
558.821289 225.266678
-1.000000 -1.000000
831.057800 322.980347
-1.000000 -1.000000
-1.000000 -1.000000
800.278137 176.843567
-1.000000 -1.000000
-1.000000 -1.000000
-1.000000 -1.000000
632.723450 641.830322
690.902954 242.779007
545.182678 265.460602
-1.000000 -1.000000
889.028320 599.778931
