40.010315 40.002731
-1.000000 -1.000000
-1.000000 -1.000000
-1.000000 -1.000000
1238.950317 40.110210
-1.000000 -1.000000
-1.000000 -1.000000
-1.000000 -1.000000
-1.000000 -1.000000
-1.000000 -1.000000
-1.000000 -1.000000
227.346771 148.917297
234.954742 164.379044
212.353760 148.794876
-1.000000 -1.000000
219.741730 164.107681
204.720963 164.065353
-1.000000 -1.000000
197.729553 143.349365
223.301331 179.235443
-1.000000 -1.000000
-1.000000 -1.000000
234.127625 111.510567
-1.000000 -1.000000
-1.000000 -1.000000
-1.000000 -1.000000
208.134018 179.282547
-1.000000 -1.000000
218.960602 112.492607
-1.000000 -1.000000
175.458176 277.270966
-1.000000 -1.000000
-1.000000 -1.000000
231.537674 96.186279
243.131226 222.037064
-1.000000 -1.000000
599.646606 500.080444
963.131348 244.694077
159.792038 277.991425
227.702560 218.676636
483.308533 480.404816
216.514053 97.335373
-1.000000 -1.000000
617.172852 481.377960
472.698090 369.053864
582.785156 519.545837
-1.000000 -1.000000
648.681396 485.135010
977.454773 244.669952
572.424011 534.804993
-1.000000 -1.000000
469.499298 353.815521
651.148376 503.715668
-1.000000 -1.000000
487.186310 370.544159
212.955688 69.937485
467.688599 477.309784
597.417480 515.281372
-1.000000 -1.000000
-1.000000 -1.000000
144.249359 275.274445
-1.000000 -1.000000
-1.000000 -1.000000
-1.000000 -1.000000
892.008484 361.956543
-1.000000 -1.000000
175.234344 261.379852
-1.000000 -1.000000
458.899872 372.923187
-1.000000 -1.000000
657.718628 133.200760
-1.000000 -1.000000
-1.000000 -1.000000
614.653076 495.980804
-1.000000 -1.000000
631.860657 489.902496
626.071167 79.075447
-1.000000 -1.000000
511.929993 504.534332
761.959351 461.505493
-1.000000 -1.000000
159.711288 262.133484
-1.000000 -1.000000
-1.000000 -1.000000
-1.000000 -1.000000
-1.000000 -1.000000
541.822266 506.676788
498.868958 480.411041
587.060730 534.843018
375.285645 161.186401
906.598450 362.027435
662.653687 487.002350
-1.000000 -1.000000
-1.000000 -1.000000
966.114258 229.084671
702.576721 508.293854
949.008972 244.526840
680.276550 221.393433
-1.000000 -1.000000
541.903992 530.140442
482.751343 465.003082
212.236084 218.637177
459.484375 339.116425
-1.000000 -1.000000
289.577423 349.498505
485.260712 355.998962
429.277069 247.285553
-1.000000 -1.000000
980.830811 229.208786
-1.000000 -1.000000
759.882874 476.327148
249.567215 205.933960
905.105164 251.665054
477.327271 449.975586
664.959900 505.377258
-1.000000 -1.000000
-1.000000 -1.000000
672.725952 135.787338
-1.000000 -1.000000
-1.000000 -1.000000
-1.000000 -1.000000
-1.000000 -1.000000
455.559509 356.726288
638.289612 505.704102
857.200134 386.056915
-1.000000 -1.000000
492.624146 414.197083
399.185913 365.579590
428.298492 226.066772
40.101158 260.630249
-1.000000 -1.000000
-1.000000 -1.000000
-1.000000 -1.000000
-1.000000 -1.000000
-1.000000 -1.000000
-1.000000 -1.000000
-1.000000 -1.000000
-1.000000 -1.000000
367.161316 403.331787
-1.000000 -1.000000
629.454529 474.748932
-1.000000 -1.000000
-1.000000 -1.000000
-1.000000 -1.000000
-1.000000 -1.000000
-1.000000 -1.000000
740.777527 481.460999
144.310562 259.619171
655.460144 220.761139
472.534485 495.402466
526.147278 528.445312
-1.000000 -1.000000
-1.000000 -1.000000
687.953491 516.211853
-1.000000 -1.000000
-1.000000 -1.000000
779.613464 455.040466
-1.000000 -1.000000
-1.000000 -1.000000
991.647217 245.324890
-1.000000 -1.000000
-1.000000 -1.000000
601.877747 530.378723
716.889893 498.854645
-1.000000 -1.000000
408.764923 251.724899
327.269836 212.356339
226.852692 234.274658
-1.000000 -1.000000
-1.000000 -1.000000
889.627075 377.256653
913.882996 236.908630
445.550018 463.775330
-1.000000 -1.000000
-1.000000 -1.000000
621.369446 511.055969
408.141083 156.138565
903.402649 346.757751
-1.000000 -1.000000
306.407227 166.711441
-1.000000 -1.000000
-1.000000 -1.000000
227.542709 56.106411
-1.000000 -1.000000
342.526398 204.195511
699.821289 493.170624
383.114471 424.350861
-1.000000 -1.000000
-1.000000 -1.000000
367.963348 282.163086
514.469971 199.631699
-1.000000 -1.000000
276.012756 118.215508
604.372375 456.376038
-1.000000 -1.000000
837.800598 394.555908
-1.000000 -1.000000
430.585052 262.519562
-1.000000 -1.000000
508.924408 102.704033
399.546234 176.645081
679.817383 236.028809
214.014023 300.942169
-1.000000 -1.000000
-1.000000 -1.000000
-1.000000 -1.000000
-1.000000 -1.000000
875.220398 370.963013
916.824951 273.569000
642.474243 126.426353
621.386230 457.159119
530.991821 193.683075
-1.000000 -1.000000
-1.000000 -1.000000
334.881836 264.862762
390.270233 155.480087
678.763062 493.513794
-1.000000 -1.000000
-1.000000 -1.000000
-1.000000 -1.000000
792.718384 418.693359
-1.000000 -1.000000
-1.000000 -1.000000
-1.000000 -1.000000
-1.000000 -1.000000
513.685120 184.521072
-1.000000 -1.000000
303.643372 140.964127
361.427948 262.281952
451.398102 478.552338
657.196228 149.204025
725.977478 483.524780
-1.000000 -1.000000
-1.000000 -1.000000
-1.000000 -1.000000
401.559814 191.876282
-1.000000 -1.000000
717.528320 513.850891
-1.000000 -1.000000
-1.000000 -1.000000
428.162994 158.097519
443.061066 227.874756
-1.000000 -1.000000
858.513000 370.926605
-1.000000 -1.000000
763.217712 491.380615
656.468811 166.365143
-1.000000 -1.000000
-1.000000 -1.000000
623.783203 94.261864
-1.000000 -1.000000
766.992859 196.537170
513.066101 424.703674
369.190979 297.198975
-1.000000 -1.000000
-1.000000 -1.000000
808.223206 407.537170
901.217163 266.513611
-1.000000 -1.000000
513.726746 169.315948
-1.000000 -1.000000
-1.000000 -1.000000
413.440796 223.198578
444.098480 244.103851
-1.000000 -1.000000
566.142273 579.796082
-1.000000 -1.000000
-1.000000 -1.000000
443.826355 156.740387
-1.000000 -1.000000
-1.000000 -1.000000
-1.000000 -1.000000
903.911621 377.298828
-1.000000 -1.000000
-1.000000 -1.000000
-1.000000 -1.000000
-1.000000 -1.000000
920.792358 254.701309
-1.000000 -1.000000
-1.000000 -1.000000
-1.000000 -1.000000
929.528625 239.937347
256.081238 338.458344
452.094147 121.373993
-1.000000 -1.000000
335.636993 279.509583
-1.000000 -1.000000
389.722198 438.935577
731.567261 498.403748
494.360962 105.886658
665.025696 235.348831
-1.000000 -1.000000
-1.000000 -1.000000
-1.000000 -1.000000
-1.000000 -1.000000
-1.000000 -1.000000
447.527130 103.085106
-1.000000 -1.000000
467.280121 148.537170
283.196777 40.726578
529.129578 178.250931
350.710907 277.263611
-1.000000 -1.000000
-1.000000 -1.000000
-1.000000 -1.000000
611.037720 76.636452
807.783203 422.733063
727.649597 441.121185
566.980347 111.188095
781.947510 470.268158
-1.000000 -1.000000
525.891846 111.568275
-1.000000 -1.000000
552.396545 113.074837
641.405945 536.612427
-1.000000 -1.000000
-1.000000 -1.000000
577.001587 549.547485
436.921539 119.297150
-1.000000 -1.000000
-1.000000 -1.000000
857.844788 401.258942
342.716125 219.661652
822.980103 398.411591
-1.000000 -1.000000
341.742615 150.870499
421.353668 188.694122
-1.000000 -1.000000
582.296204 152.310425
-1.000000 -1.000000
-1.000000 -1.000000
-1.000000 -1.000000
994.891663 230.378601
-1.000000 -1.000000
444.658203 141.431549
-1.000000 -1.000000
-1.000000 -1.000000
566.762878 564.726135
382.253479 121.303909
-1.000000 -1.000000
-1.000000 -1.000000
311.772461 203.314789
-1.000000 -1.000000
-1.000000 -1.000000
365.340149 246.982101
775.148621 440.070984
-1.000000 -1.000000
-1.000000 -1.000000
938.438110 274.552307
399.163605 233.654922
-1.000000 -1.000000
-1.000000 -1.000000
201.661362 98.935371
-1.000000 -1.000000
589.493347 453.223724
436.238220 192.489029
390.285675 288.439117
581.261169 580.733582
-1.000000 -1.000000
429.273376 210.785080
347.419464 131.787781
445.395142 287.602356
486.227692 148.709915
-1.000000 -1.000000
-1.000000 -1.000000
476.319458 100.836807
679.494934 530.421936
-1.000000 -1.000000
575.951172 71.730721
-1.000000 -1.000000
-1.000000 -1.000000
-1.000000 -1.000000
339.881714 246.394028
-1.000000 -1.000000
746.304260 496.387726
-1.000000 -1.000000
-1.000000 -1.000000
901.231873 281.383606
344.631714 114.937828
543.841248 171.196579
908.360962 326.778534
458.003540 228.864700
545.997253 206.041718
918.514587 293.342072
682.629883 571.449158
-1.000000 -1.000000
545.859802 190.471695
445.355011 259.342926
-1.000000 -1.000000
-1.000000 -1.000000
498.289673 358.571869
677.873901 478.483093
655.571899 181.370499
288.398743 142.046631
528.078979 126.803322
-1.000000 -1.000000
-1.000000 -1.000000
642.322449 145.338898
601.288025 441.708832
428.374603 173.523376
875.545898 386.219360
-1.000000 -1.000000
585.241089 426.831757
732.009399 513.546204
951.627075 229.031784
-1.000000 -1.000000
367.054810 119.102791
-1.000000 -1.000000
600.764832 427.316315
763.742920 447.470001
789.981873 433.481781
498.854584 171.450943
640.561768 219.933487
-1.000000 -1.000000
672.352539 445.256866
-1.000000 -1.000000
-1.000000 -1.000000
558.040466 130.075470
-1.000000 -1.000000
-1.000000 -1.000000
-1.000000 -1.000000
937.167175 259.538513
-1.000000 -1.000000
-1.000000 -1.000000
-1.000000 -1.000000
772.771729 424.788879
-1.000000 -1.000000
-1.000000 -1.000000
-1.000000 -1.000000
-1.000000 -1.000000
-1.000000 -1.000000
238.117569 136.395844
714.692810 468.718994
-1.000000 -1.000000
-1.000000 -1.000000
-1.000000 -1.000000
-1.000000 -1.000000
-1.000000 -1.000000
675.354553 250.933182
-1.000000 -1.000000
-1.000000 -1.000000
-1.000000 -1.000000
768.937439 419.068665
409.934662 140.736038
-1.000000 -1.000000
-1.000000 -1.000000
-1.000000 -1.000000
564.557007 145.217896
-1.000000 -1.000000
656.435608 446.102539
459.166046 244.182587
674.570068 517.239258
-1.000000 -1.000000
481.774963 131.289932
823.016113 417.656250
641.717041 166.864151
296.089508 200.151779
-1.000000 -1.000000
-1.000000 -1.000000
443.977051 212.603516
616.786926 525.626343
766.991150 211.469345
698.073303 476.097382
-1.000000 -1.000000
-1.000000 -1.000000
840.600037 409.559875
392.547577 251.021027
553.676147 74.210724
656.739807 117.972145
384.790375 136.875214
410.253784 113.763283
-1.000000 -1.000000
-1.000000 -1.000000
-1.000000 -1.000000
-1.000000 -1.000000
-1.000000 -1.000000
490.862518 75.176819
-1.000000 -1.000000
571.039734 184.199554
-1.000000 -1.000000
-1.000000 -1.000000
581.533936 91.450157
-1.000000 -1.000000
-1.000000 -1.000000
245.007034 322.748566
-1.000000 -1.000000
-1.000000 -1.000000
782.486755 212.360336
585.414795 181.331650
-1.000000 -1.000000
-1.000000 -1.000000
-1.000000 -1.000000
-1.000000 -1.000000
-1.000000 -1.000000
918.327881 376.916443
757.555969 446.263550
-1.000000 -1.000000
888.311462 346.498474
-1.000000 -1.000000
430.006775 138.375000
678.526733 166.621292
243.023529 59.530327
558.247131 168.736267
-1.000000 -1.000000
382.693909 273.437531
-1.000000 -1.000000
473.627716 116.318985
-1.000000 -1.000000
-1.000000 -1.000000
729.392883 466.674011
-1.000000 -1.000000
761.917786 436.865601
-1.000000 -1.000000
-1.000000 -1.000000
-1.000000 -1.000000
-1.000000 -1.000000
-1.000000 -1.000000
673.172913 463.405304
-1.000000 -1.000000
248.151016 95.739845
-1.000000 -1.000000
654.185730 520.369080
-1.000000 -1.000000
-1.000000 -1.000000
-1.000000 -1.000000
-1.000000 -1.000000
-1.000000 -1.000000
-1.000000 -1.000000
-1.000000 -1.000000
555.197693 404.637695
-1.000000 -1.000000
668.292114 573.615784
581.941956 565.614929
-1.000000 -1.000000
541.363220 97.455475
670.223145 457.470428
921.373230 362.020752
-1.000000 -1.000000
451.470947 274.679047
-1.000000 -1.000000
-1.000000 -1.000000
-1.000000 -1.000000
-1.000000 -1.000000
508.312927 73.973846
467.023865 133.156204
-1.000000 -1.000000
-1.000000 -1.000000
-1.000000 -1.000000
-1.000000 -1.000000
-1.000000 -1.000000
-1.000000 -1.000000
-1.000000 -1.000000
-1.000000 -1.000000
742.843262 447.242523
-1.000000 -1.000000
-1.000000 -1.000000
590.370789 74.026039
-1.000000 -1.000000
777.560120 485.267426
-1.000000 -1.000000
-1.000000 -1.000000
473.327759 340.141632
-1.000000 -1.000000
-1.000000 -1.000000
940.264160 289.587250
526.550049 96.082794
475.905518 76.450211
-1.000000 -1.000000
-1.000000 -1.000000
-1.000000 -1.000000
-1.000000 -1.000000
-1.000000 -1.000000
-1.000000 -1.000000
543.783081 128.160538
652.024963 423.657532
374.027527 123.229454
-1.000000 -1.000000
-1.000000 -1.000000
609.165283 92.128960
-1.000000 -1.000000
-1.000000 -1.000000
-1.000000 -1.000000
-1.000000 -1.000000
508.968262 548.871887
-1.000000 -1.000000
671.728210 266.234558
902.984924 296.227234
584.262085 412.538330
472.892731 229.060013
-1.000000 -1.000000
581.717896 107.180641
-1.000000 -1.000000
-1.000000 -1.000000
713.726685 453.752258
222.974182 135.448868
-1.000000 -1.000000
366.129425 433.192230
-1.000000 -1.000000
-1.000000 -1.000000
744.843140 466.471375
861.368713 416.201477
746.515198 511.126434
692.245361 461.295288
390.421509 326.104126
561.321472 58.792408
-1.000000 -1.000000
-1.000000 -1.000000
765.767944 506.419952
-1.000000 -1.000000
686.357971 198.312347
367.565796 134.799454
-1.000000 -1.000000
-1.000000 -1.000000
-1.000000 -1.000000
-1.000000 -1.000000
878.005493 401.134796
-1.000000 -1.000000
274.787506 102.434372
-1.000000 -1.000000
-1.000000 -1.000000
-1.000000 -1.000000
-1.000000 -1.000000
671.810059 120.530136
484.164490 168.822754
627.764099 124.107491
918.269836 346.748871
-1.000000 -1.000000
696.140930 560.075073
-1.000000 -1.000000
-1.000000 -1.000000
-1.000000 -1.000000
-1.000000 -1.000000
600.342285 179.627716
640.858398 181.921127
-1.000000 -1.000000
-1.000000 -1.000000
828.466431 365.207153
-1.000000 -1.000000
-1.000000 -1.000000
676.861450 545.811218
-1.000000 -1.000000
-1.000000 -1.000000
556.244995 95.504707
-1.000000 -1.000000
-1.000000 -1.000000
794.233093 454.533051
-1.000000 -1.000000
649.937744 236.068573
-1.000000 -1.000000
655.718445 533.854980
-1.000000 -1.000000
234.034439 127.131531
-1.000000 -1.000000
-1.000000 -1.000000
600.296387 413.127747
477.455902 269.779205
-1.000000 -1.000000
-1.000000 -1.000000
-1.000000 -1.000000
-1.000000 -1.000000
536.682861 68.859016
891.618896 392.413116
867.438782 355.894318
838.112305 424.535767
-1.000000 -1.000000
413.515778 206.892593
-1.000000 -1.000000
-1.000000 -1.000000
240.126968 337.215729
568.439636 322.146729
-1.000000 -1.000000
-1.000000 -1.000000
-1.000000 -1.000000
-1.000000 -1.000000
-1.000000 -1.000000
-1.000000 -1.000000
601.497559 546.029358
-1.000000 -1.000000
-1.000000 -1.000000
-1.000000 -1.000000
-1.000000 -1.000000
648.928528 378.868042
-1.000000 -1.000000
-1.000000 -1.000000
-1.000000 -1.000000
-1.000000 -1.000000
-1.000000 -1.000000
-1.000000 -1.000000
575.191772 56.354401
-1.000000 -1.000000
378.800598 206.964096
671.187134 588.653198
-1.000000 -1.000000
474.333649 244.262650
681.637573 181.544189
-1.000000 -1.000000
488.011353 343.099457
560.666870 210.018433
301.100098 211.197113
563.084900 425.339600
804.713501 437.407074
-1.000000 -1.000000
-1.000000 -1.000000
585.852905 196.603622
-1.000000 -1.000000
-1.000000 -1.000000
-1.000000 -1.000000
-1.000000 -1.000000
-1.000000 -1.000000
491.138519 90.598175
660.381714 250.142197
-1.000000 -1.000000
951.748108 259.439362
-1.000000 -1.000000
-1.000000 -1.000000
445.433990 339.270020
-1.000000 -1.000000
627.700684 147.132416
-1.000000 -1.000000
-1.000000 -1.000000
445.439056 365.505859
365.767700 459.616791
-1.000000 -1.000000
626.894226 166.409729
747.852356 363.905640
-1.000000 -1.000000
631.581543 40.071606
-1.000000 -1.000000
-1.000000 -1.000000
-1.000000 -1.000000
808.507996 392.648407
-1.000000 -1.000000
-1.000000 -1.000000
-1.000000 -1.000000
637.932129 93.825722
-1.000000 -1.000000
201.028946 194.604996
-1.000000 -1.000000
-1.000000 -1.000000
593.741760 311.869995
-1.000000 -1.000000
581.554810 397.574493
269.054443 45.137695
828.027893 285.617249
-1.000000 -1.000000
-1.000000 -1.000000
-1.000000 -1.000000
-1.000000 -1.000000
271.791351 87.569359
-1.000000 -1.000000
-1.000000 -1.000000
763.815796 379.197968
438.616882 40.644562
-1.000000 -1.000000
-1.000000 -1.000000
-1.000000 -1.000000
-1.000000 -1.000000
771.593628 354.644440
-1.000000 -1.000000
553.542725 327.826233
-1.000000 -1.000000
559.801819 410.518677
-1.000000 -1.000000
-1.000000 -1.000000
-1.000000 -1.000000
685.622131 596.140686
-1.000000 -1.000000
-1.000000 -1.000000
-1.000000 -1.000000
-1.000000 -1.000000
605.267578 194.686111
210.022232 235.239380
-1.000000 -1.000000
-1.000000 -1.000000
-1.000000 -1.000000
-1.000000 -1.000000
-1.000000 -1.000000
589.975586 58.514492
491.690063 266.706848
800.282959 226.153610
-1.000000 -1.000000
-1.000000 -1.000000
-1.000000 -1.000000
-1.000000 -1.000000
904.494629 312.023560
710.113770 543.160889
386.570435 465.044312
-1.000000 -1.000000
428.793304 313.419739
-1.000000 -1.000000
-1.000000 -1.000000
907.394592 392.747772
-1.000000 -1.000000
-1.000000 -1.000000
426.235474 619.535950
-1.000000 -1.000000
-1.000000 -1.000000
-1.000000 -1.000000
275.235229 161.523697
346.613922 67.071175
-1.000000 -1.000000
-1.000000 -1.000000
-1.000000 -1.000000
-1.000000 -1.000000
410.259338 49.927860
588.049011 216.923096
-1.000000 -1.000000
-1.000000 -1.000000
-1.000000 -1.000000
-1.000000 -1.000000
460.442474 259.577087
-1.000000 -1.000000
-1.000000 -1.000000
-1.000000 -1.000000
-1.000000 -1.000000
-1.000000 -1.000000
671.697754 349.064270
-1.000000 -1.000000
-1.000000 -1.000000
-1.000000 -1.000000
953.099487 274.431763
-1.000000 -1.000000
344.058838 406.035858
641.470886 111.255638
208.971863 40.005630
-1.000000 -1.000000
851.844299 192.974747
-1.000000 -1.000000
316.494812 256.335663
-1.000000 -1.000000
-1.000000 -1.000000
226.599579 316.386292
506.384277 263.406616
-1.000000 -1.000000
848.232605 355.888275
-1.000000 -1.000000
796.512573 470.036865
-1.000000 -1.000000
-1.000000 -1.000000
-1.000000 -1.000000
822.558411 380.648224
611.726013 164.498413
-1.000000 -1.000000
458.602722 164.132812
639.831482 78.548294
570.393311 307.087708
-1.000000 -1.000000
391.244415 52.428303
508.121246 245.997879
-1.000000 -1.000000
384.179169 235.762009
328.062225 81.892021
-1.000000 -1.000000
-1.000000 -1.000000
-1.000000 -1.000000
656.594055 265.129456
-1.000000 -1.000000
844.368103 371.355988
-1.000000 -1.000000
670.877380 206.552078
-1.000000 -1.000000
625.930603 224.640335
468.339111 294.770813
-1.000000 -1.000000
-1.000000 -1.000000
-1.000000 -1.000000
-1.000000 -1.000000
193.022537 40.018745
-1.000000 -1.000000
-1.000000 -1.000000
-1.000000 -1.000000
-1.000000 -1.000000
-1.000000 -1.000000
-1.000000 -1.000000
-1.000000 -1.000000
567.282227 600.928589
-1.000000 -1.000000
374.698242 573.939270
324.688934 63.060013
581.623596 122.253433
-1.000000 -1.000000
351.827271 48.883312
-1.000000 -1.000000
875.789307 416.272705
656.703613 589.244690
822.674927 432.437927
427.971985 635.420898
885.878845 282.350433
491.732880 251.343201
178.239670 245.239120
-1.000000 -1.000000
617.142883 41.414185
596.131714 582.497314
624.987061 61.608479
786.271484 500.608246
577.641785 40.144745
613.890625 120.632858
595.571716 296.819885
-1.000000 -1.000000
-1.000000 -1.000000
-1.000000 -1.000000
888.551941 317.566437
502.948822 343.814575
-1.000000 -1.000000
776.909607 369.468109
791.764771 485.313202
508.030365 294.641937
-1.000000 -1.000000
-1.000000 -1.000000
-1.000000 -1.000000
-1.000000 -1.000000
-1.000000 -1.000000
-1.000000 -1.000000
-1.000000 -1.000000
-1.000000 -1.000000
-1.000000 -1.000000
-1.000000 -1.000000
-1.000000 -1.000000
633.592041 553.603577
-1.000000 -1.000000
296.959747 83.920448
-1.000000 -1.000000
808.460388 454.611786
846.095825 336.259521
-1.000000 -1.000000
604.855835 61.204243
-1.000000 -1.000000
-1.000000 -1.000000
221.705048 333.033722
-1.000000 -1.000000
-1.000000 -1.000000
-1.000000 -1.000000
-1.000000 -1.000000
663.715332 547.174561
-1.000000 -1.000000
-1.000000 -1.000000
-1.000000 -1.000000
-1.000000 -1.000000
-1.000000 -1.000000
-1.000000 -1.000000
-1.000000 -1.000000
-1.000000 -1.000000
-1.000000 -1.000000
450.608429 325.277710
299.484467 221.776337
690.680359 251.211380
870.816467 338.348267
-1.000000 -1.000000
574.718933 233.430176
-1.000000 -1.000000
-1.000000 -1.000000
312.980438 78.779884
-1.000000 -1.000000
-1.000000 -1.000000
617.444275 541.546875
-1.000000 -1.000000
-1.000000 -1.000000
-1.000000 -1.000000
-1.000000 -1.000000
-1.000000 -1.000000
-1.000000 -1.000000
-1.000000 -1.000000
935.837463 224.058380
-1.000000 -1.000000
-1.000000 -1.000000
160.983185 246.130646
-1.000000 -1.000000
493.624664 297.021484
-1.000000 -1.000000
-1.000000 -1.000000
521.163818 263.364624
-1.000000 -1.000000
-1.000000 -1.000000
602.601929 213.831360
875.430603 192.331161
-1.000000 -1.000000
-1.000000 -1.000000
-1.000000 -1.000000
-1.000000 -1.000000
-1.000000 -1.000000
523.590576 342.112152
-1.000000 -1.000000
-1.000000 -1.000000
852.168457 431.532471
627.531433 108.959961
224.815964 40.147655
-1.000000 -1.000000
-1.000000 -1.000000
-1.000000 -1.000000
-1.000000 -1.000000
626.202087 181.327240
-1.000000 -1.000000
-1.000000 -1.000000
700.574890 575.455322
-1.000000 -1.000000
718.095886 163.997192
-1.000000 -1.000000
641.848389 275.455902
873.350342 318.387421
-1.000000 -1.000000
