40.015182 40.014721
-1.000000 -1.000000
-1.000000 -1.000000
-1.000000 -1.000000
1238.917725 40.080109
-1.000000 -1.000000
-1.000000 -1.000000
-1.000000 -1.000000
-1.000000 -1.000000
-1.000000 -1.000000
-1.000000 -1.000000
212.509674 135.834732
219.665817 151.469482
197.550690 135.653946
-1.000000 -1.000000
204.499054 151.119354
189.577087 151.012314
-1.000000 -1.000000
182.917801 130.185425
207.675293 166.375671
-1.000000 -1.000000
-1.000000 -1.000000
219.362610 100.858307
-1.000000 -1.000000
-1.000000 -1.000000
-1.000000 -1.000000
192.592728 166.373184
-1.000000 -1.000000
204.099457 101.822472
-1.000000 -1.000000
161.121689 270.985107
-1.000000 -1.000000
-1.000000 -1.000000
216.441620 85.423615
228.195038 214.311508
-1.000000 -1.000000
598.718750 492.833740
950.440613 233.856384
145.191345 271.862061
212.651917 211.438461
481.584167 474.071991
201.214767 86.883675
-1.000000 -1.000000
615.569702 474.392059
464.623047 361.342407
582.312256 512.733704
-1.000000 -1.000000
645.937317 478.590485
964.685120 233.895798
572.410034 528.066772
-1.000000 -1.000000
460.802063 346.068573
648.819580 496.964874
-1.000000 -1.000000
479.086517 362.565521
188.835526 62.098106
465.602875 471.138855
596.754028 508.334503
-1.000000 -1.000000
-1.000000 -1.000000
129.422089 268.619995
-1.000000 -1.000000
-1.000000 -1.000000
-1.000000 -1.000000
880.670593 351.415100
-1.000000 -1.000000
160.626038 254.965561
-1.000000 -1.000000
451.220734 365.370544
-1.000000 -1.000000
644.342957 122.560112
-1.000000 -1.000000
-1.000000 -1.000000
613.508911 488.804382
-1.000000 -1.000000
629.803406 483.096710
612.895996 68.801598
-1.000000 -1.000000
510.927277 498.196899
754.652893 452.177429
-1.000000 -1.000000
144.900024 255.708344
-1.000000 -1.000000
-1.000000 -1.000000
-1.000000 -1.000000
-1.000000 -1.000000
541.313171 500.065430
497.244843 474.032837
586.861389 528.014526
364.123932 152.314957
894.935974 351.349670
659.459961 480.079010
-1.000000 -1.000000
-1.000000 -1.000000
953.244568 218.063446
697.304749 499.630127
936.666504 233.578049
667.018066 211.696472
-1.000000 -1.000000
541.626404 523.281860
480.802582 458.866638
196.675186 211.541977
450.627228 331.292664
-1.000000 -1.000000
281.312378 343.832306
476.586060 348.075928
418.567505 238.901123
-1.000000 -1.000000
967.814087 218.235977
-1.000000 -1.000000
753.076721 467.100403
235.331299 197.457047
893.696106 240.545059
474.641724 443.843048
662.130676 498.203827
-1.000000 -1.000000
-1.000000 -1.000000
659.374939 125.142578
-1.000000 -1.000000
-1.000000 -1.000000
-1.000000 -1.000000
-1.000000 -1.000000
447.124054 348.942261
636.555786 498.978912
847.152710 375.796997
-1.000000 -1.000000
488.515137 407.575958
392.744110 359.211548
417.562042 217.565628
40.578171 241.770020
-1.000000 -1.000000
-1.000000 -1.000000
-1.000000 -1.000000
-1.000000 -1.000000
-1.000000 -1.000000
-1.000000 -1.000000
-1.000000 -1.000000
-1.000000 -1.000000
361.283752 397.544922
-1.000000 -1.000000
626.891174 467.573547
-1.000000 -1.000000
-1.000000 -1.000000
-1.000000 -1.000000
-1.000000 -1.000000
-1.000000 -1.000000
734.534485 472.248505
129.364120 252.483261
642.325439 211.327667
471.008728 489.256134
525.872009 521.714722
-1.000000 -1.000000
-1.000000 -1.000000
683.009155 507.616150
-1.000000 -1.000000
-1.000000 -1.000000
772.101379 445.507080
-1.000000 -1.000000
-1.000000 -1.000000
978.575012 234.702698
-1.000000 -1.000000
-1.000000 -1.000000
601.423523 523.278076
711.471985 490.008850
-1.000000 -1.000000
398.217682 243.483963
315.933258 203.835358
212.083618 227.161774
-1.000000 -1.000000
-1.000000 -1.000000
878.765991 366.878571
902.135071 226.056763
442.400848 457.596252
-1.000000 -1.000000
-1.000000 -1.000000
620.283936 504.025238
396.609436 146.570694
891.493042 335.904358
-1.000000 -1.000000
294.898804 157.906967
-1.000000 -1.000000
-1.000000 -1.000000
203.314529 46.219219
-1.000000 -1.000000
331.519531 195.593536
694.504211 484.540802
378.065277 418.780060
-1.000000 -1.000000
-1.000000 -1.000000
357.522491 274.455597
502.881775 190.342010
-1.000000 -1.000000
263.127228 108.207497
600.490051 448.408997
-1.000000 -1.000000
828.263184 384.549683
-1.000000 -1.000000
419.881073 254.266708
-1.000000 -1.000000
496.948761 92.154984
388.309082 167.348740
666.769531 226.220978
202.349457 294.667572
-1.000000 -1.000000
-1.000000 -1.000000
-1.000000 -1.000000
-1.000000 -1.000000
865.049500 360.667419
905.497620 262.264008
629.163025 115.956612
616.562500 448.875061
519.175842 184.516052
-1.000000 -1.000000
-1.000000 -1.000000
324.091583 257.653900
378.683105 146.039459
673.479309 485.225098
-1.000000 -1.000000
-1.000000 -1.000000
-1.000000 -1.000000
784.420166 408.899475
-1.000000 -1.000000
-1.000000 -1.000000
-1.000000 -1.000000
-1.000000 -1.000000
502.046478 175.244247
-1.000000 -1.000000
291.557617 131.609390
350.873657 254.697556
448.618927 472.384705
643.885620 138.649872
720.113586 474.269165
-1.000000 -1.000000
-1.000000 -1.000000
-1.000000 -1.000000
390.698853 182.719879
-1.000000 -1.000000
712.340698 505.008484
-1.000000 -1.000000
-1.000000 -1.000000
416.644653 148.292236
432.359680 219.481567
-1.000000 -1.000000
848.338196 360.789795
-1.000000 -1.000000
756.693665 482.191620
643.236694 155.855637
-1.000000 -1.000000
-1.000000 -1.000000
610.321350 84.005745
-1.000000 -1.000000
754.686829 186.050186
509.375183 417.974915
359.205109 289.714996
-1.000000 -1.000000
-1.000000 -1.000000
799.495728 397.698914
889.954346 255.409744
-1.000000 -1.000000
502.046967 159.991821
-1.000000 -1.000000
-1.000000 -1.000000
402.813141 214.720963
433.466034 235.763062
-1.000000 -1.000000
566.087952 573.148193
-1.000000 -1.000000
-1.000000 -1.000000
432.463135 146.880981
-1.000000 -1.000000
-1.000000 -1.000000
-1.000000 -1.000000
892.583984 366.901031
-1.000000 -1.000000
-1.000000 -1.000000
-1.000000 -1.000000
-1.000000 -1.000000
909.253235 243.397385
-1.000000 -1.000000
-1.000000 -1.000000
-1.000000 -1.000000
917.452576 228.947845
246.128845 332.638184
440.059845 111.140747
-1.000000 -1.000000
325.134857 272.274475
-1.000000 -1.000000
384.865723 433.279358
725.964905 489.243286
482.241943 95.471581
652.018921 225.885742
-1.000000 -1.000000
-1.000000 -1.000000
-1.000000 -1.000000
-1.000000 -1.000000
-1.000000 -1.000000
435.157349 92.569984
-1.000000 -1.000000
455.699921 138.285645
-1.000000 -1.000000
517.264099 169.087341
340.190033 269.798065
-1.000000 -1.000000
-1.000000 -1.000000
-1.000000 -1.000000
597.902344 66.371628
799.253540 412.961365
720.845276 432.302734
554.397095 100.488533
774.417725 461.013885
-1.000000 -1.000000
513.807800 101.043755
-1.000000 -1.000000
540.145264 102.338432
639.289246 529.764954
-1.000000 -1.000000
-1.000000 -1.000000
577.054565 542.750488
425.021515 109.056313
-1.000000 -1.000000
-1.000000 -1.000000
848.015625 391.094208
331.954132 211.695175
813.822632 388.404938
-1.000000 -1.000000
330.504822 142.121094
410.377319 179.457458
-1.000000 -1.000000
569.901184 142.114426
-1.000000 -1.000000
-1.000000 -1.000000
-1.000000 -1.000000
981.511230 219.667908
-1.000000 -1.000000
433.018677 131.350525
-1.000000 -1.000000
-1.000000 -1.000000
566.822876 558.064941
370.319031 111.344559
-1.000000 -1.000000
-1.000000 -1.000000
300.112579 194.841980
-1.000000 -1.000000
-1.000000 -1.000000
354.746002 239.178131
767.406860 430.601166
-1.000000 -1.000000
-1.000000 -1.000000
926.746277 263.214020
388.359985 225.387283
-1.000000 -1.000000
-1.000000 -1.000000
186.328247 88.878387
-1.000000 -1.000000
585.815918 445.488159
425.368439 183.533936
379.974274 280.796692
581.053101 574.116455
-1.000000 -1.000000
418.549622 202.380188
335.477081 122.302505
434.995148 279.770111
474.619232 138.676926
-1.000000 -1.000000
-1.000000 -1.000000
464.087982 90.304398
675.075073 522.160767
-1.000000 -1.000000
562.785217 60.687107
-1.000000 -1.000000
-1.000000 -1.000000
-1.000000 -1.000000
329.071808 238.789413
-1.000000 -1.000000
740.336609 487.307800
-1.000000 -1.000000
-1.000000 -1.000000
889.885254 270.369110
332.232849 105.128334
532.001465 161.740829
896.141663 315.938477
447.186493 220.503998
534.297180 196.845749
906.937561 282.117798
678.596497 563.077942
-1.000000 -1.000000
533.996582 181.107941
434.697113 251.135681
-1.000000 -1.000000
-1.000000 -1.000000
489.549164 350.687988
672.342102 470.206848
642.524231 171.072479
276.158142 132.882904
515.951111 116.288063
-1.000000 -1.000000
-1.000000 -1.000000
629.175049 135.147446
595.980774 433.742859
417.008362 164.099396
865.496277 375.901123
-1.000000 -1.000000
579.001465 419.003845
726.542725 504.591583
938.956726 218.082291
-1.000000 -1.000000
354.833466 109.296707
-1.000000 -1.000000
594.372314 419.353882
756.365295 438.239990
781.791565 423.684418
487.313721 162.061707
627.513550 210.662918
-1.000000 -1.000000
665.904602 437.041138
-1.000000 -1.000000
-1.000000 -1.000000
545.940918 119.681686
-1.000000 -1.000000
-1.000000 -1.000000
-1.000000 -1.000000
925.524231 248.215149
-1.000000 -1.000000
-1.000000 -1.000000
-1.000000 -1.000000
764.870117 415.339600
-1.000000 -1.000000
-1.000000 -1.000000
-1.000000 -1.000000
-1.000000 -1.000000
-1.000000 -1.000000
223.182404 124.177780
708.589233 459.954865
-1.000000 -1.000000
-1.000000 -1.000000
-1.000000 -1.000000
-1.000000 -1.000000
-1.000000 -1.000000
662.862305 241.159210
-1.000000 -1.000000
-1.000000 -1.000000
-1.000000 -1.000000
761.166382 409.785065
398.218536 131.030487
-1.000000 -1.000000
-1.000000 -1.000000
-1.000000 -1.000000
552.354919 134.968475
-1.000000 -1.000000
650.111511 437.846832
448.414978 235.888992
670.613770 509.583435
-1.000000 -1.000000
470.119812 120.955231
814.183838 407.852448
628.678345 156.807373
284.251495 191.861679
-1.000000 -1.000000
-1.000000 -1.000000
433.239227 204.306610
615.817932 518.515564
754.891968 201.044434
692.284241 467.388458
-1.000000 -1.000000
-1.000000 -1.000000
831.316162 399.633087
381.888672 242.992645
540.842957 63.400745
643.427551 107.394310
373.053314 127.105072
398.421875 103.604034
-1.000000 -1.000000
-1.000000 -1.000000
-1.000000 -1.000000
-1.000000 -1.000000
-1.000000 -1.000000
478.100067 64.045822
-1.000000 -1.000000
558.871704 174.719208
-1.000000 -1.000000
-1.000000 -1.000000
568.632874 80.451042
-1.000000 -1.000000
-1.000000 -1.000000
234.334717 316.235229
-1.000000 -1.000000
-1.000000 -1.000000
770.512024 201.822235
573.198853 171.655914
-1.000000 -1.000000
-1.000000 -1.000000
-1.000000 -1.000000
-1.000000 -1.000000
-1.000000 -1.000000
906.518860 366.063690
750.245239 437.191772
-1.000000 -1.000000
876.772461 335.886749
-1.000000 -1.000000
418.246063 128.436722
665.137695 155.850937
219.084290 51.842651
545.943176 158.941315
-1.000000 -1.000000
372.152496 265.755249
-1.000000 -1.000000
461.664429 105.927422
-1.000000 -1.000000
-1.000000 -1.000000
722.972168 457.637665
-1.000000 -1.000000
754.562195 427.825348
-1.000000 -1.000000
-1.000000 -1.000000
-1.000000 -1.000000
-1.000000 -1.000000
-1.000000 -1.000000
667.124573 455.033264
-1.000000 -1.000000
234.032898 84.887337
-1.000000 -1.000000
651.542908 513.836060
-1.000000 -1.000000
-1.000000 -1.000000
-1.000000 -1.000000
-1.000000 -1.000000
-1.000000 -1.000000
-1.000000 -1.000000
-1.000000 -1.000000
548.471436 397.168274
-1.000000 -1.000000
664.732422 565.266357
581.825439 558.955200
-1.000000 -1.000000
529.165039 86.866547
664.185181 449.306274
909.547363 351.074005
-1.000000 -1.000000
440.985626 266.691345
-1.000000 -1.000000
-1.000000 -1.000000
-1.000000 -1.000000
-1.000000 -1.000000
495.775299 62.856316
455.379578 122.903542
-1.000000 -1.000000
-1.000000 -1.000000
-1.000000 -1.000000
-1.000000 -1.000000
-1.000000 -1.000000
-1.000000 -1.000000
-1.000000 -1.000000
-1.000000 -1.000000
735.807007 438.234009
-1.000000 -1.000000
-1.000000 -1.000000
577.144653 63.061958
-1.000000 -1.000000
770.518799 476.081726
-1.000000 -1.000000
-1.000000 -1.000000
464.184296 332.543213
-1.000000 -1.000000
-1.000000 -1.000000
928.528687 278.308868
514.490295 85.676613
463.019287 65.271126
-1.000000 -1.000000
-1.000000 -1.000000
-1.000000 -1.000000
-1.000000 -1.000000
-1.000000 -1.000000
-1.000000 -1.000000
531.604736 117.596413
645.038818 415.572876
361.897888 113.337059
-1.000000 -1.000000
-1.000000 -1.000000
595.786377 81.946709
-1.000000 -1.000000
-1.000000 -1.000000
-1.000000 -1.000000
-1.000000 -1.000000
508.097839 542.399109
-1.000000 -1.000000
659.852905 256.646912
891.254517 285.304504
577.108154 404.796631
461.989990 220.685913
-1.000000 -1.000000
568.817627 96.317780
-1.000000 -1.000000
-1.000000 -1.000000
707.403992 444.977142
207.984100 123.267540
-1.000000 -1.000000
360.831146 427.855988
-1.000000 -1.000000
-1.000000 -1.000000
738.018311 457.330597
851.672913 406.066864
740.609680 502.286041
686.102905 452.824585
381.473083 318.913025
548.009888 47.907879
-1.000000 -1.000000
-1.000000 -1.000000
759.565613 497.392090
-1.000000 -1.000000
672.997314 187.924561
355.713165 125.264389
-1.000000 -1.000000
-1.000000 -1.000000
-1.000000 -1.000000
-1.000000 -1.000000
868.031006 390.896240
-1.000000 -1.000000
261.372406 91.641579
-1.000000 -1.000000
-1.000000 -1.000000
-1.000000 -1.000000
-1.000000 -1.000000
658.343445 109.751694
472.757782 159.104813
614.480774 113.749611
906.329224 335.625793
-1.000000 -1.000000
691.403137 551.719666
-1.000000 -1.000000
-1.000000 -1.000000
-1.000000 -1.000000
-1.000000 -1.000000
587.966797 169.920807
627.988159 172.064163
-1.000000 -1.000000
-1.000000 -1.000000
818.128235 355.051849
-1.000000 -1.000000
-1.000000 -1.000000
673.146973 537.715820
-1.000000 -1.000000
-1.000000 -1.000000
543.625000 84.693062
-1.000000 -1.000000
-1.000000 -1.000000
786.405029 444.724152
-1.000000 -1.000000
636.915283 226.879028
-1.000000 -1.000000
653.088013 526.999878
-1.000000 -1.000000
219.251251 117.304298
-1.000000 -1.000000
-1.000000 -1.000000
593.467529 405.377045
466.835602 261.616119
-1.000000 -1.000000
-1.000000 -1.000000
-1.000000 -1.000000
-1.000000 -1.000000
524.097656 57.987652
880.841064 382.069305
856.685364 345.739014
829.023743 414.766541
-1.000000 -1.000000
402.820862 198.177948
-1.000000 -1.000000
-1.000000 -1.000000
229.804932 330.925873
558.387085 313.787018
-1.000000 -1.000000
-1.000000 -1.000000
-1.000000 -1.000000
-1.000000 -1.000000
-1.000000 -1.000000
-1.000000 -1.000000
601.361877 538.775879
-1.000000 -1.000000
-1.000000 -1.000000
-1.000000 -1.000000
-1.000000 -1.000000
640.917847 370.557831
-1.000000 -1.000000
-1.000000 -1.000000
-1.000000 -1.000000
-1.000000 -1.000000
-1.000000 -1.000000
-1.000000 -1.000000
561.784363 45.467701
-1.000000 -1.000000
368.100616 198.446030
667.546814 580.385010
-1.000000 -1.000000
463.566895 236.056595
668.300415 170.928253
-1.000000 -1.000000
478.591217 335.617523
548.899475 201.120300
289.219635 202.854523
557.034668 417.997894
796.297363 427.604523
-1.000000 -1.000000
-1.000000 -1.000000
573.638062 187.380524
-1.000000 -1.000000
-1.000000 -1.000000
-1.000000 -1.000000
-1.000000 -1.000000
-1.000000 -1.000000
478.736023 79.842110
647.803650 240.635345
-1.000000 -1.000000
939.831726 248.130508
-1.000000 -1.000000
-1.000000 -1.000000
436.506348 331.407837
-1.000000 -1.000000
614.621216 137.009491
-1.000000 -1.000000
-1.000000 -1.000000
437.859741 358.204132
360.219513 454.294586
-1.000000 -1.000000
613.960327 156.431335
738.537598 354.863739
-1.000000 -1.000000
-1.000000 -1.000000
-1.000000 -1.000000
-1.000000 -1.000000
-1.000000 -1.000000
799.493225 382.767639
-1.000000 -1.000000
-1.000000 -1.000000
-1.000000 -1.000000
624.093018 83.241241
-1.000000 -1.000000
185.488007 181.667343
-1.000000 -1.000000
-1.000000 -1.000000
583.246399 303.196106
-1.000000 -1.000000
573.795410 390.014648
244.845581 40.004868
816.340881 275.323456
-1.000000 -1.000000
-1.000000 -1.000000
-1.000000 -1.000000
-1.000000 -1.000000
258.234772 76.451874
-1.000000 -1.000000
-1.000000 -1.000000
755.206360 370.225830
-1.000000 -1.000000
-1.000000 -1.000000
-1.000000 -1.000000
-1.000000 -1.000000
-1.000000 -1.000000
761.996277 345.306793
-1.000000 -1.000000
543.403320 319.628143
-1.000000 -1.000000
552.907349 403.024170
-1.000000 -1.000000
-1.000000 -1.000000
-1.000000 -1.000000
681.725098 587.750793
-1.000000 -1.000000
-1.000000 -1.000000
-1.000000 -1.000000
-1.000000 -1.000000
592.880920 185.099503
194.405563 228.540436
-1.000000 -1.000000
-1.000000 -1.000000
-1.000000 -1.000000
-1.000000 -1.000000
-1.000000 -1.000000
576.653137 47.612358
480.950623 258.453064
788.549377 215.455292
-1.000000 -1.000000
-1.000000 -1.000000
-1.000000 -1.000000
-1.000000 -1.000000
892.554688 301.351318
705.012817 534.661865
381.659668 459.591095
-1.000000 -1.000000
418.934448 305.627472
-1.000000 -1.000000
-1.000000 -1.000000
895.865356 382.652893
-1.000000 -1.000000
-1.000000 -1.000000
420.471649 615.697693
-1.000000 -1.000000
-1.000000 -1.000000
-1.000000 -1.000000
263.081390 152.596771
332.560028 55.420025
-1.000000 -1.000000
-1.000000 -1.000000
-1.000000 -1.000000
-1.000000 -1.000000
394.168762 40.343895
575.812439 207.851181
-1.000000 -1.000000
-1.000000 -1.000000
-1.000000 -1.000000
-1.000000 -1.000000
449.695404 251.431564
-1.000000 -1.000000
-1.000000 -1.000000
-1.000000 -1.000000
-1.000000 -1.000000
-1.000000 -1.000000
662.532410 340.549255
-1.000000 -1.000000
-1.000000 -1.000000
-1.000000 -1.000000
941.319824 263.053345
-1.000000 -1.000000
337.933228 400.392029
628.010132 100.794518
185.234238 40.487865
-1.000000 -1.000000
840.112122 182.341171
-1.000000 -1.000000
305.445190 249.367386
-1.000000 -1.000000
-1.000000 -1.000000
215.692291 310.215332
495.771118 255.065079
-1.000000 -1.000000
837.617188 345.861328
-1.000000 -1.000000
788.629944 460.822235
-1.000000 -1.000000
-1.000000 -1.000000
-1.000000 -1.000000
812.872314 370.558441
599.172180 154.311752
-1.000000 -1.000000
447.339111 154.265640
626.018127 67.914696
559.830139 298.553741
-1.000000 -1.000000
376.143616 40.918056
497.069489 237.422791
-1.000000 -1.000000
373.532013 227.802948
314.377289 70.539551
-1.000000 -1.000000
-1.000000 -1.000000
-1.000000 -1.000000
644.562500 255.588699
-1.000000 -1.000000
833.990845 361.161652
-1.000000 -1.000000
657.576843 196.489075
-1.000000 -1.000000
613.103943 215.495651
457.768524 286.815002
-1.000000 -1.000000
-1.000000 -1.000000
-1.000000 -1.000000
-1.000000 -1.000000
168.583633 40.446953
-1.000000 -1.000000
-1.000000 -1.000000
-1.000000 -1.000000
-1.000000 -1.000000
-1.000000 -1.000000
-1.000000 -1.000000
-1.000000 -1.000000
566.837463 594.782898
-1.000000 -1.000000
367.195648 570.094482
310.541962 51.453827
569.022583 111.886696
-1.000000 -1.000000
-1.000000 -1.000000
-1.000000 -1.000000
865.862610 406.133850
653.297058 581.193726
813.935608 422.676575
421.840698 632.126526
874.523926 271.490417
480.839630 243.009537
163.661728 238.532867
-1.000000 -1.000000
-1.000000 -1.000000
595.887146 575.917358
611.078613 49.632824
779.090332 491.770477
568.421814 40.173405
600.549316 110.644829
584.709045 288.072815
-1.000000 -1.000000
-1.000000 -1.000000
-1.000000 -1.000000
876.800232 307.199768
493.200562 336.158112
-1.000000 -1.000000
767.865906 360.126068
784.194824 476.384125
497.687866 286.380829
-1.000000 -1.000000
-1.000000 -1.000000
-1.000000 -1.000000
-1.000000 -1.000000
-1.000000 -1.000000
-1.000000 -1.000000
-1.000000 -1.000000
-1.000000 -1.000000
-1.000000 -1.000000
-1.000000 -1.000000
-1.000000 -1.000000
631.566833 547.207458
-1.000000 -1.000000
283.218201 72.537392
-1.000000 -1.000000
800.359558 444.831818
834.758667 326.171417
-1.000000 -1.000000
591.293518 49.964165
-1.000000 -1.000000
-1.000000 -1.000000
210.933044 327.076782
-1.000000 -1.000000
-1.000000 -1.000000
-1.000000 -1.000000
-1.000000 -1.000000
660.650452 539.622314
-1.000000 -1.000000
-1.000000 -1.000000
-1.000000 -1.000000
-1.000000 -1.000000
-1.000000 -1.000000
-1.000000 -1.000000
-1.000000 -1.000000
-1.000000 -1.000000
-1.000000 -1.000000
441.080292 317.556000
287.563751 213.686584
678.302429 241.275299
859.428650 328.027069
-1.000000 -1.000000
562.910095 224.223465
-1.000000 -1.000000
-1.000000 -1.000000
298.834412 67.383034
-1.000000 -1.000000
-1.000000 -1.000000
616.880493 534.244568
-1.000000 -1.000000
-1.000000 -1.000000
-1.000000 -1.000000
-1.000000 -1.000000
-1.000000 -1.000000
-1.000000 -1.000000
-1.000000 -1.000000
923.463135 213.264206
-1.000000 -1.000000
-1.000000 -1.000000
146.072021 239.630112
-1.000000 -1.000000
483.013489 288.683105
-1.000000 -1.000000
-1.000000 -1.000000
510.431641 254.885071
-1.000000 -1.000000
-1.000000 -1.000000
590.151672 204.692154
863.683960 181.726654
-1.000000 -1.000000
-1.000000 -1.000000
-1.000000 -1.000000
-1.000000 -1.000000
-1.000000 -1.000000
513.671143 334.121826
-1.000000 -1.000000
-1.000000 -1.000000
842.627441 421.787292
614.167175 98.674469
202.266052 40.519989
-1.000000 -1.000000
-1.000000 -1.000000
-1.000000 -1.000000
-1.000000 -1.000000
613.526184 171.411072
-1.000000 -1.000000
-1.000000 -1.000000
696.035156 567.422913
-1.000000 -1.000000
705.507690 153.829956
-1.000000 -1.000000
630.210999 266.045715
861.675293 308.062317
-1.000000 -1.000000
