-1.000000 -1.000000
-1.000000 -1.000000
148.793381 194.538315
-1.000000 -1.000000
-1.000000 -1.000000
147.821487 179.497650
-1.000000 -1.000000
-1.000000 -1.000000
-1.000000 -1.000000
-1.000000 -1.000000
-1.000000 -1.000000
95.526360 40.098671
163.759842 197.589264
-1.000000 -1.000000
1030.320190 163.057022
218.147629 193.155914
133.765930 194.502380
-1.000000 -1.000000
1214.958862 41.266670
139.946991 164.453247
233.249359 196.216080
163.806595 182.607727
1045.336182 167.105179
1015.242615 160.919235
222.344116 178.114975
132.834412 179.438278
-1.000000 -1.000000
-1.000000 -1.000000
-1.000000 -1.000000
-1.000000 -1.000000
-1.000000 -1.000000
-1.000000 -1.000000
-1.000000 -1.000000
505.461487 40.123676
237.352051 181.156494
248.211945 199.230896
-1.000000 -1.000000
-1.000000 -1.000000
-1.000000 -1.000000
781.331543 149.590042
-1.000000 -1.000000
1228.921997 95.924278
490.437897 40.087673
-1.000000 -1.000000
237.604721 166.212952
-1.000000 -1.000000
-1.000000 -1.000000
779.104431 164.528305
1030.157715 178.015045
-1.000000 -1.000000
-1.000000 -1.000000
-1.000000 -1.000000
1038.320679 96.566742
766.298950 149.561798
1014.956482 175.894821
764.100891 164.509857
261.128021 214.438004
1023.374268 95.422379
162.884964 167.597916
246.129593 214.408569
1045.113647 182.079727
808.736877 199.209763
243.043701 229.521164
263.205658 199.463120
259.054047 229.525711
118.751541 196.469894
823.703979 199.356323
124.961166 164.354858
1023.276428 40.968609
1060.616455 165.183289
222.654297 163.152115
-1.000000 -1.000000
1038.694458 81.329155
-1.000000 -1.000000
838.648376 199.423737
742.650452 87.308624
148.743713 209.453873
1023.563782 80.301376
146.668274 224.471222
139.130936 149.405899
757.076050 179.511490
772.981140 179.464462
133.732071 209.462540
131.676575 224.489990
-1.000000 -1.000000
1000.203003 156.657410
751.315613 149.605545
1053.181396 98.663528
231.192337 211.409225
532.175537 44.785656
237.864059 151.259888
-1.000000 -1.000000
1038.966919 66.095619
749.159790 164.531754
810.633728 184.021133
825.624023 184.299438
757.443604 86.351105
116.708725 218.543381
1217.297363 81.068405
840.605530 184.416000
-1.000000 -1.000000
-1.000000 -1.000000
228.029602 226.458603
530.361328 59.716660
161.652023 224.408173
-1.000000 -1.000000
742.192139 186.558945
-1.000000 -1.000000
844.692810 214.573349
-1.000000 -1.000000
1008.426819 89.253014
207.277039 178.073746
1023.753601 65.243576
278.143646 200.602203
1054.115356 61.010483
794.982910 380.959045
1217.871460 65.924530
742.526428 72.223984
793.988953 366.012939
1053.863770 80.190239
-1.000000 -1.000000
1213.846558 95.863617
727.236023 364.687378
698.142944 306.184021
1008.496094 74.236649
424.062195 210.550964
668.132874 453.862396
293.213745 206.395935
79.719803 40.622269
211.205215 208.016907
793.545898 395.955688
276.050964 215.643204
699.640808 291.088959
517.130920 44.532490
424.674622 418.548889
515.320618 59.497292
1062.628784 140.314072
683.125916 459.862091
1060.457031 180.180725
1220.177368 136.503510
1045.517090 152.603302
1211.267944 121.434258
701.272278 275.957825
252.241470 183.987869
425.077362 195.371689
438.970795 211.576767
292.973022 191.012161
1062.629028 125.349602
292.459778 222.979736
-1.000000 -1.000000
772.771729 194.596085
239.774002 328.867432
1000.009277 171.708389
757.318237 71.219917
223.184265 148.156082
780.405884 361.261139
781.477417 381.186584
1199.778076 136.518326
829.791077 214.435822
1046.910278 118.988983
664.129639 438.832336
409.635132 415.289612
1199.596680 151.452972
440.087036 196.456314
726.239136 379.663177
1029.775513 193.005661
1014.599915 190.881638
113.593987 40.979511
240.383850 344.019043
225.108902 334.756805
683.213684 444.954407
1047.646240 137.415558
394.638489 416.167938
711.031433 368.530334
647.781494 173.131058
-1.000000 -1.000000
668.048035 468.791534
256.189453 327.091888
1195.986206 121.582840
1215.969482 151.495544
320.480835 219.009262
423.999268 225.749329
124.251976 149.317780
788.710571 410.876556
587.822449 172.676895
712.920776 306.220245
604.229736 439.430054
808.343140 396.017426
809.817322 380.904297
757.825989 194.599106
427.815826 433.613342
320.189362 204.204742
780.362000 396.177185
1032.023804 111.673279
1039.261841 50.889236
117.822533 181.417130
582.361572 200.700745
440.118042 181.355698
1030.549194 141.571777
1075.593262 163.238113
446.664612 419.761353
808.750427 365.906158
589.206360 433.185852
714.380615 291.137238
597.566528 188.646088
400.843506 431.312683
344.116302 434.583344
684.987305 474.839539
461.705078 419.965454
662.850708 175.268234
271.072937 325.246185
647.576111 188.181198
1067.771606 100.213486
607.853821 172.749557
512.203796 75.057457
225.509094 349.813934
425.078796 180.239899
698.086304 460.057648
-1.000000 -1.000000
505.857605 169.816711
619.290039 431.571228
207.280472 163.068237
729.304382 97.666634
691.274048 321.301178
116.915039 233.546341
-1.000000 -1.000000
698.163452 445.074005
649.284729 203.360245
837.861511 91.011650
589.253662 448.177826
612.425964 198.630020
574.383118 439.159302
446.737030 434.783020
294.317902 338.538910
597.434509 203.672394
497.489532 206.833069
252.514297 169.246780
1048.927246 197.100510
255.151718 342.172150
604.274902 454.411804
528.976990 75.032547
335.843689 222.603851
625.430298 177.919174
833.902344 169.374359
410.141479 195.318848
710.973083 383.526947
634.088806 438.709045
278.252594 185.708511
811.899719 169.087128
715.947021 276.159698
490.875702 169.736267
822.822571 91.034317
619.311462 446.532562
572.784180 185.583023
476.329193 206.744110
461.785614 434.960175
262.792236 245.210114
496.618500 191.800583
438.915771 226.874817
612.343140 213.643570
655.860657 154.166626
483.594360 422.302307
677.905701 177.320816
788.007019 179.555420
772.323242 88.820129
803.242554 411.125244
470.571930 191.799118
635.842468 154.933350
514.251648 435.639801
335.750305 207.744171
567.451050 200.746689
500.263000 59.522942
1077.524414 126.408897
1008.216675 104.110153
793.990295 196.822815
695.760193 369.328827
629.137024 203.050064
572.944458 170.506714
294.222595 323.480042
664.410278 192.550278
385.826080 431.196075
240.730118 359.009125
502.130341 44.694118
524.946350 165.802444
272.347198 340.326843
655.085938 221.385086
329.000488 188.874023
603.109863 469.396545
582.179138 215.757294
1077.506348 143.362671
588.167236 464.176117
544.294495 414.729004
649.188599 435.741913
209.827789 333.548828
572.397095 424.100494
547.248230 437.708588
608.008789 153.619614
636.077148 139.985519
631.114258 218.152527
346.908630 449.670502
295.193604 353.498657
209.913193 348.493073
751.200195 363.105225
446.310699 267.236084
589.127075 153.294907
699.895325 475.114136
280.235138 355.452118
852.886536 90.967560
450.728455 453.781891
604.175476 134.663437
557.829590 170.311569
1184.674683 136.295639
224.453400 319.723663
838.922424 75.924088
695.637817 384.344696
571.134338 151.319656
706.611450 321.529602
667.905823 247.156845
513.164978 418.671631
670.187256 207.595886
1220.112183 167.335419
651.900513 237.203354
557.497742 185.454041
679.478027 192.647827
776.050964 414.025940
475.805420 168.851044
670.005798 222.492020
409.387054 210.345154
506.098663 223.387085
252.776779 154.369644
736.278687 148.546860
634.943237 402.733826
1024.037354 50.101810
509.167145 146.009155
532.229004 437.567474
483.636230 437.295593
329.178741 435.435608
653.207458 453.706055
589.442139 125.484810
620.149414 416.567657
1184.525879 151.179718
559.430542 405.828003
208.945694 222.996323
662.172241 139.196411
823.883911 75.956367
837.068726 60.961140
620.086548 401.768951
528.282471 409.621429
527.172058 145.213272
685.105957 155.222397
556.159119 151.175690
639.660095 383.776459
511.513916 184.884369
572.290710 454.122253
597.170227 218.701981
539.238892 390.639740
634.138855 453.677155
392.674316 401.097260
491.170227 224.168213
410.040833 180.177383
428.737305 455.496735
638.015625 417.658966
555.379517 130.470856
604.409668 115.583534
423.870758 240.904022
683.365906 139.151978
407.638855 400.290649
497.365662 75.160118
303.864807 308.809174
766.207947 376.135406
558.034119 370.189209
499.307281 433.511383
485.339996 132.793243
619.276611 133.793762
671.847107 266.364105
564.131042 215.948883
476.442566 274.655975
460.558197 176.623825
512.175415 131.061768
275.675323 231.212234
626.169495 468.602722
512.430359 199.937271
556.297302 390.836304
726.353027 394.689972
468.431152 405.212067
484.299927 147.747528
65.026489 54.738163
734.165283 171.604858
477.289642 389.393982
475.998077 221.984650
814.888977 214.168411
652.897339 252.143402
542.983276 166.030289
526.634460 180.884384
570.494019 125.503647
498.250336 418.519104
520.904724 224.598831
728.272827 310.113647
764.213928 393.139069
244.938873 244.518661
513.313171 450.589142
649.921265 400.888611
691.580322 403.892151
540.186646 130.589355
308.925842 337.832733
622.685913 91.575691
379.633820 416.071564
571.117432 391.061523
661.144775 324.508759
461.269287 270.530090
686.799011 489.909760
750.371277 378.023590
571.184631 469.050690
351.148376 223.102768
743.152161 103.301201
685.260620 207.620605
500.094025 387.424316
455.270050 191.564270
636.548401 368.826416
476.349762 117.662178
625.934692 233.067551
577.706116 108.440125
1180.535278 121.073891
527.545959 196.036911
537.034668 220.527832
227.868027 241.501663
483.390503 407.355072
697.620361 115.190674
593.584106 93.546562
542.516907 196.264481
742.588745 57.265266
453.464386 405.003357
265.328400 357.264557
775.489563 346.213562
469.855438 451.992126
730.855591 120.647453
624.435669 115.778656
285.824036 370.614288
604.967712 398.547424
134.000229 239.422272
542.982239 366.998199
572.421570 358.315033
604.105713 424.382568
670.218872 483.670807
712.578064 119.058144
461.613678 114.452400
736.187561 350.016388
749.768555 311.937653
303.240997 293.890381
698.536133 134.129929
644.164551 468.642334
413.709839 455.381470
743.642212 327.086365
561.650574 92.371506
369.508240 581.960938
288.589417 308.439240
542.624634 181.161758
684.856934 522.641418
572.654785 373.354431
606.611328 383.600677
654.696167 267.242249
621.500732 370.680664
348.522217 464.644440
712.100952 353.995392
484.656372 452.312592
431.380554 266.081665
341.267548 419.561951
503.564850 89.765472
655.691650 345.262573
709.456848 216.752533
397.709686 446.314178
682.759644 111.233070
729.277771 82.509560
332.030853 450.538727
1075.756104 178.187653
460.981628 215.713623
475.415039 289.668732
625.821655 248.098404
344.662292 192.171692
651.871948 360.087921
853.905151 75.887039
758.018494 102.616028
459.272736 389.202026
697.690063 100.261810
533.683960 246.929672
557.658264 355.285919
351.051361 208.141174
558.621521 107.462486
624.672424 385.704346
778.290405 325.325928
435.570099 403.778290
465.666260 96.347870
637.664978 90.553398
543.399658 115.660431
746.325562 394.979309
490.928802 372.613159
713.134583 460.264984
664.050598 423.991119
491.449036 283.841187
706.635193 411.164429
503.446960 112.058014
714.869446 477.314758
489.937439 239.235428
682.746826 96.145592
574.327087 406.136688
771.868713 73.362373
470.291626 132.690323
518.425110 89.890198
480.637543 96.432411
685.063721 222.453964
729.486450 294.263947
314.220612 438.526367
518.680176 242.689682
713.516113 134.164703
714.674500 96.280418
369.937256 432.039001
304.638580 278.665588
793.988098 351.013275
-1.000000 -1.000000
576.743896 92.475418
665.376160 124.284241
754.082275 348.199249
515.312012 392.432220
710.696533 201.995972
532.152039 462.491272
639.591919 267.150116
484.873627 76.674324
660.818054 309.418762
822.088989 60.999748
778.123047 310.394989
751.223694 295.880646
639.324646 125.079269
390.713257 461.325378
370.988312 447.062256
-1.000000 -1.000000
679.065674 429.923218
498.300812 402.407013
428.309601 165.118713
636.426147 353.916321
438.691986 241.852417
486.475372 259.878082
514.369629 465.449646
621.276978 355.681122
475.936859 374.539917
446.482300 282.145142
505.921661 362.786743
654.852173 383.033142
318.318634 303.120636
354.497772 582.776489
474.511963 304.631561
542.437805 100.390831
575.065002 343.365692
687.427612 537.675720
662.514282 109.296143
547.063843 452.704041
272.661133 310.137268
662.592773 294.400024
547.929565 467.658966
309.802704 352.875793
518.406372 260.413605
589.155884 415.292511
763.103394 329.333069
542.492065 347.151489
561.693298 245.916870
1064.381592 195.231415
409.438568 225.576004
710.442505 156.253738
269.143494 372.390442
778.484497 295.348572
459.864532 311.314240
287.932709 293.830414
623.924927 483.436829
677.946777 296.597809
714.321350 174.903549
94.804443 41.069847
319.763153 279.631561
478.534760 348.387695
652.828735 92.760040
300.746460 368.669434
708.407959 231.549850
655.254578 483.546387
533.419250 261.483826
587.286377 358.423401
490.424774 298.831116
1015.506653 147.234070
470.596191 78.393333
148.915390 239.433380
460.841125 372.234772
350.225403 479.412445
209.035950 319.022766
426.324493 388.632904
725.439819 203.804153
1017.033997 118.847466
729.293396 334.915771
412.939117 165.091202
562.785095 230.858459
323.596161 338.116028
667.608948 94.005554
489.570557 313.824738
745.281250 118.083809
455.403809 129.542572
225.624405 364.820129
606.786560 484.347229
682.915771 237.333649
724.428894 218.657349
320.835052 233.534073
101.535118 213.341324
469.230499 147.642746
521.201477 362.807892
620.081787 340.814972
713.344055 445.174774
518.367920 113.274208
494.482971 347.650177
446.326996 114.515587
515.210266 377.602753
607.947144 233.729202
208.781082 362.878632
448.497345 468.714813
575.008789 328.644836
639.439941 109.921036
757.421692 56.277767
326.349792 420.269562
587.959473 479.240936
846.949585 236.036423
370.030365 624.605164
212.651169 238.278854
580.815186 230.600555
675.924927 404.572418
682.830566 281.634308
354.713776 567.794067
1008.421936 59.377834
723.469971 233.494522
553.018799 321.651184
640.171021 339.263916
548.421692 262.552063
370.944000 462.131531
526.792419 347.978302
694.407227 192.968201
602.273987 368.565277
405.771606 470.256775
369.659668 567.046448
536.044495 332.449646
450.779968 96.344391
318.719452 317.931427
832.767395 106.012909
622.738586 325.185730
384.347931 586.023560
694.339233 427.239532
377.630096 401.000214
639.913696 483.403503
578.654053 245.807297
729.766663 416.665985
585.833069 388.478699
493.122803 332.791565
254.126801 383.355774
560.117432 340.258667
624.584290 265.058044
485.622437 59.136189
509.475952 343.028595
852.090942 60.957272
503.477783 257.263123
432.814636 129.439301
364.743347 416.940063
334.775055 274.924377
730.941467 279.575439
567.850769 313.679230
289.455414 278.866547
645.929688 324.259186
428.600189 470.355164
463.454193 348.064270
587.533691 373.495270
807.868774 91.141762
452.848816 152.565094
714.120850 336.894653
432.563416 150.263229
706.604370 492.306763
739.448547 229.472275
537.878174 317.690613
411.263977 385.588043
671.682678 498.600403
590.072388 339.350555
354.973053 647.396240
444.150848 388.853668
1083.941528 40.775185
847.811646 105.992111
706.734314 246.197876
317.014954 453.625031
607.588989 249.007339
385.084351 616.775635
1069.128174 65.962440
474.677979 241.945282
324.465424 353.102570
352.233185 500.949799
792.050354 336.273865
203.115555 193.038208
272.214294 295.859894
740.338135 214.856155
324.474792 471.248016
831.572021 121.086975
475.639221 467.111725
848.610779 169.495087
582.767029 313.856476
103.553650 198.067337
666.787292 360.159027
604.933105 340.743347
533.087708 477.192627
670.558716 345.569031
518.289307 289.308411
699.845459 522.912292
563.547729 263.493927
707.198608 551.957825
609.272949 265.063782
499.312988 465.347260
396.358429 385.387146
520.717651 323.320831
594.680542 78.505341
692.889404 170.509995
448.530029 350.999817
63.986008 70.421494
478.198364 333.509308
-1.000000 -1.000000
695.812683 354.876984
639.329529 294.108429
1005.579590 40.961330
354.986206 627.520752
154.800980 152.519974
518.283691 304.301025
832.327698 236.774963
817.489319 410.895935
679.631836 388.714661
356.982849 248.636932
761.299316 408.039062
445.071625 310.965973
578.425781 263.719971
1068.972656 81.345612
455.800446 81.269569
77.966698 105.871513
547.174927 77.164513
238.911911 381.077148
627.410889 310.064301
697.725769 85.219597
365.887787 215.876434
339.856018 567.767456
645.381348 309.254761
817.731445 106.052284
319.207642 264.838470
533.304016 288.499847
562.594543 77.276161
426.034393 373.756836
-1.000000 -1.000000
349.342285 265.230865
246.452484 435.803375
757.800171 281.102081
792.000244 321.381012
445.734985 366.044769
311.371887 423.401459
729.254211 67.500633
461.288513 327.061981
369.936127 639.657837
745.867798 419.716492
192.145325 333.765106
686.007812 552.591309
463.125397 481.923157
552.584717 306.665558
594.448669 265.895905
624.236572 294.062897
792.566406 306.562469
350.661133 552.866577
334.240234 260.114990
-1.000000 -1.000000
597.876099 324.755646
686.835754 252.233978
366.119659 230.959610
505.187378 479.899963
80.244240 54.987076
433.472778 350.931641
339.536896 582.526733
334.984070 289.914612
445.371338 483.493134
490.175842 479.932159
755.373901 217.756805
192.303360 348.954163
353.847015 515.951416
-1.000000 -1.000000
349.638519 280.062500
333.346161 307.069763
809.013367 76.019646
353.639252 538.257874
751.404541 134.109787
796.516357 164.591476
606.256104 499.312103
777.224487 280.232300
672.279846 537.546265
758.459595 232.630753
721.517761 492.253021
1082.828735 111.396317
548.880127 482.592407
459.754547 230.787048
370.192047 609.607178
269.054108 387.427032
568.980042 483.925140
609.919434 76.543907
577.701599 77.360512
189.658203 364.316376
670.308777 515.506348
337.055389 245.671692
431.551880 280.896820
435.518768 95.483910
431.730743 295.868073
709.540405 426.245209
394.405914 204.347137
370.147522 654.505432
644.544983 498.297852
999.409058 186.770248
760.229919 117.761673
445.347687 336.091309
40.399399 565.066284
841.032227 154.361984
589.604126 494.191956
612.288208 309.073059
315.278351 368.113739
1223.318848 50.387524
273.851257 279.137878
390.608521 476.138153
680.842407 567.520813
80.155334 86.017960
304.051270 264.070068
371.895416 248.781784
622.510193 498.273285
682.669067 81.072205
384.815796 631.723633
853.288513 199.537094
455.874115 66.263466
738.567444 244.634079
416.942627 150.078323
283.542969 385.642181
364.126648 263.463745
721.633484 248.425842
249.186340 451.048370
359.613190 193.166489
275.647095 438.528137
416.981079 133.182953
430.070007 310.827728
792.356201 291.589844
286.028076 579.305725
459.571960 245.772339
-1.000000 -1.000000
760.879089 422.908051
238.487473 314.464233
736.565918 492.455261
846.673950 121.056557
92.916855 102.708519
440.555786 80.320419
766.380371 134.345306
311.737244 408.343170
278.360474 41.153244
562.340027 283.648041
176.571091 222.477570
310.538940 188.502701
326.771790 405.141754
40.053043 581.711182
372.540802 476.840240
101.787949 228.420532
701.840759 566.768188
597.309082 304.901428
283.858887 453.905670
223.450775 379.874115
430.268555 336.043091
335.664246 552.671204
825.896667 154.175034
714.571655 536.033569
580.345947 298.810059
637.740356 75.641357
73.551727 120.762947
390.132050 219.039108
729.954529 477.538727
-1.000000 -1.000000
728.583923 461.612335
777.982483 265.422974
418.630920 485.093567
418.612701 358.902252
290.750580 564.511292
88.153664 186.303024
716.699585 567.049194
766.719971 248.103043
338.389679 338.319580
714.865356 521.098694
355.141663 612.271729
80.364883 71.108200
416.881592 270.898621
496.008026 494.851868
778.069885 230.758408
243.910889 420.517731
667.575439 78.891022
300.410431 383.764679
686.210083 504.901855
191.702820 319.144073
604.956421 289.976654
487.103760 43.907154
291.741364 527.918457
735.160583 507.365265
364.408539 278.295593
340.110535 643.326721
687.019043 336.085846
781.387878 134.252945
670.868042 552.483093
430.984619 114.617111
-1.000000 -1.000000
269.158081 453.490143
-1.000000 -1.000000
459.937744 496.934570
257.482941 310.300842
40.463848 274.085876
652.810486 77.762917
782.695496 249.421448
1069.351440 50.712254
589.362671 509.100464
816.601807 121.112343
714.925720 81.362068
760.552368 266.564972
276.109406 562.680481
805.902649 335.978851
578.264160 278.772095
698.501892 581.816223
743.582092 459.731201
333.472290 321.990082
270.965118 580.416626
444.334412 498.451111
349.769257 295.200836
1204.505493 166.331039
401.070374 370.564697
1079.594971 197.213257
290.438690 438.899658
275.038849 527.592041
379.714020 201.274780
337.057922 501.296967
722.072449 552.282959
-1.000000 -1.000000
288.581421 542.917358
76.300873 135.671356
230.566071 434.799103
549.545837 62.065620
409.329926 241.016327
252.227646 466.584076
330.198944 367.943970
283.405518 468.912262
808.586365 350.467346
745.353943 474.684723
717.397644 583.129944
-1.000000 -1.000000
753.861572 492.535797
264.075012 542.057800
585.587219 559.675415
395.139801 189.467209
338.664490 516.513855
822.267578 396.788086
296.450165 238.990051
305.840729 527.199829
728.951233 446.300018
513.831909 494.820190
300.592041 581.469788
989.980469 41.020935
340.190765 625.600647
397.830139 165.328690
362.928650 401.777924
95.155342 84.957176
301.963745 454.291473
384.569977 571.114929
787.916931 215.933853
-1.000000 -1.000000
379.025360 270.615356
645.279175 513.125183
324.973480 567.484314
792.320435 266.367615
1125.273804 340.087158
309.466766 469.134735
381.361816 386.179230
308.610260 546.143494
150.643661 433.352081
261.002136 560.911072
753.474426 510.470062
-1.000000 -1.000000
568.766174 558.352661
980.119141 268.496643
792.967346 231.234680
277.316742 417.791046
817.537048 237.463730
697.580078 70.215683
1109.971313 339.243622
318.861389 250.374557
470.345581 63.567692
-1.000000 -1.000000
163.398605 239.376099
737.143799 552.625366
562.785217 498.768890
606.121704 514.065308
233.325745 450.349854
88.563515 120.291298
683.747681 582.546570
655.781799 561.302185
