-1.000000 -1.000000
-1.000000 -1.000000
157.264786 202.800095
-1.000000 -1.000000
-1.000000 -1.000000
156.301285 187.843384
-1.000000 -1.000000
-1.000000 -1.000000
-1.000000 -1.000000
-1.000000 -1.000000
-1.000000 -1.000000
103.605118 40.224384
172.229248 205.848038
-1.000000 -1.000000
1039.233276 166.362244
226.144165 201.051682
142.247070 202.745804
-1.000000 -1.000000
1224.264404 41.382065
148.379715 172.808517
241.184189 204.045654
172.263687 190.886917
1054.279541 170.379868
1024.161743 164.274887
230.330109 186.060303
141.296982 187.774918
-1.000000 -1.000000
-1.000000 -1.000000
-1.000000 -1.000000
-1.000000 -1.000000
-1.000000 -1.000000
525.895081 40.392498
-1.000000 -1.000000
510.866394 40.490963
245.255081 189.059235
256.078369 206.951981
-1.000000 -1.000000
-1.000000 -1.000000
-1.000000 -1.000000
786.656128 154.378098
-1.000000 -1.000000
1238.761475 97.964157
495.904327 40.205822
-1.000000 -1.000000
245.403137 174.097122
-1.000000 -1.000000
-1.000000 -1.000000
784.503784 169.341812
1039.183105 181.338501
-1.000000 -1.000000
-1.000000 -1.000000
-1.000000 -1.000000
1046.546021 99.631248
771.619019 154.378159
1024.024536 179.296463
769.492737 169.362289
269.008942 222.069656
1031.511230 98.522575
171.337265 175.884933
254.021484 222.039505
1054.159180 185.359665
814.711060 203.636124
250.933624 237.101166
271.013641 207.034912
266.940887 237.104843
127.263077 204.695389
829.680969 203.698441
133.377060 172.697342
1031.434692 40.981705
1069.512817 168.406250
230.587051 171.091873
540.931091 40.354359
1046.759766 84.444016
-1.000000 -1.000000
844.658569 203.712585
748.240356 92.762032
157.218491 217.623779
1031.556763 83.403740
155.161728 232.627151
147.471146 157.770660
762.493835 184.430618
778.446655 184.341110
142.219589 217.673462
140.187927 232.692245
-1.000000 -1.000000
1008.923218 160.002365
756.629700 154.438095
1061.626587 101.677139
239.142303 219.117584
538.447205 51.679649
245.490494 159.107635
-1.000000 -1.000000
1046.944946 69.238594
754.522949 169.422150
816.654114 188.577667
831.628662 188.689911
763.084595 91.769783
125.280701 226.754593
1227.015015 83.029884
846.643799 188.705963
-1.000000 -1.000000
-1.000000 -1.000000
236.003448 234.139053
536.565979 66.628006
170.109436 232.485229
-1.000000 -1.000000
747.600464 191.588470
-1.000000 -1.000000
850.687500 218.837540
-1.000000 -1.000000
1016.468384 92.282745
215.293457 186.052063
1031.668579 68.383682
285.890930 208.106827
1062.049438 64.194321
800.398376 386.774048
1227.331299 67.911919
748.182617 77.716339
799.324036 371.767181
1061.993286 83.283379
-1.000000 -1.000000
1223.768066 97.921585
731.927368 370.486694
702.987183 311.590271
1016.418213 77.294106
429.128357 217.394867
673.329651 460.328827
301.076569 213.642075
87.968376 49.846180
219.181656 215.835617
799.117371 401.743744
283.854919 223.162399
704.628845 296.515747
523.434448 51.516312
429.646454 425.656189
521.550476 66.486488
1071.536987 143.456329
688.367126 466.325104
1069.392090 183.396835
1230.457764 138.632828
1054.376099 155.676117
1221.348389 123.602547
706.378052 281.411621
260.105164 191.798843
430.108032 202.234039
444.018707 218.368118
300.818420 198.352783
1071.523315 128.474716
299.848267 229.635483
-1.000000 -1.000000
778.523560 199.528122
244.786514 336.656494
1008.763184 175.201981
763.003845 76.690216
230.887558 156.061752
785.245911 366.945160
786.413513 386.945251
1210.031494 138.657684
835.719604 218.775543
1055.514771 122.256523
669.346558 445.275116
414.611664 422.449158
1209.914185 153.602783
445.094696 203.285843
730.942383 385.515656
1038.833252 196.340988
1023.767944 194.289825
119.322479 40.979141
245.157852 351.732605
229.998718 342.556671
688.400635 451.385864
1056.433716 140.461624
399.645386 423.320862
715.729553 374.363861
652.551453 179.041901
-1.000000 -1.000000
673.320312 475.244202
261.245422 334.880005
1206.126221 123.628143
1226.318359 153.720474
326.057190 226.005173
429.108063 232.500122
132.526718 157.636169
794.669189 416.704346
592.374573 178.780350
717.852539 311.597046
609.342407 445.906250
814.007019 401.686554
815.306824 386.633881
763.494080 199.613007
432.844238 440.727814
325.809875 211.105377
785.376343 401.926819
1040.512817 115.037758
1047.126709 54.069077
126.295410 189.737579
587.241089 206.811569
445.068329 188.259888
1039.349243 144.556915
1084.404297 166.416809
451.561859 426.733734
814.184021 371.654999
594.350159 439.660767
719.493469 296.546631
602.402039 194.817856
405.794708 438.462830
349.544830 441.867249
690.378418 481.257233
466.537872 426.773651
667.675354 181.128174
276.079529 333.039215
652.421631 194.175369
1076.468628 103.066414
612.519836 178.888580
517.802246 81.843407
230.316299 357.569183
430.081329 187.194519
703.466797 466.418793
-1.000000 -1.000000
510.577576 176.479996
624.434082 438.050354
215.338211 171.050110
734.141724 102.886406
696.109741 326.755768
125.432831 241.741333
-1.000000 -1.000000
703.457275 451.440308
654.237000 209.293854
845.068115 95.404442
594.282349 454.621216
617.303772 204.750870
579.438354 445.600769
451.764282 441.820801
298.790253 346.189575
602.415710 209.825165
502.250061 213.538437
260.276520 176.994125
1057.978516 200.399216
259.843109 349.875885
609.347656 460.876770
534.646729 81.801064
341.223175 229.789246
630.122620 184.010757
839.838623 173.700378
415.157776 202.245743
715.664978 389.363251
639.306824 445.136963
285.961090 193.201660
817.882751 173.615448
721.210022 281.529449
495.648895 176.431290
829.963928 95.448723
624.436829 453.045990
577.369751 191.738693
481.152954 213.467041
466.748047 441.828796
269.664459 252.697235
501.462921 198.539734
444.021698 233.526733
617.381653 219.816757
660.579224 159.781494
488.302643 428.957916
682.844421 183.064423
793.564636 184.388809
778.019043 94.476219
809.374878 416.732361
475.327271 198.540665
640.529358 160.766220
518.961304 442.274841
341.152130 214.839478
572.171509 206.879562
506.532776 66.624924
1086.413818 129.402710
1016.413696 107.214775
799.802917 201.660355
700.565247 375.288055
634.129822 209.192490
577.398193 176.690796
298.666779 331.187286
669.421204 198.400879
390.821869 438.340942
245.468399 366.721985
508.452637 51.762501
529.574219 172.429810
276.958038 348.053406
660.193359 227.151932
334.551697 195.916763
608.225708 475.864014
587.263855 221.821747
1086.397217 146.341446
593.173035 470.648590
549.046814 421.436676
654.413147 442.220978
214.808838 341.428253
577.490662 430.569550
552.140747 444.323334
612.575134 159.597198
640.716248 145.805511
636.246948 224.223587
352.356049 456.942444
299.770935 361.186920
214.882736 356.386688
755.848572 368.789215
451.664368 274.148560
593.575012 159.436584
705.397949 481.381042
284.870483 363.165466
860.186157 95.332771
455.736481 460.776672
608.720703 140.744995
562.171997 176.614334
1194.972534 138.375488
229.537415 327.587250
846.132935 80.286522
700.460144 390.252930
575.445496 157.509186
711.337402 326.814697
673.140686 252.738327
517.858643 425.250977
675.293274 213.275879
1230.719604 169.653458
657.115601 242.805923
562.022888 191.693756
684.557678 198.288773
781.314575 419.818451
480.440948 175.618591
675.191528 228.087845
414.351685 217.267853
510.872833 229.735535
260.416229 162.138367
741.564819 153.516006
640.224792 409.051300
1031.919067 53.172329
513.801819 152.413315
537.023438 444.250000
488.483917 443.980072
334.575653 442.815186
658.339783 460.216614
593.926758 131.744415
625.342163 422.988098
1194.840454 153.216690
564.187073 412.551544
216.919479 230.585892
666.640198 144.792328
831.045044 80.357948
844.285706 65.302269
625.313782 408.066284
533.010254 416.451416
531.657043 151.642090
689.818665 160.625168
560.387207 157.485840
645.139526 390.088684
516.333008 191.578476
577.300659 460.567200
602.318054 224.792923
544.053284 397.449738
639.370361 460.088440
397.608765 408.373932
495.992065 230.637436
415.119904 187.264999
433.718323 462.597137
643.194580 424.155853
559.693298 136.787598
608.812256 121.632141
429.040283 247.661560
687.804443 144.572876
412.589478 407.537109
502.966278 82.038254
308.307007 316.549774
771.113892 381.944672
562.926575 376.807953
504.081543 440.171967
489.879608 139.283813
623.726135 139.764313
677.165344 272.109467
569.010559 222.018723
481.865753 281.460083
465.263397 183.409576
516.794678 137.480606
283.335510 238.659882
631.415222 475.055206
517.175415 206.641830
561.094055 397.474731
731.005798 400.508331
473.275269 411.913910
488.875885 154.258499
73.311600 64.485313
739.415466 176.730713
481.852661 396.217926
480.937012 228.510239
820.770081 218.640961
658.099792 257.738220
547.314270 172.555405
531.333435 187.528671
574.800903 131.805237
503.033600 425.130890
525.751953 230.871384
733.093689 315.477173
769.160217 398.954865
252.851730 252.211121
518.096069 457.231018
655.480469 407.126465
696.654419 409.872833
544.518616 136.889450
313.463013 345.430389
626.851685 97.568329
384.808075 423.231293
576.025513 397.566956
666.648132 330.376648
466.735443 277.398590
692.443604 496.159912
754.982971 383.806824
576.172668 475.537811
356.352020 230.493698
748.541992 108.247925
690.276611 213.180389
504.688599 394.222687
460.125549 198.241272
642.005188 375.053925
480.921051 124.342453
631.173035 238.866592
582.031067 114.807579
1190.844971 123.142509
532.248047 202.624466
541.892761 226.736832
235.943542 249.218338
488.084717 414.040405
702.012939 120.573051
597.981384 99.731468
547.121765 202.674316
748.164917 62.739056
458.324707 411.863831
270.004791 364.962280
780.143066 351.754852
474.684723 458.806824
735.889343 125.862770
628.811523 121.588516
290.565704 378.265198
610.126221 404.925964
142.354340 247.670853
547.837097 373.736847
577.389038 364.790955
609.274048 430.774292
675.483704 490.122803
717.148499 124.451996
466.101959 121.424942
740.807190 355.677399
754.755188 317.558075
307.928894 301.641144
702.934998 139.648651
649.365723 475.112213
418.756683 462.525726
748.403076 332.651917
566.104309 98.804222
376.733521 589.473999
293.159180 316.254669
547.139587 187.655167
691.006226 529.103699
577.649414 379.832764
611.755127 390.025726
659.941833 273.099274
626.766541 376.979980
353.978455 471.863007
716.722412 359.757019
489.549591 458.992188
436.661896 272.974060
346.592773 426.908081
508.153625 96.588219
660.908264 351.297211
714.549011 222.086670
402.808807 453.422699
687.024414 116.668854
734.040283 87.918884
337.442596 457.838989
1084.567627 181.396713
465.939697 222.362793
480.906982 296.478607
631.047546 253.916428
350.022400 199.406708
657.184387 366.081024
861.192505 80.219009
763.439819 107.439896
464.026672 396.092163
701.964844 105.751465
538.612183 253.005203
562.527588 361.868103
356.294861 215.479446
563.048279 113.855110
629.873474 391.996124
783.010437 330.743958
440.588379 410.768738
470.295746 103.528572
641.792969 96.603058
547.744141 122.009819
751.122559 400.766846
495.621674 379.381958
718.510376 466.419403
669.297241 430.281464
496.837189 290.527802
711.664124 417.048126
508.178833 118.705063
720.404175 483.432861
494.905487 245.662704
686.953735 101.775635
579.338379 412.604797
777.738464 79.195839
474.778442 139.309006
523.011230 96.679626
485.287872 103.469971
690.096008 228.046967
734.578979 299.572662
319.644714 445.960571
523.605896 248.845856
718.158203 139.589554
719.116089 101.701065
375.045258 439.159241
309.495636 286.601257
799.343811 356.715790
-1.000000 -1.000000
581.106873 98.820374
669.706360 129.726517
758.792175 353.681641
519.927124 399.292328
715.574524 207.322968
537.233337 469.179840
644.913147 273.120209
489.854980 83.704506
666.469910 315.336456
829.224365 65.395012
782.808533 315.823792
756.404663 301.461792
643.777405 130.825668
395.831696 468.396942
376.159607 454.160492
-1.000000 -1.000000
684.300415 436.237762
503.015076 409.118866
433.237976 172.244156
641.803894 360.156586
443.861176 248.557556
491.688324 266.457520
519.337158 472.178802
626.504639 361.942230
480.678009 381.340759
451.856354 289.197632
510.591461 369.525940
660.333984 389.137726
322.707947 310.769684
361.759186 590.406433
480.120453 311.444458
546.868469 106.900658
580.104248 349.869141
693.864014 544.213196
666.876526 114.852150
552.128235 459.320038
277.658844 318.114258
668.325562 300.273102
553.096558 474.283264
314.432678 360.429047
523.561279 266.719849
594.368774 421.521179
767.747620 334.683899
547.213562 353.806427
566.751160 251.936737
1073.357666 198.446152
414.431366 232.443466
715.115479 161.801193
273.858368 380.035156
783.395447 300.771790
465.418884 318.276154
292.789368 301.506042
629.390381 489.907501
683.573914 302.357361
718.950562 180.362686
102.983627 49.864128
324.325012 287.558350
483.446838 355.320190
656.899475 98.713768
305.535095 376.269806
713.698242 236.925613
660.469360 490.061066
538.586548 267.837616
592.333801 364.829102
495.857697 305.524414
1024.269165 149.752258
475.206848 85.612953
157.183395 247.652145
465.848358 379.142578
355.770569 486.727692
214.346771 326.756561
431.360382 395.870178
730.703186 209.328094
1025.481812 122.804413
733.861145 340.532410
418.166962 172.311691
567.824524 236.951050
328.165466 345.598877
671.893494 99.732773
494.975525 320.523773
750.620300 123.039139
459.903778 136.517090
230.238083 372.532166
612.218384 490.793030
687.975159 242.962799
729.846069 224.034698
326.255371 240.777847
110.256271 222.021759
473.704803 154.360260
525.782166 369.580872
625.271606 346.984833
718.576477 451.385406
523.058655 119.896492
499.355621 354.378784
450.797668 121.519821
519.896790 384.459717
613.110779 239.642166
214.021332 370.975128
453.597260 475.754791
580.033875 335.024323
643.767944 115.582558
763.021179 61.727825
331.608124 427.913086
593.041809 485.671814
852.837036 240.242767
377.214478 631.862610
220.785309 245.851501
586.066589 236.593613
681.299805 410.712402
688.345947 287.291962
361.938232 575.506165
1016.143799 62.577427
728.892334 238.951508
557.693237 328.016205
645.471863 345.263000
553.594727 268.859619
376.102722 469.217224
531.406982 354.671387
699.468933 198.407059
607.492676 374.961365
410.802582 477.439758
376.887207 574.630127
540.698303 339.045532
455.232635 103.618073
323.089874 325.599670
839.927429 110.481621
628.072388 331.191986
391.564209 593.487488
699.533691 433.415283
382.668335 408.295410
645.303894 489.911865
583.926697 251.724365
734.713196 422.613831
590.883118 394.760223
498.138153 339.400818
258.876740 390.993896
565.015747 346.710846
629.725220 271.019379
491.827087 66.414406
514.293884 349.727295
859.344177 65.268921
508.594147 263.652832
437.490570 136.625198
370.024811 424.094208
339.113312 282.689453
736.232544 284.710480
572.742188 319.994446
294.483368 286.585938
651.369934 330.243439
433.592041 477.497131
468.720459 355.172577
592.620117 379.840057
814.952698 95.598808
457.505310 159.407120
718.701355 342.648193
437.259827 157.421219
712.427734 498.454437
744.872192 234.897156
542.553833 323.936920
416.303253 392.820892
677.324951 504.914673
595.218384 345.853485
362.241943 654.717468
449.123260 396.084839
1091.690796 40.614403
855.026123 110.430786
712.067566 251.686798
322.476349 460.886108
612.867310 254.847031
392.307343 624.091125
1077.102173 69.274773
479.819763 248.544418
329.106171 360.495514
358.040741 508.430054
797.298889 341.755859
211.141983 200.974136
277.352020 303.530487
745.796204 220.129623
330.034058 478.518982
838.751648 125.520493
480.656982 473.889160
854.705200 173.749573
587.839233 320.140350
112.245911 206.764587
672.098206 366.179596
610.178284 347.096802
538.305603 483.937866
675.824158 351.514801
523.564697 295.703522
705.943542 529.329102
568.724792 269.652466
713.974426 558.441650
614.538330 270.998138
504.291779 472.090973
401.344055 392.667633
525.637390 329.893158
598.969360 84.863327
697.669739 176.211258
453.814850 358.127411
72.189713 79.841141
483.426178 340.369385
-1.000000 -1.000000
700.533813 360.758636
644.992615 300.209290
1014.185364 40.976578
362.253174 634.653625
163.100952 160.860840
523.544189 310.714691
837.987732 241.063385
823.926941 416.422272
684.906616 394.730072
361.651978 256.027039
766.311340 413.907349
450.656464 318.024689
583.739685 269.657227
1077.130859 84.440239
460.335083 88.544937
86.364326 115.409294
551.671997 83.843460
243.720123 388.755859
632.849365 316.186859
702.099487 90.864738
370.978607 223.266891
347.001678 575.309021
650.995178 315.347565
824.805420 110.499168
324.063293 272.762329
538.492004 294.800934
567.062500 83.879784
431.164276 380.870148
341.523254 678.231934
353.730408 272.843597
252.321014 444.016510
763.070557 286.605682
797.298889 326.715820
450.973328 373.123291
316.732758 431.066437
734.032654 72.916672
466.642242 334.204498
377.063171 646.920471
750.827759 425.689148
198.289703 342.420410
692.768250 559.189209
468.421600 488.697418
557.496460 312.915039
599.792542 271.896332
629.751343 300.150299
797.976318 311.831421
357.232605 560.563843
338.841614 267.970154
-1.000000 -1.000000
603.069702 331.095612
692.088684 257.867584
371.176331 238.188782
510.396210 486.768829
88.523399 64.912277
438.812561 358.100800
346.717804 590.050659
339.262115 297.647461
450.441528 490.442932
495.585602 486.806549
760.817017 223.139542
198.390900 357.373444
359.747406 523.469666
-1.000000 -1.000000
353.967743 287.740173
337.694397 314.731934
816.099854 80.525131
359.638397 545.882019
756.691406 139.011414
802.696411 169.422821
611.898010 505.728638
782.071777 285.631500
678.727722 544.020447
763.892456 238.111847
727.331909 498.458435
1091.482666 114.332458
554.138977 489.232605
464.893707 237.421295
377.339600 616.785889
273.753662 395.165222
574.072144 490.543335
613.999756 82.760292
582.132568 83.886459
196.849640 372.342377
676.107361 521.789734
341.945892 253.208328
436.818665 288.029114
440.095795 102.676872
437.296295 302.919678
714.674255 432.324524
399.228790 211.366882
377.147949 661.911865
650.096985 504.713867
1007.926453 190.278748
765.582275 122.458740
450.737915 343.218475
40.600708 574.368713
846.813293 158.618011
595.025146 500.710968
617.777771 315.202759
320.014862 375.620728
1232.568359 52.481277
279.089508 286.755493
395.890900 483.151184
687.432678 574.122986
88.383614 95.428558
309.114563 271.865143
376.415161 256.142181
628.112549 504.704559
686.834473 86.875099
392.097290 639.080383
859.408813 203.766113
460.439484 73.535149
744.011230 249.951950
421.887634 157.473831
288.324860 393.312744
368.556641 270.989410
727.027710 253.885452
255.154526 459.144440
364.849182 200.510468
281.036743 446.284912
421.910736 140.629333
435.574921 318.013336
797.712463 296.906189
292.891876 587.141418
464.755127 252.433701
-1.000000 -1.000000
766.033508 428.832764
243.680725 322.263580
742.419861 498.722748
853.945862 125.463348
101.304558 112.275772
445.161652 87.542572
771.676086 139.139999
316.721832 416.077972
282.522186 41.192528
567.664551 289.913116
184.868027 230.181519
317.346405 195.589127
331.580872 412.941345
40.098476 591.335876
377.935364 484.040466
110.483452 237.027618
708.678894 573.323975
602.768494 311.116089
289.755127 461.298126
228.582153 387.482758
435.713531 343.170380
342.253082 560.396240
831.961182 158.710251
720.966309 542.378418
585.787292 305.069672
641.753784 81.757973
82.315315 130.318726
394.840851 226.130539
735.509888 483.602539
-1.000000 -1.000000
733.943787 467.581787
782.885864 270.703186
423.570465 492.104584
423.927216 366.003265
297.604614 572.230286
97.044708 195.096588
723.690491 573.532593
772.085693 253.454941
343.045044 345.638306
720.996887 527.521240
362.384918 619.604126
88.465942 80.461761
422.019043 277.956421
501.395813 501.881073
783.098633 236.158737
249.556168 428.803589
671.861877 84.840599
305.252472 391.338562
692.135376 511.193542
198.179504 327.622498
610.532288 296.097717
493.456268 51.383488
298.054718 535.594360
741.150146 513.739807
368.793427 285.903595
347.367920 650.781189
691.960632 341.886139
786.683960 138.904572
677.277832 559.017944
435.604340 121.624191
-1.000000 -1.000000
274.773956 461.126984
-1.000000 -1.000000
465.222778 503.621246
262.575836 318.258698
40.196507 287.865631
656.906555 83.816177
787.458618 254.605118
1077.169189 54.280685
594.946106 515.719788
823.608154 125.495674
719.105103 86.896576
765.956116 271.705811
283.016205 570.329773
811.445984 341.573151
583.667847 284.984619
705.170105 588.830933
749.028259 465.599945
337.955658 329.560181
278.001678 588.169983
449.366943 505.428802
354.151398 302.787384
1215.208008 168.610291
406.189850 377.737152
1088.818604 200.401413
295.792389 446.575623
281.497284 535.360229
384.555542 208.541809
343.010681 509.036469
728.723816 558.800842
-1.000000 -1.000000
294.989380 550.508301
85.298119 145.023132
236.698273 443.301178
554.293640 68.787125
414.377838 247.749573
258.266632 474.512360
334.784027 375.134552
289.474396 476.298431
814.102051 356.253906
750.947510 480.607239
724.301880 589.910889
-1.000000 -1.000000
759.724365 498.674866
270.853210 549.923279
591.870117 566.233765
399.999146 196.572800
344.651978 524.179504
828.265259 401.978424
303.092957 245.364151
312.086334 534.691833
734.103394 452.433350
519.254456 501.881897
307.677155 589.204102
998.673706 41.037918
347.423279 632.774658
402.956299 172.619095
367.939850 409.146759
103.365898 94.383072
307.456146 461.662292
391.646057 578.594360
793.041748 221.359375
-1.000000 -1.000000
383.547577 278.085510
651.043823 519.461304
331.881042 575.041809
797.512329 271.633850
1137.332520 344.344025
315.059265 476.467377
386.350464 393.556946
314.780487 553.574036
158.748215 441.165497
268.041504 568.798767
759.611633 516.682129
-1.000000 -1.000000
574.852173 565.031250
989.369446 272.529694
798.214478 236.488129
282.373566 425.486969
823.102539 241.764618
701.996399 75.905594
1122.197754 343.550903
323.866425 258.093231
475.032928 70.762466
-1.000000 -1.000000
171.972168 247.495651
743.648254 559.246399
568.215820 505.527710
611.855469 520.618103
239.518661 458.771454
97.047386 129.842651
690.188904 589.437317
661.973755 567.863098
