-1.000000 -1.000000
-1.000000 -1.000000
131.082657 205.498993
-1.000000 -1.000000
-1.000000 -1.000000
130.055634 190.495758
1223.001465 40.098248
1207.991577 40.148140
-1.000000 -1.000000
-1.000000 -1.000000
-1.000000 -1.000000
75.104683 40.030884
146.125534 208.487473
-1.000000 -1.000000
1011.237488 167.499283
200.698578 203.530655
116.057251 205.539139
1222.940186 103.558807
1192.976562 40.246628
121.980179 175.525009
215.785889 206.548019
146.112854 193.494934
1026.291748 171.496765
996.216675 165.442764
204.782822 188.500046
115.022835 190.520370
-1.000000 -1.000000
1238.959839 87.730476
1222.970703 88.604179
1226.030762 73.593796
-1.000000 -1.000000
499.774231 40.756485
-1.000000 -1.000000
484.748505 40.790520
219.793701 191.525909
230.806641 209.628387
-1.000000 -1.000000
-1.000000 -1.000000
-1.000000 -1.000000
758.117004 156.092682
-1.000000 -1.000000
1207.917725 99.574623
469.744934 40.015781
-1.000000 -1.000000
219.813675 176.529083
-1.000000 -1.000000
1229.935547 118.524773
756.080017 171.082748
1011.275757 182.485626
-1.000000 -1.000000
1211.046021 73.626976
1229.947266 140.538101
1018.343262 101.328461
743.103638 156.086517
996.174683 180.448059
741.084412 171.092850
243.806717 224.707886
1003.342041 100.290306
145.098740 178.495514
228.786560 224.704865
1026.269775 186.491074
786.089172 205.237076
225.752655 239.707047
245.823318 209.695404
241.774261 239.718216
101.037338 207.604019
801.090820 205.315353
106.971054 175.539719
1003.242798 41.014771
1041.363159 169.487228
204.853928 173.508408
514.784180 40.736198
1018.423096 86.279442
1214.924561 140.569473
816.092590 205.345245
720.158203 94.943344
131.103317 220.550552
1003.337769 85.268150
129.131149 235.547470
120.885201 160.502426
734.113403 186.145508
750.082214 186.096848
116.103218 220.605652
114.141075 235.599274
1214.908813 122.527313
981.142090 161.336945
728.101868 156.108139
1033.360107 103.323318
213.791916 221.700104
512.517029 53.639599
219.816376 161.539688
-1.000000 -1.000000
1018.498047 71.192787
726.098328 171.147720
788.089233 190.211792
803.104553 190.314896
735.158875 93.998962
99.077995 229.644455
1195.998901 84.482033
818.129211 190.344421
1231.055420 58.586285
-1.000000 -1.000000
210.748337 236.712616
510.539032 68.613937
144.155090 235.422897
1230.019043 169.629547
719.087646 193.215240
1210.935791 155.652588
822.098022 220.417114
1216.072144 58.623043
988.320618 94.266914
189.752106 188.517975
1003.404175 70.220047
260.847412 210.636642
1033.538330 66.163727
770.324280 388.093079
1196.074585 69.460739
720.115112 79.971298
769.299438 373.070282
1033.523804 85.197327
-1.000000 -1.000000
1192.951782 99.418327
701.103088 372.069275
673.391357 312.787231
988.270020 79.281784
401.024963 219.700562
644.172180 461.834473
275.887207 215.708359
59.902351 52.376808
193.743332 218.525223
769.254822 403.070251
258.884369 225.605743
675.350769 297.762054
497.526062 53.555347
400.464264 428.498657
495.526306 68.538391
1043.282959 144.543793
659.197754 467.781525
1041.278564 184.501450
1199.893555 139.633606
1026.307251 156.560898
1190.861328 124.589149
677.374451 282.713898
234.801987 194.558899
401.896423 204.520981
415.982605 220.687820
275.816010 200.688766
1043.258789 129.521439
274.002594 230.818283
1230.080444 184.644608
749.956970 201.144394
214.053467 340.174500
981.066833 176.400146
735.119385 79.035683
204.931046 158.520386
754.306335 368.145325
755.409119 388.160706
1179.842163 139.515732
807.071655 220.349594
1027.341187 123.528168
640.198120 446.782440
385.418365 425.311493
1179.807251 154.501465
416.963837 205.598083
700.154602 387.081940
1011.166138 197.484177
996.150146 195.434433
90.609283 41.011024
214.083344 355.190033
199.041428 346.097717
659.159363 452.769745
1028.323853 141.572433
370.443329 426.270844
685.155212 376.007446
623.958862 180.970993
-1.000000 -1.000000
644.238953 476.795959
230.858810 338.341919
1175.835327 124.485069
1195.861938 154.635284
297.195435 227.778641
401.043457 234.798630
105.891907 160.505920
765.263733 418.008057
564.149719 180.822815
688.437927 312.563110
580.375122 447.756744
784.271606 403.024353
785.338196 388.030731
734.947266 201.205246
403.522064 443.573517
297.084778 212.743057
754.388000 403.143341
1012.338074 116.509254
1018.525269 56.150852
100.019234 192.622238
559.041931 208.815552
416.943542 190.541000
1011.258484 145.622177
1056.305054 167.507721
422.529602 429.569733
784.334595 373.044800
565.384155 441.668884
690.456177 297.532135
574.106934 196.868546
376.492554 441.382782
319.891052 445.281311
661.277100 482.728607
437.525604 429.558502
639.044128 183.051636
245.839691 336.418579
624.008972 196.014923
1048.159912 104.447639
584.124695 180.866257
490.829712 83.632866
199.164719 361.092957
401.837341 189.425980
674.146362 467.867615
1230.185425 199.612549
482.147461 178.675613
595.259888 439.765076
189.784958 173.519836
705.032532 104.778488
666.434265 327.971527
99.181625 244.629318
1214.987793 170.584747
674.130737 452.817566
626.002625 211.023376
818.793640 97.117683
565.448303 456.668243
589.082764 206.813934
550.524719 447.709473
422.587311 444.614899
267.976685 349.386993
574.138855 211.877335
474.096802 215.630493
234.801407 179.521973
1030.092773 201.509293
228.957962 353.293518
580.462280 462.725769
507.816315 83.662003
312.200073 231.775574
601.730286 185.792953
811.276550 175.338104
386.934479 204.527100
685.174316 391.020752
610.270569 446.805603
260.822418 195.685043
789.244995 175.234833
692.378662 282.575409
467.163666 178.642166
803.745056 97.148880
595.344788 454.762543
549.147461 193.792847
453.158630 215.656754
437.583527 444.608551
242.851730 254.749359
473.122864 200.606735
416.029175 235.799133
589.119080 221.899307
631.872803 161.875183
459.406799 431.596222
654.080383 185.059097
765.072998 186.104828
750.204712 97.130241
780.244019 417.986633
447.177155 200.661194
611.846313 162.760345
490.186066 444.639954
312.160919 216.735291
544.067932 208.835571
480.525421 68.582062
1058.204590 130.433456
988.325745 109.263367
771.025452 203.115128
670.141174 376.972778
605.969482 210.953201
549.231262 178.779327
267.846161 334.410980
640.909241 200.174911
361.557129 441.335754
214.362823 370.183838
482.516418 53.596287
501.077271 174.659439
246.006073 351.355164
632.163025 228.747009
305.969696 197.757126
579.419678 477.768951
559.002808 223.804871
1058.254517 147.477585
564.448364 472.719635
520.330688 423.490448
625.313354 443.808228
184.017639 345.030945
548.493835 432.704437
523.347168 446.546112
583.977905 161.616409
611.951294 147.823883
608.215881 225.961029
322.832275 460.297913
268.983887 364.400787
184.027451 360.030792
725.247742 370.169830
424.196289 276.472321
565.112122 161.570160
676.189758 482.835571
253.997818 366.415222
833.877014 97.063339
426.630981 463.583740
579.959351 142.737091
534.009827 178.675583
1164.885620 139.334183
199.040970 331.118225
819.856506 81.991302
670.165039 391.939392
547.065735 159.624420
681.451721 327.752533
645.239319 254.333023
489.134491 427.616119
646.903198 215.005951
1199.894043 170.564362
629.154724 244.493271
533.886902 193.724594
655.914307 200.130569
750.397766 421.089111
452.233551 177.726501
647.010559 229.687103
386.158844 219.576233
482.966248 231.902344
234.807800 164.539764
713.067322 155.030457
611.213196 410.865021
1003.453003 55.161057
485.193054 154.826828
508.223114 446.537079
459.482635 446.631622
304.958130 446.229553
629.298584 461.810547
565.078125 133.746628
596.183777 424.689728
1164.823730 154.286057
535.445740 414.583069
191.656189 233.519699
637.921326 146.955688
804.818298 82.026085
817.980591 66.993355
596.192688 409.905579
504.299744 418.406097
503.047729 153.785522
661.080383 162.798477
532.071655 159.571228
616.295532 391.876251
487.973572 193.714905
548.493835 462.769501
574.018311 226.857193
515.487183 399.467651
610.281555 461.802124
368.445343 411.376892
468.079834 232.754990
386.871490 189.503281
404.624512 465.489044
614.191650 425.753143
531.075195 138.729904
580.037476 123.731819
401.172546 250.025757
659.052063 146.846298
383.433685 410.404907
475.923035 83.745613
277.793121 319.396912
740.262085 383.196136
534.264893 378.813782
475.280243 442.681427
461.203674 141.811050
594.995789 141.702469
649.305176 273.737976
540.949280 223.866974
454.385162 283.609039
437.122101 185.706802
488.181732 139.896820
257.957397 240.652481
602.393433 476.789429
488.933105 208.762802
532.435425 399.588806
700.217346 402.095947
444.407104 414.402130
460.235077 156.744217
45.833138 67.306076
711.085815 178.320236
453.246887 398.591980
453.112671 230.698471
792.080444 220.279099
630.278381 259.398712
519.001648 174.649231
502.974579 189.703369
546.065369 133.802139
474.280273 427.662079
497.843811 233.028839
703.462036 316.541595
738.303650 400.207703
227.690720 254.710953
489.310760 459.603394
626.311279 408.899109
667.382751 411.835602
515.986389 138.934555
282.938812 348.434937
597.988586 99.630981
355.568817 426.276733
547.402161 399.756256
638.368164 332.123657
439.218964 279.611816
663.346741 497.738037
724.382141 385.194916
547.449341 477.744171
327.127136 232.686096
720.198730 109.756584
661.797546 214.963745
476.399384 396.540375
432.063202 200.633972
613.320251 376.911438
452.244904 126.707031
603.300598 240.714981
553.280396 116.829643
1160.885254 124.219383
503.948059 204.778748
513.920166 228.838486
210.728775 251.720718
459.396118 416.427277
672.987061 122.786674
569.212402 101.741310
518.848694 204.734360
719.862854 64.954887
429.429993 414.558380
239.206741 368.323242
749.312378 352.975586
445.585876 461.575287
707.039001 127.465286
599.981445 123.691002
259.893341 381.456543
581.118652 406.911163
116.174950 250.564697
519.343506 375.761963
549.099731 366.851776
580.223572 432.715912
646.414124 491.643433
688.009460 126.488701
437.287445 123.673660
710.267456 357.177887
725.312134 319.024200
277.598022 304.583221
674.028198 141.770126
620.402954 476.774933
389.675934 465.398865
718.252258 334.018280
537.320923 100.786240
349.775269 593.203308
262.820618 319.336792
518.875061 189.715424
662.225342 530.493347
549.159546 381.910553
583.106445 391.890106
632.261414 274.770721
598.321533 378.942596
324.659424 475.350250
686.151428 361.193970
460.615479 461.642792
409.184631 275.398071
317.040436 430.299072
479.471649 98.614349
632.526306 352.992371
686.043396 223.835815
373.574097 456.371948
658.064392 118.877075
704.920166 89.943367
307.910339 461.307556
1056.322144 182.489044
438.103851 224.773132
453.416260 298.628662
603.259583 255.774109
321.054565 201.714478
628.505310 367.910858
834.898254 81.951569
735.194031 108.853073
435.357513 398.605194
673.006958 107.797035
510.991089 255.152039
534.087585 363.833618
327.161438 217.692139
534.262146 115.795799
601.186035 393.898254
752.378967 331.991760
411.426117 413.670074
441.388397 105.599220
612.935364 98.709328
518.983398 123.981194
720.369934 402.177856
467.153595 381.800446
689.084229 467.708191
640.176331 431.775604
469.432495 292.673004
682.316223 418.890167
479.347839 120.978500
691.104736 484.668152
467.147614 247.746155
657.992554 103.910721
550.419983 414.734985
750.194824 82.153374
446.248749 141.827805
494.348633 98.605873
456.423767 105.567764
661.838257 229.764633
705.412354 300.608612
289.987701 449.322784
495.942261 251.014435
689.036621 141.608032
690.022644 103.746254
345.763763 442.335205
279.548767 289.474976
769.327820 358.166107
-1.000000 -1.000000
552.352051 100.811806
640.941711 131.964935
728.234497 355.061432
491.360046 401.439819
686.956970 209.056717
508.302948 471.515900
617.203308 274.772461
461.474976 85.729645
638.201477 316.941010
802.936768 67.023804
752.481384 317.156464
727.269470 303.118195
614.961853 132.915405
366.682495 471.408112
346.837463 457.290649
1215.058594 196.363693
655.120728 437.769501
474.434113 411.403931
404.883209 174.602112
613.305603 361.834778
416.146698 250.893768
464.169250 268.609863
490.495758 474.514832
598.323242 363.900848
452.167816 383.818237
424.386749 291.418091
482.151093 371.884125
631.336670 390.905487
292.482239 313.639954
334.829285 594.091309
452.383362 313.634705
518.062500 108.939384
551.881775 351.868835
665.212891 545.511047
637.921692 117.036110
523.282227 461.592194
247.808228 321.343628
640.279907 301.918854
524.258362 476.547058
283.925385 363.447205
495.951874 268.864380
565.306580 423.683258
737.151733 335.993683
519.042786 355.868378
539.047119 253.854858
1045.141602 199.506439
386.135498 234.742020
686.092712 163.709030
243.193039 383.334625
753.395264 302.267700
437.288666 320.582794
262.619598 304.563446
600.432800 491.680206
655.723389 303.966919
690.055420 182.132828
74.886345 52.160572
294.475800 290.464478
455.058044 357.863678
627.973633 100.881493
274.892975 379.418976
685.110962 238.633820
631.465393 491.640106
510.960022 269.974976
564.097656 366.932587
468.320404 307.695953
996.255432 150.599411
446.436218 87.603683
131.099289 250.551025
437.250854 381.721619
326.598785 490.264526
183.998947 330.086731
402.335083 398.679199
702.053040 210.976044
997.358765 124.463051
703.287537 341.937134
389.824860 174.739334
539.984314 238.841461
297.783417 348.609039
642.971436 101.895584
467.194519 322.714142
722.178284 124.427902
431.237091 138.702789
199.389969 376.115448
583.429688 492.731476
659.860413 244.650558
701.185364 225.738342
297.172485 242.857925
84.026726 224.774307
445.321564 156.719498
497.392059 371.841187
597.307068 348.793243
689.162720 452.686279
494.294586 122.032082
470.837830 356.834625
422.200012 123.623726
491.397278 386.733704
585.135254 241.720322
183.860565 374.963409
424.549622 478.488861
551.994507 336.987396
614.930359 117.832809
734.888977 64.004799
302.067810 431.248291
564.496460 487.792908
824.157898 241.383575
350.943176 635.667847
195.662476 248.539108
558.101624 238.655762
652.278015 412.754272
660.508789 288.883850
334.665405 579.141541
988.244629 64.334808
700.191772 240.653915
529.951904 329.947998
617.244263 346.946716
525.947388 270.879761
346.868439 472.373474
503.279144 356.741272
670.766052 200.077377
579.189819 376.903961
381.750061 480.356262
349.591797 578.280151
512.957275 341.044281
426.396820 105.565590
292.723969 328.525177
813.696472 112.253532
600.243652 332.857117
364.785095 597.188904
670.177856 434.821381
353.534668 411.363098
616.319275 491.608551
556.159973 253.724976
704.506836 424.105164
562.139160 396.898621
469.775269 341.768280
228.569977 394.411957
536.842224 348.769379
602.106873 272.779968
465.645844 68.768608
485.881561 351.990204
832.978333 66.970314
481.052643 265.800720
409.140167 138.889374
340.756836 427.321167
309.443359 285.528381
707.346069 285.722687
545.075806 321.863953
264.596100 289.483826
623.289001 331.889832
404.533264 480.330658
440.150269 357.629791
564.071106 381.937714
788.717224 97.279961
429.239227 161.674301
688.314697 343.904907
409.059570 159.757538
683.214966 499.781647
716.249146 236.489838
514.968445 326.045837
387.312592 395.598114
648.373230 506.509552
567.131104 347.853760
335.877625 658.578308
420.233337 398.649384
1063.075317 40.985638
828.766541 112.230515
683.319885 253.471207
292.994171 464.408569
585.015930 256.879608
365.742523 627.546204
1048.557129 71.171066
452.105408 250.667206
298.872986 363.540985
329.401611 512.047913
767.407654 342.979950
185.682617 203.519745
247.711548 306.493378
717.186401 221.798859
300.756165 482.278259
812.486694 127.278351
451.693726 476.568451
826.132629 175.373611
559.982910 321.816620
85.997063 209.787491
643.552246 367.851227
582.162109 348.906738
509.353302 486.335297
647.513000 353.108582
496.113464 297.856415
677.159729 530.555664
541.161743 271.687775
685.377563 559.545105
586.928467 272.861511
475.635071 474.589325
372.381256 395.476807
497.855072 331.903595
570.267456 86.801552
668.940918 177.921082
425.283203 360.456177
45.031528 82.278023
455.266693 342.783325
331.158417 678.844910
670.149841 362.171204
617.159180 301.778351
987.472839 40.987991
335.989960 638.639832
137.043091 163.489929
495.901917 312.877686
809.174988 242.165756
795.189941 417.956970
655.202393 396.857086
332.265350 258.522217
735.535156 415.159943
422.316162 320.439545
556.222168 271.685242
1048.585938 86.170731
431.510925 90.529510
58.956627 117.620026
523.013184 85.704758
213.513092 392.325989
605.100281 317.766663
673.051697 92.866570
342.038574 225.599747
319.717804 579.098633
622.969604 316.867859
798.598755 112.297768
294.390717 275.635010
511.005859 296.930389
538.480103 85.758667
402.275604 383.573883
316.023224 678.727600
324.301666 275.545624
222.981461 448.906403
734.173462 288.142700
767.423584 328.087524
422.238007 375.649658
287.051727 434.253815
704.988708 74.975769
438.225800 336.618683
350.869080 650.709412
720.435242 427.108215
168.666061 347.137695
664.299622 560.500671
439.571411 491.442078
529.948242 314.859161
572.181519 273.771271
602.070190 301.772461
768.409058 313.207794
329.643219 564.185242
309.433899 270.658447
-1.000000 -1.000000
575.352356 332.860260
664.072205 259.526428
342.048279 240.542114
481.568359 489.260437
60.942768 67.733444
410.110138 360.499084
319.854126 593.910400
309.415039 300.523560
421.640259 493.212891
466.780457 489.402435
732.212769 224.759460
168.567719 362.104950
331.544830 526.989563
-1.000000 -1.000000
324.460968 290.447205
307.455017 317.674744
789.806946 82.119850
331.655304 549.337097
728.148010 140.792572
774.123169 171.097427
583.266235 507.783325
752.389404 287.154877
650.264160 545.473694
735.233643 239.576004
698.114136 499.642426
1063.038452 115.365120
525.255554 491.591949
437.078094 239.741486
350.778442 620.631531
243.370026 398.480194
545.357056 492.826263
585.265259 84.756454
553.405884 85.808250
168.336029 377.217804
647.335938 523.305664
312.514191 255.596024
409.496399 290.254364
411.393616 104.628021
409.537750 305.231598
685.168762 433.853973
370.846558 213.787949
350.875977 665.663879
621.237427 506.334106
980.782166 191.424011
737.181519 123.508789
422.317383 345.439270
40.147930 576.190491
818.333191 160.325775
566.464111 502.841370
590.136475 316.812164
289.768005 378.517609
1201.094238 54.486301
249.668106 289.406281
366.784576 486.316010
659.364380 575.511292
60.921440 97.681549
279.422302 274.631317
347.162537 258.623566
599.311218 506.540466
657.849976 88.888023
365.679840 642.535278
831.065918 205.369293
431.610535 75.650597
715.290710 251.542603
393.782471 159.791245
257.979340 396.552032
339.129242 273.630981
698.278381 255.621902
225.966034 464.055206
335.969910 202.780457
251.013443 450.045074
393.866608 142.939209
407.285034 320.359222
768.282043 298.282196
265.943817 591.640442
437.035034 254.615616
40.013542 251.069519
735.551147 429.974243
213.719528 325.427216
713.032593 499.781128
827.609009 127.256401
73.926613 114.631340
416.528870 89.511047
743.147461 141.014847
286.940277 419.280060
255.959106 41.027348
540.169922 291.814270
159.050278 233.229416
290.863220 197.690399
301.951660 416.260437
40.033371 591.684265
348.805237 487.296112
84.241760 239.603607
680.248413 574.458618
575.308228 312.772308
260.096649 464.938690
198.590530 391.219025
407.110046 345.563385
314.727142 564.218689
803.322510 160.300537
692.226868 543.458191
558.217773 306.779236
612.959473 83.775261
55.032879 132.324890
366.150452 228.684082
706.092102 484.690521
40.077042 560.353394
704.153503 468.615570
753.451904 271.965149
394.799927 495.035736
395.184479 368.542816
269.993774 576.143555
70.801666 198.562592
695.166443 574.574097
743.386353 254.798538
312.899689 348.521912
692.198914 528.684753
335.896027 623.526489
60.921341 82.791862
394.338806 280.294891
472.645355 504.324188
754.179443 237.628601
219.906876 433.846069
642.864441 86.860008
274.878693 394.522400
663.197266 512.717285
168.820038 332.037872
583.263855 297.826294
467.571899 53.828449
269.513916 539.372131
712.126221 514.840027
339.306396 288.572510
321.088989 654.524902
662.326477 343.218170
758.153931 141.015869
649.229004 560.469299
407.233063 123.733086
-1.000000 -1.000000
244.940140 464.997925
41.151733 371.881622
436.466034 506.279053
232.581757 321.594482
40.050674 271.273682
627.971863 85.834633
758.353821 255.852875
1048.532715 56.226917
566.540039 517.828125
797.397644 127.279068
690.011108 88.920357
737.239685 272.997894
255.244614 574.162720
782.378723 343.069611
556.243347 286.789734
677.047058 589.986450
719.139221 466.697205
307.680267 332.514618
251.079544 592.699951
420.621552 508.136078
324.472656 305.517334
1184.541870 169.501785
377.342651 380.437775
1060.166870 201.421692
266.160339 449.994049
252.697891 539.226685
356.001343 210.842545
314.363861 512.738464
700.202393 559.790771
-1.000000 -1.000000
266.493073 554.280396
57.866535 147.421661
207.863144 448.873840
525.987427 70.669418
386.139923 249.996048
229.218918 479.061401
304.892426 378.365479
260.074493 480.019226
784.323059 358.174347
721.300415 481.714020
695.977661 590.999146
-1.000000 -1.000000
730.362976 499.723785
242.527069 553.949280
564.473145 568.332092
371.683441 198.772049
316.487122 527.696167
799.171082 403.211243
276.215759 245.793381
283.922455 538.376038
704.284607 453.639313
490.532867 504.230957
280.910431 593.590942
972.199097 40.995384
321.149628 636.736572
374.473175 175.020294
338.733612 412.389191
75.943085 96.730240
277.888824 464.965546
364.606598 582.238220
764.169128 223.130447
-1.000000 -1.000000
354.136047 280.706848
622.248535 521.152588
304.629852 579.080383
768.381287 272.913330
1108.528442 343.644928
285.763123 480.252411
357.442444 396.345856
286.870239 557.342407
131.573120 445.206909
240.309601 572.844604
730.496399 517.729126
41.188892 293.272949
547.547668 567.271179
962.986450 273.167633
769.235168 237.852692
252.085022 429.202728
794.199280 243.044342
672.917908 77.890587
1093.254150 342.862000
294.561951 260.524292
446.188171 72.778984
-1.000000 -1.000000
146.024857 250.371017
715.298096 560.183899
539.462219 507.628479
583.359802 522.676392
210.864960 464.079193
69.865570 132.323166
662.261597 590.741211
634.166931 569.448792
371.211823 243.694382
782.365723 328.153656
300.675049 678.756531
346.470245 563.352234
619.360962 570.441162
1214.898071 211.374329
394.499756 295.144165
-1.000000 -1.000000
41.108608 168.607635
-1.000000 -1.000000
116.416367 445.096039
-1.000000 -1.000000
509.334503 501.400330
-1.000000 -1.000000
258.367920 255.500046
416.632507 74.625435
60.876190 162.392731
75.928322 81.806366
729.663452 532.780884
625.096313 538.298706
962.986511 288.178070
529.685547 565.331421
221.308411 412.887207
316.634247 543.178467
346.701172 502.151764
752.211731 111.940048
131.397888 430.228088
101.528000 444.916626
745.298584 502.874878
40.009041 337.982513
736.376648 484.805145
773.235718 255.837570
354.345123 295.572998
393.695526 510.038452
335.820740 608.837769
783.416260 313.177551
584.563538 571.625305
311.458405 496.805145
730.577515 444.650391
275.763336 185.556992
1092.212402 357.757385
235.150436 430.027771
634.049500 554.430359
743.265625 598.998047
765.206177 432.828186
982.236633 123.999161
311.436829 621.531067
301.675659 529.918579
236.192612 591.461792
750.016052 67.034576
524.271057 506.506287
304.845673 593.492615
1110.403809 358.568665
714.327942 529.920349
339.458527 303.421295
245.032532 480.195465
237.436539 535.092468
600.274658 521.399231
392.061646 353.626404
197.443558 405.955811
541.361145 70.790787
734.416687 461.775482
40.052261 481.779755
-1.000000 -1.000000
192.680984 444.909271
547.516296 552.228516
264.633362 274.463196
787.967224 67.073593
40.002625 308.415894
378.761505 159.859039
432.954651 567.363281
116.274475 430.064087
565.466614 553.263123
270.874084 41.061962
730.635193 547.884033
362.267700 258.666565
750.331665 435.756073
139.593292 678.910156
236.434891 413.109589
367.702545 612.738831
299.609070 513.949341
198.522446 316.585022
564.523071 583.472656
40.048813 618.174622
547.585876 582.487122
378.920685 501.147736
749.240295 222.741257
-1.000000 -1.000000
448.981140 558.569946
454.701202 504.414734
714.270081 544.819946
709.782043 574.773315
1108.438110 328.671265
1123.714722 343.426788
601.670166 569.553711
736.216919 576.294800
1033.851318 231.673355
68.939209 183.683746
405.847900 557.334778
474.331543 519.201477
824.200745 256.365479
40.034496 497.069427
1040.084717 216.502151
529.575806 550.267151
72.873482 147.461365
692.886719 605.994080
214.236649 479.125519
848.889893 96.929710
676.967957 604.933472
745.416748 519.851013
356.783447 195.942871
710.889343 589.829163
377.170837 365.555054
619.382690 555.289856
296.696655 496.985596
284.690796 579.148621
-1.000000 -1.000000
392.481964 310.178802
1093.227295 327.904755
322.336792 320.733856
316.974792 415.310547
505.279053 516.198547
1181.228882 83.604637
780.994385 156.113785
101.571304 430.028412
378.743683 144.899017
363.881470 501.222900
313.979309 363.414886
261.101349 495.257202
383.240143 595.196838
511.052216 561.387756
-1.000000 -1.000000
389.779602 555.438049
746.263306 613.796326
420.607635 552.296692
406.784332 572.033447
230.249176 494.167114
705.334900 438.894562
722.157471 273.296906
508.871979 546.352173
960.161011 258.267639
269.390167 519.397827
379.271179 279.656494
447.987701 573.410889
301.684967 545.343384
388.641632 570.330444
40.005497 323.340546
472.925446 558.324402
529.760803 580.548401
306.154419 658.388062
584.560730 586.535339
213.445679 310.662903
657.619202 73.896301
783.326721 298.274872
121.932014 678.944214
272.173615 427.402161
365.385651 657.543762
799.298340 373.155243
-1.000000 -1.000000
301.824188 401.334198
232.494247 306.701752
459.375916 530.285889
-1.000000 -1.000000
196.071167 420.817078
602.422852 543.308167
327.976044 348.684509
154.259506 678.915771
105.783226 414.144226
488.899475 559.156616
-1.000000 -1.000000
-1.000000 -1.000000
75.876999 166.413376
132.458511 415.418915
627.879395 70.832680
490.295807 519.138611
751.271973 487.859528
760.258179 503.663757
745.409180 535.021545
401.560852 89.700462
147.002930 445.100128
-1.000000 -1.000000
800.269592 388.114685
476.333374 678.730652
40.067673 656.611511
989.881897 296.181824
583.506714 545.443787
252.246338 413.416534
1125.598511 358.423523
546.568115 522.578918
728.257568 590.958191
760.304749 519.679504
815.812073 403.817474
134.838135 460.165710
611.994873 68.785614
474.446564 534.319702
245.056320 502.333710
342.612091 387.353271
978.103516 269.188049
-1.000000 -1.000000
383.191650 612.904053
704.817932 59.927643
254.307648 517.273926
346.653809 525.078308
492.781158 542.228271
63.983780 571.298889
393.685181 674.555359
860.051941 252.543716
597.226318 69.749138
-1.000000 -1.000000
87.643013 266.069031
707.202515 271.059418
379.125244 264.937408
-1.000000 -1.000000
964.725403 303.130188
749.197937 461.772766
973.118164 96.585571
843.798096 112.052864
844.843628 253.478943
758.406311 599.039062
215.315811 494.111298
432.581329 533.630615
1238.480957 307.900055
67.911789 407.166718
662.078613 605.767212
124.215515 643.855286
642.683777 71.865479
283.755524 519.187561
275.927368 496.328369
408.907654 674.312744
183.442734 315.479980
152.406494 421.206238
124.345612 658.836975
973.129089 81.571320
239.328232 518.331177
333.804840 363.328705
566.433594 538.358826
707.808716 605.772827
362.527985 380.223541
528.463928 535.398560
178.233124 613.440308
570.355103 71.813362
1138.862915 343.580231
815.872620 418.779602
1004.847717 251.452179
272.127380 411.514496
675.089233 630.944519
407.939453 535.450623
453.830078 678.622253
783.323486 272.112793
364.655670 567.362915
512.032593 576.453186
-1.000000 -1.000000
346.682831 545.404297
1230.004883 214.622406
1014.999146 212.536713
647.307434 590.687683
60.584587 478.672668
751.286804 578.541382
550.438049 537.427979
527.787231 55.683468
1238.972656 526.821045
-1.000000 -1.000000
491.388977 678.838013
367.245972 673.439148
372.879272 552.456421
221.284592 509.114166
389.010315 534.373108
1238.471680 322.845337
760.284912 534.937500
469.132111 573.470520
91.027855 411.976044
814.218689 678.946472
320.086212 378.213684
69.326469 228.503998
-1.000000 -1.000000
139.491257 658.908630
761.372192 613.987976
993.162415 281.063965
673.997375 645.234680
602.653625 584.641541
96.600830 360.527557
619.467407 585.673706
507.392365 531.293091
-1.000000 -1.000000
83.936516 183.644852
392.098389 338.776367
428.963715 674.399414
195.511230 464.167511
119.469025 460.152252
189.954559 153.569748
161.984299 445.130798
234.633118 291.549957
377.112213 350.688263
1123.520996 328.428650
745.425842 556.568787
354.560333 310.504639
86.585091 446.626099
1032.661377 246.555420
102.665604 267.022888
1099.536011 254.762878
167.565628 392.572113
178.154938 598.627075
163.605530 617.258850
1008.632996 236.493759
374.035004 537.501343
797.344543 328.998077
380.424103 627.556335
798.945129 678.897888
993.021545 266.213776
103.078430 645.281067
394.184082 265.148132
61.637245 556.688904
143.459229 643.867310
359.556580 181.086945
489.066895 574.391357
471.337830 661.082214
-1.000000 -1.000000
1140.046997 255.630722
1004.989807 296.235870
1178.331909 100.155052
67.085320 423.810760
-1.000000 -1.000000
666.227051 674.913208
152.719513 389.621063
227.366486 557.750427
1049.026611 233.577957
342.950104 348.553986
-1.000000 -1.000000
86.665047 281.023163
40.183868 635.687378
66.632942 392.634064
1055.422485 216.483124
1069.192505 237.605713
60.645973 494.076569
168.465134 317.352966
-1.000000 -1.000000
809.194824 257.200531
952.818420 161.345230
306.491364 636.531250
96.628632 375.915009
90.929070 167.623291
1238.363403 337.378601
1123.608032 304.388947
153.240189 406.192535
1138.738037 296.235779
133.711563 475.153442
396.299896 106.285629
148.272324 617.070557
847.961670 66.847389
1108.386719 313.780945
317.999725 400.370422
167.261108 421.316956
60.551022 243.320648
-1.000000 -1.000000
225.268402 572.359192
842.670105 127.091743
123.150520 628.802429
103.751747 281.982758
193.185776 610.164124
-1.000000 -1.000000
234.445068 606.907410
766.282593 488.581390
96.468369 464.905396
689.970337 73.935112
431.991699 582.340027
220.287460 524.065369
669.157043 659.895020
1074.072754 256.598541
1238.551636 292.055420
399.651215 659.289246
1238.927856 507.149292
1140.654297 358.429504
486.445404 660.844116
71.742638 369.700714
71.114792 438.391449
689.978821 631.117859
109.145485 660.102173
765.149597 97.257530
249.760620 274.336639
365.883545 516.188354
68.739899 213.686203
798.396973 314.091064
176.620346 446.404358
452.461792 660.971191
117.590454 266.870453
1012.109924 311.130005
282.383392 608.208313
1095.533691 271.498138
956.715027 41.005478
728.181824 605.780701
60.657482 258.379425
95.352180 540.737610
348.646851 363.315521
849.907593 81.837784
176.153137 583.600281
925.021851 253.446564
1119.705444 253.536362
391.998291 127.933868
815.968628 433.999725
90.909470 298.941833
150.277191 459.982605
222.364441 538.778809
107.876884 630.425598
79.653107 354.425964
160.456116 248.112900
1156.980713 109.078110
152.687500 359.467590
369.383148 294.465393
335.951691 187.851715
710.916504 620.668152
875.020325 252.481918
69.926193 586.006653
121.118698 513.893372
450.400574 57.926910
138.382111 400.365448
152.686432 374.674438
448.063263 588.413330
105.911682 298.887360
182.037048 300.453857
688.797791 645.345154
118.428345 475.048309
95.871620 526.020813
84.821106 129.411331
780.175537 432.904480
-1.000000 -1.000000
1070.233521 222.399139
-1.000000 -1.000000
940.044373 254.408600
337.782318 333.263824
266.139984 606.309631
975.311890 254.270416
760.414673 550.421143
798.333374 299.078125
96.667488 479.685547
748.475037 628.543884
220.968597 591.239624
1077.205322 351.972046
1077.020386 271.480133
999.743713 221.547577
-1.000000 -1.000000
834.994751 398.897430
-1.000000 -1.000000
363.757538 159.853180
416.426147 587.025452
198.270950 301.763000
111.410706 354.302582
321.223846 186.703934
192.947723 595.460144
1138.654541 328.516052
94.789406 313.966034
82.892265 397.430664
163.491852 602.458862
384.425995 659.546265
122.516907 528.749268
1138.770386 281.285645
548.557129 597.452759
864.166077 302.474457
565.451233 598.455750
401.587006 74.857346
77.048286 478.312256
98.022018 397.378815
1238.952637 566.380005
94.348633 556.889526
154.721252 658.893860
1109.304810 230.466385
93.229797 630.525085
-1.000000 -1.000000
681.254211 674.900757
704.709351 641.626892
937.393311 161.389542
138.104446 385.642731
219.027298 608.983582
839.301392 298.151764
764.199463 461.581116
-1.000000 -1.000000
909.831970 252.561981
78.860428 571.119141
198.718399 479.319183
684.115479 659.882080
783.617981 112.341827
-1.000000 -1.000000
-1.000000 -1.000000
101.388107 511.010620
251.227417 607.279907
167.237885 302.533813
801.062195 438.494446
67.452301 611.923096
126.846146 543.811768
118.769737 283.762085
766.411560 579.275635
126.288498 353.968231
1093.103516 313.185730
339.523285 318.409454
991.187866 311.064423
380.183228 642.494019
61.556927 538.554810
805.832886 653.856873
174.740189 464.367188
-1.000000 -1.000000
1078.263062 337.105194
76.525558 556.648071
121.101273 308.619995
284.953766 678.787659
86.912506 431.705963
60.641468 509.229156
96.534576 345.399353
161.070831 218.441071
431.156921 659.376160
88.263657 645.334351
369.608002 309.490784
894.977417 253.503952
1019.881836 296.206757
147.965988 598.503174
158.790771 643.662476
781.637024 658.790771
415.031708 659.308533
1095.101318 372.643036
651.571472 678.271057
855.307739 287.423645
530.731934 595.552124
1062.973999 100.210907
776.382751 612.976868
291.788513 631.074280
838.261108 315.343597
587.357117 601.522949
61.129753 334.638153
832.957520 190.374557
111.132713 543.830017
71.613136 278.242889
1166.016113 169.097137
647.353394 605.683105
87.887794 151.484421
1110.260864 373.510132
357.787628 348.489105
374.377289 335.948212
98.521233 495.942566
660.329590 629.856445
175.566620 248.379471
1023.337280 425.344116
1121.780640 268.394196
950.323486 176.448074
626.986694 55.822788
775.276001 521.724731
1153.721924 343.766266
859.740417 237.541092
149.146667 474.905029
763.541748 628.700745
1138.531494 311.317902
81.533264 463.656311
867.236755 317.679291
305.879120 182.892502
118.894424 499.144562
88.928352 111.854309
153.122635 344.292999
775.253296 505.728394
177.764252 481.447235
138.047455 370.474091
556.963013 678.803955
542.854980 55.785519
1008.330505 281.026489
-1.000000 -1.000000
731.235413 620.572144
597.298401 54.726261
79.564629 314.220978
-1.000000 -1.000000
1027.085327 311.014252
66.750519 453.559265
849.996704 398.865448
401.218353 586.806946
939.811279 239.459869
93.676422 330.136688
94.515633 660.466064
632.178772 600.578491
60.891369 313.972839
915.685974 237.557617
815.807251 388.409119
-1.000000 -1.000000
836.979187 381.492767
844.507996 238.455444
149.932205 583.566528
83.086777 611.740967
132.456024 267.534271
1123.712646 284.243195
1030.261108 404.857819
799.343262 343.931702
1125.394409 373.335297
878.813354 302.773926
1199.516846 185.275116
75.648254 296.170807
1001.814087 425.235443
1142.602905 430.795837
748.321716 675.469788
1155.398682 359.345612
85.462837 585.825439
659.290283 644.445862
234.858063 276.403687
1094.149414 232.426636
748.344727 643.363586
839.171204 283.327942
225.245560 624.165039
1038.145020 424.719757
531.560242 40.688488
111.725693 371.885498
124.021240 400.231445
954.963074 243.334137
1076.962036 366.554443
352.985535 333.497223
617.292908 600.708130
-1.000000 -1.000000
1007.673218 266.364685
763.348755 643.323975
73.247505 652.593567
132.977966 614.080566
78.007172 493.555084
773.405579 597.918335
75.759918 338.095245
80.576744 541.529114
696.553589 674.854797
1238.457520 415.197754
881.965088 317.959595
1047.809570 248.555298
611.962097 53.788788
469.178802 588.433899
782.370178 127.140434
167.108597 262.618927
870.115662 287.333557
557.294067 660.836304
137.659332 528.721436
-1.000000 -1.000000
167.056137 286.975006
-1.000000 -1.000000
813.280457 319.679352
824.270264 284.429443
191.025604 580.173645
766.563293 660.585327
1093.484253 298.133026
431.467865 60.752548
778.702698 629.725159
990.164246 251.310959
109.300797 558.735413
949.552246 311.857513
843.746826 414.237335
431.873230 597.281006
798.298828 281.281250
1077.768066 524.417664
836.142456 330.061798
80.979950 513.861206
1087.692749 542.614929
153.949326 324.752197
775.203247 537.189331
542.285889 674.941406
414.390259 59.783497
508.301025 678.810364
254.502502 621.968445
206.443344 509.210480
136.209488 513.820984
395.408417 644.349487
947.833923 285.973633
856.904846 382.552948
999.130432 453.946045
471.149872 646.201355
363.711243 144.838501
874.903625 237.468063
1021.319519 577.971436
972.016174 452.144806
602.368896 599.636230
699.303894 659.644958
-1.000000 -1.000000
133.580460 282.372467
-1.000000 -1.000000
1238.899292 488.357208
109.693840 324.041656
1238.469238 592.286865
1020.216370 440.101562
1077.178833 286.868896
922.329346 162.452103
824.588318 298.905334
897.085754 315.692413
161.267776 203.508682
206.175079 575.929749
965.445984 176.435577
923.803772 324.207428
635.658569 678.355774
1112.809570 523.283691
582.338379 56.764381
1078.575928 322.274597
151.977936 264.166290
654.162415 660.034302
751.455322 659.531982
111.464348 339.315002
1045.363770 405.161194
61.226532 349.544098
195.930496 263.335022
213.346558 295.736145
486.811218 589.284851
813.215332 142.254547
134.516495 489.817535
1229.336670 633.981079
1127.179810 429.605255
200.145233 494.179077
1163.176880 93.554756
1142.055542 240.634933
1238.899170 275.524933
1032.573364 261.542725
78.486839 627.483643
1175.112915 677.546387
935.057007 177.462891
672.497803 62.873730
1035.146118 284.077698
903.274536 435.768860
921.242065 437.866211
965.955261 317.997711
993.855103 236.442917
814.174072 334.406952
90.968170 96.996346
1108.663940 286.642487
173.944458 233.483917
276.848511 622.615356
542.279663 659.659668
514.671509 591.423889
1168.996094 427.419281
376.590942 129.701736
-1.000000 -1.000000
97.691299 614.872192
125.145432 323.507812
1045.316284 657.959961
118.689896 613.716797
1073.336914 545.000549
61.075874 627.551453
957.359009 452.170502
892.853516 238.487900
-1.000000 -1.000000
1003.665100 330.607300
1037.277954 578.403564
486.239380 646.000854
93.696915 571.451538
502.016052 660.648804
1212.870850 418.899750
1116.407471 538.348694
872.290527 382.587250
904.514221 420.658997
1209.167725 237.120743
1196.719238 417.432129
1238.569824 430.725037
124.103813 558.460510
1028.875488 659.546631
765.136169 82.275826
865.157166 397.683563
838.869263 268.001282
779.219910 447.808716
927.011597 347.363098
1147.337891 415.438507
1142.595459 445.962341
1168.760498 345.161469
1229.216797 648.801575
781.525208 644.169983
896.633728 636.530701
141.711548 544.031433
719.693054 635.703552
1093.458984 522.176208
934.737610 308.872009
1015.222595 410.612000
186.189514 628.525085
866.047180 332.348175
1224.261353 233.180420
904.750183 330.661041
1089.624268 561.641174
197.521240 283.565613
132.675095 599.589661
344.644135 173.039856
887.841736 445.632111
205.132050 524.311890
1021.428284 592.713318
1061.528564 651.258545
247.251587 637.150146
1103.470947 398.000519
1079.927856 381.579498
1140.274780 373.089600
896.189331 300.532013
1035.302734 440.251343
903.210754 660.070496
736.798767 659.241455
1126.508179 397.434631
1128.949463 414.497833
961.070374 437.208862
1059.278564 354.052582
986.818604 436.132721
1170.465088 253.720016
1052.112671 337.849854
895.104553 512.045898
150.013504 568.635132
454.923065 646.052673
1146.392578 678.860657
884.323669 421.350983
816.881409 373.542572
974.419495 338.451080
-1.000000 -1.000000
1142.192139 225.542114
904.097900 450.957275
1027.274170 381.495300
719.972595 49.997974
-1.000000 -1.000000
820.695068 657.790161
1127.747192 522.424683
807.542297 639.087952
1124.838379 238.522446
151.802490 279.480591
1171.957520 412.336151
181.731949 285.033356
60.559700 524.521179
924.450195 422.708801
169.324265 660.599670
226.470505 639.152283
851.364990 330.533325
1225.206787 329.769348
919.880798 309.035950
841.924072 365.140320
816.331238 448.848236
1078.413330 307.306610
1131.260620 609.998779
210.203217 624.072144
572.387268 675.344482
779.188293 462.798645
191.032104 509.312561
1015.108093 454.909729
247.196320 652.607117
856.750305 366.183655
909.777893 516.740295
1214.699463 633.064941
985.977661 658.531433
932.768555 284.632935
1189.351929 402.495544
1063.432495 85.220398
1036.998413 592.935852
1021.431885 563.052307
909.914307 537.896729
1063.173340 529.592529
291.761902 650.315674
126.819427 338.651276
939.147949 327.217377
1046.302368 313.410614
642.493652 56.862453
954.657166 228.356842
1062.856934 637.359741
936.523621 224.367142
639.005249 660.987854
1155.954712 255.727432
818.790833 358.163513
1006.042297 577.413025
880.429077 511.452209
1012.138062 381.043488
880.786255 332.613007
395.603821 629.433228
941.590942 451.248749
211.655960 266.637451
100.028473 586.130920
1181.296753 68.164116
189.912201 524.321594
853.937744 272.144318
207.011414 538.970581
1238.609741 618.264709
956.528320 338.801636
791.502014 614.100098
824.031982 569.323730
986.858826 421.243744
926.325928 452.637695
266.263092 651.625916
1238.901489 260.275208
-1.000000 -1.000000
1131.229370 547.769226
1220.752075 617.942932
1050.039917 282.069153
91.033730 82.119057
1104.061768 639.538879
-1.000000 -1.000000
1166.006836 442.377075
567.085815 56.807537
908.774475 345.594116
1053.395264 424.256622
846.341553 429.049469
817.279480 51.913368
410.651581 644.277283
1041.175903 608.130066
1142.200073 398.163757
1058.527466 547.403870
1116.369385 610.008240
987.141174 644.367310
1002.028320 643.361450
1183.754272 238.482346
1200.065796 222.258377
788.372864 598.202576
1170.260986 359.777649
454.853943 40.808125
1170.896118 397.262054
830.175598 433.999817
881.597900 637.522339
645.216614 620.728577
1077.718628 640.511047
981.170715 146.404648
1223.043213 314.770447
168.652344 568.781372
970.991211 239.338516
1204.236206 615.390259
435.059998 644.515198
1185.277344 253.678787
924.879456 515.696106
1046.794434 639.143616
895.325195 532.192749
848.243591 443.756104
1059.308716 607.218506
1060.347290 403.213593
521.097107 678.785217
572.645691 660.075134
944.755676 268.721252
953.355164 477.261932
1127.478027 444.812103
1112.408203 429.244629
114.413124 588.341370
939.364563 436.504120
869.142151 272.768250
888.060059 659.889465
1157.108643 238.583252
925.157776 536.664429
871.935120 367.155975
822.123718 642.843323
1227.821167 421.027893
1210.281982 329.706818
862.992737 351.198273
942.475159 354.439392
1114.006836 413.923340
968.070618 470.959106
920.091431 177.451813
822.826416 554.206848
1059.875610 621.782410
1146.261230 609.909729
1052.124634 578.933289
999.628418 604.524597
1042.683228 381.722351
644.400085 645.398132
878.362793 489.262543
1075.489380 506.714966
1214.040527 403.868378
1082.613037 396.953552
972.053772 420.515381
1126.258179 562.395142
1153.362549 328.641571
134.772171 583.583191
1078.397095 654.402466
876.152771 472.057007
1200.246460 631.039001
1200.074951 207.193649
1128.099731 625.450989
1037.451050 563.681396
962.787170 575.301575
1018.495178 336.526001
1155.079590 374.031830
1183.733398 223.417679
152.948349 309.711731
900.157471 619.747864
1059.862549 563.821777
1005.952820 562.461548
136.281494 308.205566
-1.000000 -1.000000
971.552673 660.100403
999.942444 406.146851
918.194885 285.859680
869.124695 421.596191
1216.371826 388.997192
775.353638 552.593628
939.748230 558.881470
1228.899658 526.076843
1026.599731 645.038757
152.330032 528.776917
872.957336 444.323639
1044.701538 622.329590
1017.531982 608.274536
516.599487 660.504150
1047.890869 263.510834
794.241882 452.739594
152.747925 294.329590
915.251465 222.372940
1170.748047 382.136993
1124.811279 223.485611
212.246582 553.508850
416.575470 602.025208
173.778336 642.508423
949.854065 191.464340
990.679138 575.957031
1214.459961 647.902405
99.894226 136.504776
1187.968018 387.415039
1228.998535 510.233459
1013.524963 659.017578
1075.496460 562.132385
900.101196 275.507538
906.973633 162.462296
924.067749 559.241760
1183.767090 432.317505
1106.202393 215.445526
957.254211 421.650909
