552.032166 380.691986
-1.000000 -1.000000
-1.000000 -1.000000
-1.000000 -1.000000
-1.000000 -1.000000
-1.000000 -1.000000
-1.000000 -1.000000
673.163635 464.842041
-1.000000 -1.000000
-1.000000 -1.000000
-1.000000 -1.000000
-1.000000 -1.000000
-1.000000 -1.000000
-1.000000 -1.000000
648.559875 362.285095
851.332642 535.162964
-1.000000 -1.000000
-1.000000 -1.000000
-1.000000 -1.000000
-1.000000 -1.000000
-1.000000 -1.000000
-1.000000 -1.000000
-1.000000 -1.000000
-1.000000 -1.000000
695.199951 554.832214
-1.000000 -1.000000
-1.000000 -1.000000
460.395844 391.622498
472.615692 491.157257
-1.000000 -1.000000
765.279602 503.054840
-1.000000 -1.000000
-1.000000 -1.000000
-1.000000 -1.000000
-1.000000 -1.000000
-1.000000 -1.000000
-1.000000 -1.000000
-1.000000 -1.000000
-1.000000 -1.000000
-1.000000 -1.000000
-1.000000 -1.000000
640.242371 349.429108
-1.000000 -1.000000
-1.000000 -1.000000
-1.000000 -1.000000
-1.000000 -1.000000
-1.000000 -1.000000
-1.000000 -1.000000
-1.000000 -1.000000
-1.000000 -1.000000
1004.861938 526.210449
-1.000000 -1.000000
758.766357 350.938660
-1.000000 -1.000000
-1.000000 -1.000000
-1.000000 -1.000000
766.190308 313.369476
661.012756 358.918213
-1.000000 -1.000000
-1.000000 -1.000000
-1.000000 -1.000000
541.292175 508.838623
-1.000000 -1.000000
-1.000000 -1.000000
-1.000000 -1.000000
728.747437 577.143982
-1.000000 -1.000000
-1.000000 -1.000000
-1.000000 -1.000000
446.723480 396.828125
588.556641 403.036804
-1.000000 -1.000000
-1.000000 -1.000000
642.042725 645.458252
-1.000000 -1.000000
-1.000000 -1.000000
1041.807251 517.311646
562.922852 377.946136
-1.000000 -1.000000
-1.000000 -1.000000
-1.000000 -1.000000
788.215576 374.325958
-1.000000 -1.000000
-1.000000 -1.000000
-1.000000 -1.000000
-1.000000 -1.000000
-1.000000 -1.000000
-1.000000 -1.000000
-1.000000 -1.000000
-1.000000 -1.000000
-1.000000 -1.000000
-1.000000 -1.000000
-1.000000 -1.000000
-1.000000 -1.000000
763.822327 458.320679
-1.000000 -1.000000
-1.000000 -1.000000
649.087524 441.580292
-1.000000 -1.000000
-1.000000 -1.000000
-1.000000 -1.000000
-1.000000 -1.000000
-1.000000 -1.000000
-1.000000 -1.000000
-1.000000 -1.000000
-1.000000 -1.000000
-1.000000 -1.000000
695.086548 555.720703
-1.000000 -1.000000
-1.000000 -1.000000
-1.000000 -1.000000
-1.000000 -1.000000
-1.000000 -1.000000
-1.000000 -1.000000
-1.000000 -1.000000
-1.000000 -1.000000
-1.000000 -1.000000
816.210388 307.734528
902.225037 551.728333
-1.000000 -1.000000
-1.000000 -1.000000
-1.000000 -1.000000
-1.000000 -1.000000
692.703613 411.272003
-1.000000 -1.000000
652.326172 634.084106
-1.000000 -1.000000
-1.000000 -1.000000
-1.000000 -1.000000
-1.000000 -1.000000
-1.000000 -1.000000
-1.000000 -1.000000
559.599548 606.750610
-1.000000 -1.000000
-1.000000 -1.000000
-1.000000 -1.000000
-1.000000 -1.000000
-1.000000 -1.000000
811.978455 619.716492
-1.000000 -1.000000
-1.000000 -1.000000
-1.000000 -1.000000
-1.000000 -1.000000
-1.000000 -1.000000
-1.000000 -1.000000
565.078857 489.537628
1030.432373 389.978546
-1.000000 -1.000000
-1.000000 -1.000000
-1.000000 -1.000000
-1.000000 -1.000000
-1.000000 -1.000000
-1.000000 -1.000000
-1.000000 -1.000000
-1.000000 -1.000000
-1.000000 -1.000000
-1.000000 -1.000000
-1.000000 -1.000000
-1.000000 -1.000000
-1.000000 -1.000000
-1.000000 -1.000000
808.104187 366.597046
-1.000000 -1.000000
-1.000000 -1.000000
-1.000000 -1.000000
-1.000000 -1.000000
737.368958 482.424561
-1.000000 -1.000000
-1.000000 -1.000000
-1.000000 -1.000000
-1.000000 -1.000000
-1.000000 -1.000000
-1.000000 -1.000000
-1.000000 -1.000000
751.083557 595.414978
-1.000000 -1.000000
-1.000000 -1.000000
-1.000000 -1.000000
-1.000000 -1.000000
-1.000000 -1.000000
-1.000000 -1.000000
-1.000000 -1.000000
-1.000000 -1.000000
499.769531 565.452332
-1.000000 -1.000000
-1.000000 -1.000000
-1.000000 -1.000000
-1.000000 -1.000000
504.692505 189.197571
-1.000000 -1.000000
-1.000000 -1.000000
774.640198 476.411530
-1.000000 -1.000000
-1.000000 -1.000000
-1.000000 -1.000000
-1.000000 -1.000000
-1.000000 -1.000000
-1.000000 -1.000000
-1.000000 -1.000000
-1.000000 -1.000000
-1.000000 -1.000000
-1.000000 -1.000000
539.639160 292.799133
-1.000000 -1.000000
-1.000000 -1.000000
519.562256 209.936356
-1.000000 -1.000000
-1.000000 -1.000000
-1.000000 -1.000000
-1.000000 -1.000000
-1.000000 -1.000000
-1.000000 -1.000000
747.210144 178.366867
-1.000000 -1.000000
-1.000000 -1.000000
-1.000000 -1.000000
-1.000000 -1.000000
-1.000000 -1.000000
-1.000000 -1.000000
-1.000000 -1.000000
-1.000000 -1.000000
921.008301 472.723114
-1.000000 -1.000000
538.109131 385.616455
-1.000000 -1.000000
-1.000000 -1.000000
896.323669 593.706238
581.678162 313.061951
-1.000000 -1.000000
559.024841 527.116943
-1.000000 -1.000000
-1.000000 -1.000000
-1.000000 -1.000000
806.570007 306.180481
-1.000000 -1.000000
661.090393 648.125061
-1.000000 -1.000000
-1.000000 -1.000000
-1.000000 -1.000000
-1.000000 -1.000000
-1.000000 -1.000000
-1.000000 -1.000000
-1.000000 -1.000000
-1.000000 -1.000000
481.190125 496.936371
641.809631 559.824158
-1.000000 -1.000000
-1.000000 -1.000000
-1.000000 -1.000000
847.176208 444.515747
-1.000000 -1.000000
-1.000000 -1.000000
-1.000000 -1.000000
586.234619 653.129883
-1.000000 -1.000000
-1.000000 -1.000000
458.687286 256.845032
990.033630 589.960938
-1.000000 -1.000000
-1.000000 -1.000000
-1.000000 -1.000000
812.142395 541.080994
843.372375 539.161011
-1.000000 -1.000000
-1.000000 -1.000000
-1.000000 -1.000000
429.875061 477.916687
-1.000000 -1.000000
-1.000000 -1.000000
-1.000000 -1.000000
-1.000000 -1.000000
640.603821 543.889526
-1.000000 -1.000000
663.661560 230.453903
-1.000000 -1.000000
-1.000000 -1.000000
630.766785 566.665344
666.651184 264.039185
922.587280 456.600250
751.822205 68.707085
-1.000000 -1.000000
-1.000000 -1.000000
-1.000000 -1.000000
420.769958 444.000183
-1.000000 -1.000000
554.588623 508.739502
-1.000000 -1.000000
849.526855 303.802979
-1.000000 -1.000000
548.209045 211.254456
-1.000000 -1.000000
-1.000000 -1.000000
592.675171 515.826172
435.653961 387.011017
-1.000000 -1.000000
-1.000000 -1.000000
-1.000000 -1.000000
-1.000000 -1.000000
-1.000000 -1.000000
734.795593 265.652344
961.963379 471.754822
-1.000000 -1.000000
-1.000000 -1.000000
-1.000000 -1.000000
-1.000000 -1.000000
-1.000000 -1.000000
731.764282 591.478210
-1.000000 -1.000000
-1.000000 -1.000000
743.168030 526.324402
836.766296 386.011505
732.661865 397.144165
-1.000000 -1.000000
-1.000000 -1.000000
-1.000000 -1.000000
972.712097 596.480286
-1.000000 -1.000000
754.053833 495.741882
552.260559 610.156677
-1.000000 -1.000000
940.095764 479.753571
-1.000000 -1.000000
-1.000000 -1.000000
690.176453 452.491760
-1.000000 -1.000000
-1.000000 -1.000000
909.063721 481.033966
-1.000000 -1.000000
-1.000000 -1.000000
-1.000000 -1.000000
466.233124 372.996460
-1.000000 -1.000000
-1.000000 -1.000000
-1.000000 -1.000000
-1.000000 -1.000000
-1.000000 -1.000000
-1.000000 -1.000000
-1.000000 -1.000000
-1.000000 -1.000000
-1.000000 -1.000000
-1.000000 -1.000000
-1.000000 -1.000000
910.207397 575.815979
903.661804 551.326599
-1.000000 -1.000000
1014.444641 515.703613
509.849915 259.970581
-1.000000 -1.000000
-1.000000 -1.000000
-1.000000 -1.000000
-1.000000 -1.000000
682.487854 470.810913
-1.000000 -1.000000
-1.000000 -1.000000
-1.000000 -1.000000
-1.000000 -1.000000
-1.000000 -1.000000
-1.000000 -1.000000
932.960754 489.919281
-1.000000 -1.000000
-1.000000 -1.000000
-1.000000 -1.000000
-1.000000 -1.000000
-1.000000 -1.000000
596.065674 373.682037
-1.000000 -1.000000
-1.000000 -1.000000
-1.000000 -1.000000
420.857086 489.621338
889.649231 384.764648
-1.000000 -1.000000
652.026550 279.486023
-1.000000 -1.000000
-1.000000 -1.000000
-1.000000 -1.000000
629.353088 398.603058
-1.000000 -1.000000
-1.000000 -1.000000
-1.000000 -1.000000
-1.000000 -1.000000
-1.000000 -1.000000
663.171326 563.743713
822.634827 533.296265
-1.000000 -1.000000
-1.000000 -1.000000
-1.000000 -1.000000
-1.000000 -1.000000
-1.000000 -1.000000
-1.000000 -1.000000
-1.000000 -1.000000
908.303711 565.295959
-1.000000 -1.000000
-1.000000 -1.000000
768.218933 348.408661
-1.000000 -1.000000
-1.000000 -1.000000
526.399597 415.036072
-1.000000 -1.000000
-1.000000 -1.000000
-1.000000 -1.000000
-1.000000 -1.000000
-1.000000 -1.000000
-1.000000 -1.000000
-1.000000 -1.000000
-1.000000 -1.000000
-1.000000 -1.000000
819.966187 84.560173
-1.000000 -1.000000
-1.000000 -1.000000
543.501160 524.820496
-1.000000 -1.000000
758.837097 603.474792
680.857849 435.669098
-1.000000 -1.000000
-1.000000 -1.000000
-1.000000 -1.000000
-1.000000 -1.000000
-1.000000 -1.000000
-1.000000 -1.000000
-1.000000 -1.000000
-1.000000 -1.000000
-1.000000 -1.000000
882.382690 433.785461
-1.000000 -1.000000
-1.000000 -1.000000
-1.000000 -1.000000
470.316467 420.278168
631.065796 651.009705
-1.000000 -1.000000
-1.000000 -1.000000
767.015564 404.881836
-1.000000 -1.000000
-1.000000 -1.000000
460.248871 494.587372
-1.000000 -1.000000
422.839111 244.665375
449.183014 316.702118
-1.000000 -1.000000
-1.000000 -1.000000
-1.000000 -1.000000
-1.000000 -1.000000
863.915161 532.262634
-1.000000 -1.000000
899.823853 566.354004
-1.000000 -1.000000
-1.000000 -1.000000
-1.000000 -1.000000
-1.000000 -1.000000
-1.000000 -1.000000
-1.000000 -1.000000
-1.000000 -1.000000
-1.000000 -1.000000
730.135986 576.735535
-1.000000 -1.000000
-1.000000 -1.000000
-1.000000 -1.000000
-1.000000 -1.000000
-1.000000 -1.000000
-1.000000 -1.000000
-1.000000 -1.000000
646.329407 116.119675
-1.000000 -1.000000
-1.000000 -1.000000
-1.000000 -1.000000
-1.000000 -1.000000
-1.000000 -1.000000
-1.000000 -1.000000
430.748993 346.259338
-1.000000 -1.000000
-1.000000 -1.000000
-1.000000 -1.000000
-1.000000 -1.000000
-1.000000 -1.000000
408.985229 207.477524
-1.000000 -1.000000
724.478943 266.069214
-1.000000 -1.000000
-1.000000 -1.000000
-1.000000 -1.000000
-1.000000 -1.000000
961.783875 377.712982
-1.000000 -1.000000
-1.000000 -1.000000
662.897339 466.780762
-1.000000 -1.000000
-1.000000 -1.000000
-1.000000 -1.000000
-1.000000 -1.000000
-1.000000 -1.000000
830.907532 562.392090
-1.000000 -1.000000
-1.000000 -1.000000
511.495422 370.350616
-1.000000 -1.000000
-1.000000 -1.000000
-1.000000 -1.000000
-1.000000 -1.000000
-1.000000 -1.000000
-1.000000 -1.000000
-1.000000 -1.000000
-1.000000 -1.000000
-1.000000 -1.000000
-1.000000 -1.000000
532.720825 533.161865
-1.000000 -1.000000
-1.000000 -1.000000
-1.000000 -1.000000
-1.000000 -1.000000
-1.000000 -1.000000
680.523193 403.536743
-1.000000 -1.000000
-1.000000 -1.000000
-1.000000 -1.000000
459.176910 338.505646
-1.000000 -1.000000
-1.000000 -1.000000
737.043945 499.687195
857.405762 439.756927
-1.000000 -1.000000
-1.000000 -1.000000
686.278931 322.286713
879.660889 509.008942
-1.000000 -1.000000
685.030823 551.009399
-1.000000 -1.000000
-1.000000 -1.000000
-1.000000 -1.000000
-1.000000 -1.000000
707.741516 78.081184
1002.606995 518.521362
-1.000000 -1.000000
-1.000000 -1.000000
-1.000000 -1.000000
-1.000000 -1.000000
1004.105042 470.965118
-1.000000 -1.000000
-1.000000 -1.000000
-1.000000 -1.000000
852.065430 612.178040
913.451294 577.166382
-1.000000 -1.000000
-1.000000 -1.000000
-1.000000 -1.000000
-1.000000 -1.000000
-1.000000 -1.000000
-1.000000 -1.000000
558.304138 574.472473
-1.000000 -1.000000
-1.000000 -1.000000
-1.000000 -1.000000
-1.000000 -1.000000
-1.000000 -1.000000
-1.000000 -1.000000
-1.000000 -1.000000
-1.000000 -1.000000
-1.000000 -1.000000
-1.000000 -1.000000
-1.000000 -1.000000
477.453094 236.568909
-1.000000 -1.000000
-1.000000 -1.000000
-1.000000 -1.000000
812.309753 531.457092
639.942139 413.109650
-1.000000 -1.000000
-1.000000 -1.000000
558.710510 394.405426
-1.000000 -1.000000
-1.000000 -1.000000
-1.000000 -1.000000
-1.000000 -1.000000
-1.000000 -1.000000
-1.000000 -1.000000
-1.000000 -1.000000
-1.000000 -1.000000
-1.000000 -1.000000
401.283630 167.255356
658.000916 302.459198
-1.000000 -1.000000
736.036804 513.937622
700.140564 111.294472
-1.000000 -1.000000
-1.000000 -1.000000
-1.000000 -1.000000
-1.000000 -1.000000
421.498199 120.006775
-1.000000 -1.000000
-1.000000 -1.000000
-1.000000 -1.000000
-1.000000 -1.000000
-1.000000 -1.000000
753.415710 515.283691
-1.000000 -1.000000
-1.000000 -1.000000
-1.000000 -1.000000
-1.000000 -1.000000
-1.000000 -1.000000
-1.000000 -1.000000
-1.000000 -1.000000
-1.000000 -1.000000
832.774719 422.473846
-1.000000 -1.000000
675.835754 295.484436
-1.000000 -1.000000
-1.000000 -1.000000
-1.000000 -1.000000
654.461914 564.771545
-1.000000 -1.000000
-1.000000 -1.000000
453.130707 517.949158
-1.000000 -1.000000
589.017639 304.954590
718.151794 313.642822
-1.000000 -1.000000
-1.000000 -1.000000
-1.000000 -1.000000
-1.000000 -1.000000
653.881104 233.274368
-1.000000 -1.000000
-1.000000 -1.000000
-1.000000 -1.000000
-1.000000 -1.000000
-1.000000 -1.000000
846.687378 358.849609
-1.000000 -1.000000
-1.000000 -1.000000
640.186951 459.756592
516.181763 192.988266
-1.000000 -1.000000
559.509094 592.904541
-1.000000 -1.000000
-1.000000 -1.000000
-1.000000 -1.000000
-1.000000 -1.000000
567.216248 319.864349
-1.000000 -1.000000
654.157654 423.420197
-1.000000 -1.000000
-1.000000 -1.000000
-1.000000 -1.000000
-1.000000 -1.000000
-1.000000 -1.000000
553.698608 298.651733
650.615479 490.216370
-1.000000 -1.000000
-1.000000 -1.000000
-1.000000 -1.000000
-1.000000 -1.000000
-1.000000 -1.000000
-1.000000 -1.000000
-1.000000 -1.000000
-1.000000 -1.000000
-1.000000 -1.000000
-1.000000 -1.000000
468.231873 441.961395
635.321106 449.915070
545.531189 538.543640
-1.000000 -1.000000
-1.000000 -1.000000
-1.000000 -1.000000
-1.000000 -1.000000
-1.000000 -1.000000
-1.000000 -1.000000
-1.000000 -1.000000
-1.000000 -1.000000
-1.000000 -1.000000
-1.000000 -1.000000
-1.000000 -1.000000
-1.000000 -1.000000
-1.000000 -1.000000
483.912964 211.348465
833.371948 465.972626
909.419189 471.488068
-1.000000 -1.000000
-1.000000 -1.000000
-1.000000 -1.000000
-1.000000 -1.000000
450.832428 489.235168
-1.000000 -1.000000
-1.000000 -1.000000
496.248413 373.976135
-1.000000 -1.000000
374.327576 223.333710
-1.000000 -1.000000
-1.000000 -1.000000
-1.000000 -1.000000
-1.000000 -1.000000
-1.000000 -1.000000
-1.000000 -1.000000
-1.000000 -1.000000
627.241028 556.869934
-1.000000 -1.000000
-1.000000 -1.000000
-1.000000 -1.000000
-1.000000 -1.000000
-1.000000 -1.000000
-1.000000 -1.000000
-1.000000 -1.000000
-1.000000 -1.000000
-1.000000 -1.000000
-1.000000 -1.000000
-1.000000 -1.000000
-1.000000 -1.000000
878.222717 378.151764
-1.000000 -1.000000
-1.000000 -1.000000
-1.000000 -1.000000
-1.000000 -1.000000
741.888428 159.489761
-1.000000 -1.000000
-1.000000 -1.000000
718.465149 291.225067
-1.000000 -1.000000
825.686951 442.528778
598.800537 324.784729
-1.000000 -1.000000
-1.000000 -1.000000
-1.000000 -1.000000
-1.000000 -1.000000
-1.000000 -1.000000
-1.000000 -1.000000
-1.000000 -1.000000
-1.000000 -1.000000
-1.000000 -1.000000
-1.000000 -1.000000
573.878418 245.631165
-1.000000 -1.000000
-1.000000 -1.000000
830.247131 411.788361
-1.000000 -1.000000
-1.000000 -1.000000
-1.000000 -1.000000
-1.000000 -1.000000
459.746460 506.083740
-1.000000 -1.000000
-1.000000 -1.000000
-1.000000 -1.000000
-1.000000 -1.000000
-1.000000 -1.000000
637.936218 471.210754
425.452911 141.793076
517.269897 486.163818
1003.720642 571.290649
-1.000000 -1.000000
-1.000000 -1.000000
502.682251 156.547806
-1.000000 -1.000000
-1.000000 -1.000000
-1.000000 -1.000000
674.861328 576.400208
-1.000000 -1.000000
-1.000000 -1.000000
446.703979 452.684235
865.318970 447.925385
-1.000000 -1.000000
-1.000000 -1.000000
-1.000000 -1.000000
-1.000000 -1.000000
-1.000000 -1.000000
-1.000000 -1.000000
801.758545 617.148438
-1.000000 -1.000000
-1.000000 -1.000000
838.097961 434.367340
-1.000000 -1.000000
-1.000000 -1.000000
-1.000000 -1.000000
-1.000000 -1.000000
-1.000000 -1.000000
-1.000000 -1.000000
-1.000000 -1.000000
-1.000000 -1.000000
-1.000000 -1.000000
689.146545 297.047363
691.644287 346.620880
-1.000000 -1.000000
612.822693 131.773041
-1.000000 -1.000000
-1.000000 -1.000000
-1.000000 -1.000000
-1.000000 -1.000000
-1.000000 -1.000000
778.019653 622.866943
-1.000000 -1.000000
-1.000000 -1.000000
-1.000000 -1.000000
962.405396 596.860352
-1.000000 -1.000000
-1.000000 -1.000000
-1.000000 -1.000000
-1.000000 -1.000000
-1.000000 -1.000000
-1.000000 -1.000000
506.246857 298.689972
-1.000000 -1.000000
838.276428 413.140625
-1.000000 -1.000000
-1.000000 -1.000000
-1.000000 -1.000000
654.431396 208.930344
-1.000000 -1.000000
-1.000000 -1.000000
-1.000000 -1.000000
722.648254 495.514404
-1.000000 -1.000000
698.671997 383.057770
-1.000000 -1.000000
771.194092 592.331970
-1.000000 -1.000000
-1.000000 -1.000000
-1.000000 -1.000000
-1.000000 -1.000000
-1.000000 -1.000000
590.860168 420.016876
-1.000000 -1.000000
-1.000000 -1.000000
-1.000000 -1.000000
-1.000000 -1.000000
918.903137 332.585388
-1.000000 -1.000000
-1.000000 -1.000000
744.996582 600.975220
-1.000000 -1.000000
-1.000000 -1.000000
-1.000000 -1.000000
503.523346 69.296852
-1.000000 -1.000000
-1.000000 -1.000000
433.398376 496.507141
-1.000000 -1.000000
-1.000000 -1.000000
-1.000000 -1.000000
596.706299 210.230682
-1.000000 -1.000000
-1.000000 -1.000000
-1.000000 -1.000000
-1.000000 -1.000000
-1.000000 -1.000000
-1.000000 -1.000000
-1.000000 -1.000000
-1.000000 -1.000000
-1.000000 -1.000000
-1.000000 -1.000000
-1.000000 -1.000000
557.732605 669.869873
490.409821 360.326965
-1.000000 -1.000000
535.870911 133.789154
-1.000000 -1.000000
-1.000000 -1.000000
-1.000000 -1.000000
-1.000000 -1.000000
-1.000000 -1.000000
1006.752014 591.815247
-1.000000 -1.000000
-1.000000 -1.000000
-1.000000 -1.000000
870.463196 155.990891
907.171143 608.363159
907.814941 402.626495
-1.000000 -1.000000
-1.000000 -1.000000
-1.000000 -1.000000
-1.000000 -1.000000
-1.000000 -1.000000
-1.000000 -1.000000
-1.000000 -1.000000
-1.000000 -1.000000
-1.000000 -1.000000
656.158142 265.669342
-1.000000 -1.000000
-1.000000 -1.000000
-1.000000 -1.000000
-1.000000 -1.000000
-1.000000 -1.000000
450.111633 202.783798
-1.000000 -1.000000
409.304413 310.714264
-1.000000 -1.000000
-1.000000 -1.000000
-1.000000 -1.000000
613.637268 494.803253
472.745422 354.589813
-1.000000 -1.000000
780.041687 490.770325
-1.000000 -1.000000
455.100525 220.286926
-1.000000 -1.000000
-1.000000 -1.000000
1018.675842 390.406769
-1.000000 -1.000000
552.460266 495.561890
-1.000000 -1.000000
-1.000000 -1.000000
539.540161 493.742737
-1.000000 -1.000000
809.536682 347.541718
950.796814 269.447144
-1.000000 -1.000000
767.889587 623.795410
-1.000000 -1.000000
-1.000000 -1.000000
-1.000000 -1.000000
-1.000000 -1.000000
-1.000000 -1.000000
554.479614 626.046692
-1.000000 -1.000000
418.347260 64.606781
-1.000000 -1.000000
-1.000000 -1.000000
474.477509 388.454285
-1.000000 -1.000000
-1.000000 -1.000000
-1.000000 -1.000000
-1.000000 -1.000000
702.839172 397.826508
-1.000000 -1.000000
-1.000000 -1.000000
-1.000000 -1.000000
-1.000000 -1.000000
-1.000000 -1.000000
-1.000000 -1.000000
652.101746 159.627777
-1.000000 -1.000000
-1.000000 -1.000000
-1.000000 -1.000000
-1.000000 -1.000000
635.500488 162.279587
-1.000000 -1.000000
-1.000000 -1.000000
518.853638 320.123474
-1.000000 -1.000000
-1.000000 -1.000000
-1.000000 -1.000000
435.026001 486.462067
-1.000000 -1.000000
-1.000000 -1.000000
888.114441 569.923279
689.764954 389.832458
-1.000000 -1.000000
-1.000000 -1.000000
425.727142 332.097717
455.137177 326.407013
-1.000000 -1.000000
-1.000000 -1.000000
529.630310 300.465820
-1.000000 -1.000000
865.395508 194.026077
-1.000000 -1.000000
-1.000000 -1.000000
-1.000000 -1.000000
-1.000000 -1.000000
-1.000000 -1.000000
434.423248 226.556610
-1.000000 -1.000000
590.191101 147.724594
-1.000000 -1.000000
-1.000000 -1.000000
-1.000000 -1.000000
-1.000000 -1.000000
-1.000000 -1.000000
632.006042 193.726944
513.341553 242.406738
565.118591 364.682404
-1.000000 -1.000000
-1.000000 -1.000000
818.158508 205.778625
-1.000000 -1.000000
-1.000000 -1.000000
-1.000000 -1.000000
648.197083 186.092636
-1.000000 -1.000000
-1.000000 -1.000000
664.540161 651.231567
-1.000000 -1.000000
-1.000000 -1.000000
741.699646 342.793274
-1.000000 -1.000000
-1.000000 -1.000000
760.202820 175.008820
527.592163 294.781067
-1.000000 -1.000000
-1.000000 -1.000000
428.740570 321.695679
672.983154 636.406494
-1.000000 -1.000000
558.263428 215.772446
-1.000000 -1.000000
828.518066 304.874664
-1.000000 -1.000000
-1.000000 -1.000000
788.688782 159.324081
-1.000000 -1.000000
-1.000000 -1.000000
-1.000000 -1.000000
-1.000000 -1.000000
-1.000000 -1.000000
547.228760 257.789948
-1.000000 -1.000000
919.567322 590.773254
