547.571838 373.309174
-1.000000 -1.000000
-1.000000 -1.000000
-1.000000 -1.000000
-1.000000 -1.000000
-1.000000 -1.000000
-1.000000 -1.000000
671.788391 455.422791
-1.000000 -1.000000
-1.000000 -1.000000
-1.000000 -1.000000
-1.000000 -1.000000
-1.000000 -1.000000
-1.000000 -1.000000
643.835754 351.842224
-1.000000 -1.000000
-1.000000 -1.000000
-1.000000 -1.000000
-1.000000 -1.000000
-1.000000 -1.000000
-1.000000 -1.000000
-1.000000 -1.000000
-1.000000 -1.000000
-1.000000 -1.000000
692.746521 545.338867
-1.000000 -1.000000
-1.000000 -1.000000
455.170502 387.162201
-1.000000 -1.000000
-1.000000 -1.000000
-1.000000 -1.000000
-1.000000 -1.000000
-1.000000 -1.000000
-1.000000 -1.000000
-1.000000 -1.000000
-1.000000 -1.000000
-1.000000 -1.000000
-1.000000 -1.000000
-1.000000 -1.000000
-1.000000 -1.000000
-1.000000 -1.000000
634.948853 339.442535
-1.000000 -1.000000
-1.000000 -1.000000
-1.000000 -1.000000
-1.000000 -1.000000
-1.000000 -1.000000
-1.000000 -1.000000
-1.000000 -1.000000
-1.000000 -1.000000
997.748108 506.626465
-1.000000 -1.000000
755.171082 338.000854
-1.000000 -1.000000
-1.000000 -1.000000
-1.000000 -1.000000
-1.000000 -1.000000
657.024963 348.276031
-1.000000 -1.000000
-1.000000 -1.000000
-1.000000 -1.000000
539.563049 503.924530
-1.000000 -1.000000
-1.000000 -1.000000
-1.000000 -1.000000
725.786987 566.412720
-1.000000 -1.000000
-1.000000 -1.000000
-1.000000 -1.000000
441.036377 392.971924
585.946716 395.678223
-1.000000 -1.000000
-1.000000 -1.000000
638.914551 637.845764
-1.000000 -1.000000
-1.000000 -1.000000
1034.371704 495.050842
558.950867 370.666962
-1.000000 -1.000000
-1.000000 -1.000000
-1.000000 -1.000000
785.823669 360.705475
-1.000000 -1.000000
-1.000000 -1.000000
-1.000000 -1.000000
-1.000000 -1.000000
-1.000000 -1.000000
-1.000000 -1.000000
-1.000000 -1.000000
-1.000000 -1.000000
-1.000000 -1.000000
-1.000000 -1.000000
-1.000000 -1.000000
-1.000000 -1.000000
761.651062 446.313477
-1.000000 -1.000000
-1.000000 -1.000000
647.855896 432.847382
-1.000000 -1.000000
-1.000000 -1.000000
-1.000000 -1.000000
-1.000000 -1.000000
-1.000000 -1.000000
-1.000000 -1.000000
-1.000000 -1.000000
-1.000000 -1.000000
-1.000000 -1.000000
692.665100 546.027161
-1.000000 -1.000000
-1.000000 -1.000000
-1.000000 -1.000000
-1.000000 -1.000000
-1.000000 -1.000000
-1.000000 -1.000000
-1.000000 -1.000000
-1.000000 -1.000000
-1.000000 -1.000000
804.019409 291.222595
896.959717 535.068481
-1.000000 -1.000000
-1.000000 -1.000000
-1.000000 -1.000000
-1.000000 -1.000000
691.223022 400.854431
-1.000000 -1.000000
649.842773 626.373962
-1.000000 -1.000000
-1.000000 -1.000000
-1.000000 -1.000000
-1.000000 -1.000000
-1.000000 -1.000000
-1.000000 -1.000000
556.732788 601.998169
-1.000000 -1.000000
-1.000000 -1.000000
-1.000000 -1.000000
-1.000000 -1.000000
-1.000000 -1.000000
-1.000000 -1.000000
-1.000000 -1.000000
-1.000000 -1.000000
-1.000000 -1.000000
-1.000000 -1.000000
-1.000000 -1.000000
-1.000000 -1.000000
562.814575 483.725739
1024.111084 370.208954
-1.000000 -1.000000
-1.000000 -1.000000
-1.000000 -1.000000
-1.000000 -1.000000
-1.000000 -1.000000
-1.000000 -1.000000
-1.000000 -1.000000
-1.000000 -1.000000
-1.000000 -1.000000
-1.000000 -1.000000
-1.000000 -1.000000
-1.000000 -1.000000
-1.000000 -1.000000
-1.000000 -1.000000
-1.000000 -1.000000
-1.000000 -1.000000
-1.000000 -1.000000
-1.000000 -1.000000
-1.000000 -1.000000
735.376343 471.006134
-1.000000 -1.000000
-1.000000 -1.000000
-1.000000 -1.000000
-1.000000 -1.000000
-1.000000 -1.000000
-1.000000 -1.000000
-1.000000 -1.000000
-1.000000 -1.000000
-1.000000 -1.000000
-1.000000 -1.000000
-1.000000 -1.000000
-1.000000 -1.000000
-1.000000 -1.000000
-1.000000 -1.000000
-1.000000 -1.000000
-1.000000 -1.000000
496.865753 562.606079
-1.000000 -1.000000
-1.000000 -1.000000
-1.000000 -1.000000
-1.000000 -1.000000
493.682922 178.676987
-1.000000 -1.000000
-1.000000 -1.000000
772.708191 463.756256
-1.000000 -1.000000
-1.000000 -1.000000
-1.000000 -1.000000
-1.000000 -1.000000
-1.000000 -1.000000
-1.000000 -1.000000
-1.000000 -1.000000
-1.000000 -1.000000
-1.000000 -1.000000
-1.000000 -1.000000
532.386230 284.017334
-1.000000 -1.000000
-1.000000 -1.000000
509.997925 200.132278
-1.000000 -1.000000
-1.000000 -1.000000
-1.000000 -1.000000
-1.000000 -1.000000
-1.000000 -1.000000
-1.000000 -1.000000
725.262634 161.470444
-1.000000 -1.000000
-1.000000 -1.000000
-1.000000 -1.000000
-1.000000 -1.000000
-1.000000 -1.000000
-1.000000 -1.000000
-1.000000 -1.000000
-1.000000 -1.000000
-1.000000 -1.000000
-1.000000 -1.000000
533.907043 379.039856
-1.000000 -1.000000
-1.000000 -1.000000
-1.000000 -1.000000
575.511292 303.885193
-1.000000 -1.000000
556.987671 521.886230
-1.000000 -1.000000
-1.000000 -1.000000
-1.000000 -1.000000
793.577332 289.409576
-1.000000 -1.000000
658.040710 639.127319
-1.000000 -1.000000
-1.000000 -1.000000
-1.000000 -1.000000
-1.000000 -1.000000
-1.000000 -1.000000
-1.000000 -1.000000
-1.000000 -1.000000
-1.000000 -1.000000
478.347229 493.835754
639.836792 552.113647
-1.000000 -1.000000
-1.000000 -1.000000
-1.000000 -1.000000
844.454346 429.000275
-1.000000 -1.000000
-1.000000 -1.000000
-1.000000 -1.000000
583.281799 648.352966
-1.000000 -1.000000
-1.000000 -1.000000
450.288818 249.837524
983.125427 570.639343
-1.000000 -1.000000
-1.000000 -1.000000
-1.000000 -1.000000
808.686462 527.630005
-1.000000 -1.000000
-1.000000 -1.000000
-1.000000 -1.000000
-1.000000 -1.000000
427.209534 476.368774
-1.000000 -1.000000
-1.000000 -1.000000
-1.000000 -1.000000
-1.000000 -1.000000
638.758850 535.747498
-1.000000 -1.000000
-1.000000 -1.000000
-1.000000 -1.000000
-1.000000 -1.000000
628.505737 559.098511
-1.000000 -1.000000
917.984863 439.291626
727.004578 48.591248
-1.000000 -1.000000
-1.000000 -1.000000
-1.000000 -1.000000
417.240479 442.333984
-1.000000 -1.000000
552.746216 503.307281
-1.000000 -1.000000
837.096497 286.351990
-1.000000 -1.000000
538.359558 200.328445
-1.000000 -1.000000
-1.000000 -1.000000
590.745911 509.678375
429.062286 382.874817
-1.000000 -1.000000
-1.000000 -1.000000
-1.000000 -1.000000
-1.000000 -1.000000
-1.000000 -1.000000
737.648132 282.586334
-1.000000 -1.000000
-1.000000 -1.000000
-1.000000 -1.000000
-1.000000 -1.000000
-1.000000 -1.000000
-1.000000 -1.000000
728.042786 580.866150
-1.000000 -1.000000
-1.000000 -1.000000
741.312866 514.719116
834.525452 371.325287
730.877258 385.344574
-1.000000 -1.000000
-1.000000 -1.000000
-1.000000 -1.000000
965.026428 578.300476
-1.000000 -1.000000
752.455688 484.381195
549.427979 605.359863
-1.000000 -1.000000
-1.000000 -1.000000
-1.000000 -1.000000
-1.000000 -1.000000
688.506104 442.776276
-1.000000 -1.000000
-1.000000 -1.000000
-1.000000 -1.000000
-1.000000 -1.000000
-1.000000 -1.000000
-1.000000 -1.000000
459.501892 367.712555
-1.000000 -1.000000
-1.000000 -1.000000
-1.000000 -1.000000
-1.000000 -1.000000
-1.000000 -1.000000
-1.000000 -1.000000
-1.000000 -1.000000
-1.000000 -1.000000
-1.000000 -1.000000
-1.000000 -1.000000
-1.000000 -1.000000
904.971863 558.341858
898.329773 534.783264
-1.000000 -1.000000
-1.000000 -1.000000
502.267639 251.296478
-1.000000 -1.000000
-1.000000 -1.000000
-1.000000 -1.000000
-1.000000 -1.000000
681.182861 460.915619
-1.000000 -1.000000
-1.000000 -1.000000
-1.000000 -1.000000
-1.000000 -1.000000
-1.000000 -1.000000
-1.000000 -1.000000
927.739014 473.499664
-1.000000 -1.000000
-1.000000 -1.000000
-1.000000 -1.000000
-1.000000 -1.000000
-1.000000 -1.000000
592.512329 365.078308
-1.000000 -1.000000
-1.000000 -1.000000
-1.000000 -1.000000
417.338562 487.842743
-1.000000 -1.000000
-1.000000 -1.000000
-1.000000 -1.000000
-1.000000 -1.000000
-1.000000 -1.000000
-1.000000 -1.000000
626.873962 390.181702
-1.000000 -1.000000
-1.000000 -1.000000
-1.000000 -1.000000
-1.000000 -1.000000
-1.000000 -1.000000
661.535706 555.036133
819.110596 519.660645
-1.000000 -1.000000
-1.000000 -1.000000
-1.000000 -1.000000
-1.000000 -1.000000
-1.000000 -1.000000
-1.000000 -1.000000
-1.000000 -1.000000
903.197937 548.502502
-1.000000 -1.000000
-1.000000 -1.000000
764.148743 335.131226
-1.000000 -1.000000
-1.000000 -1.000000
524.240051 409.557007
-1.000000 -1.000000
-1.000000 -1.000000
-1.000000 -1.000000
-1.000000 -1.000000
-1.000000 -1.000000
-1.000000 -1.000000
-1.000000 -1.000000
-1.000000 -1.000000
-1.000000 -1.000000
797.605713 65.330986
-1.000000 -1.000000
-1.000000 -1.000000
541.757019 519.977966
-1.000000 -1.000000
755.302246 591.644470
680.127136 425.356049
-1.000000 -1.000000
-1.000000 -1.000000
-1.000000 -1.000000
-1.000000 -1.000000
-1.000000 -1.000000
-1.000000 -1.000000
-1.000000 -1.000000
-1.000000 -1.000000
-1.000000 -1.000000
878.298279 418.494934
-1.000000 -1.000000
-1.000000 -1.000000
-1.000000 -1.000000
466.631104 416.435272
628.357056 643.835754
-1.000000 -1.000000
-1.000000 -1.000000
765.580566 392.131866
-1.000000 -1.000000
-1.000000 -1.000000
457.293488 491.596527
-1.000000 -1.000000
413.542755 238.199005
441.384216 311.176941
-1.000000 -1.000000
-1.000000 -1.000000
-1.000000 -1.000000
-1.000000 -1.000000
860.112061 517.699097
-1.000000 -1.000000
-1.000000 -1.000000
-1.000000 -1.000000
-1.000000 -1.000000
-1.000000 -1.000000
-1.000000 -1.000000
-1.000000 -1.000000
-1.000000 -1.000000
-1.000000 -1.000000
-1.000000 -1.000000
727.233826 565.991821
-1.000000 -1.000000
-1.000000 -1.000000
-1.000000 -1.000000
-1.000000 -1.000000
-1.000000 -1.000000
-1.000000 -1.000000
-1.000000 -1.000000
623.884094 99.029488
-1.000000 -1.000000
-1.000000 -1.000000
-1.000000 -1.000000
-1.000000 -1.000000
-1.000000 -1.000000
-1.000000 -1.000000
422.548584 341.370819
-1.000000 -1.000000
-1.000000 -1.000000
-1.000000 -1.000000
-1.000000 -1.000000
-1.000000 -1.000000
398.109131 200.282883
-1.000000 -1.000000
-1.000000 -1.000000
-1.000000 -1.000000
-1.000000 -1.000000
-1.000000 -1.000000
-1.000000 -1.000000
-1.000000 -1.000000
-1.000000 -1.000000
-1.000000 -1.000000
661.572876 457.786743
-1.000000 -1.000000
-1.000000 -1.000000
-1.000000 -1.000000
-1.000000 -1.000000
-1.000000 -1.000000
826.855469 549.128601
-1.000000 -1.000000
-1.000000 -1.000000
505.664276 364.405792
-1.000000 -1.000000
-1.000000 -1.000000
-1.000000 -1.000000
-1.000000 -1.000000
-1.000000 -1.000000
-1.000000 -1.000000
-1.000000 -1.000000
-1.000000 -1.000000
-1.000000 -1.000000
-1.000000 -1.000000
530.662170 528.845703
-1.000000 -1.000000
-1.000000 -1.000000
-1.000000 -1.000000
-1.000000 -1.000000
-1.000000 -1.000000
678.793030 393.327148
-1.000000 -1.000000
-1.000000 -1.000000
-1.000000 -1.000000
451.675598 332.990936
-1.000000 -1.000000
-1.000000 -1.000000
735.037720 488.566528
-1.000000 -1.000000
-1.000000 -1.000000
-1.000000 -1.000000
674.168701 308.805817
875.423462 493.714752
-1.000000 -1.000000
682.720032 542.319580
-1.000000 -1.000000
-1.000000 -1.000000
-1.000000 -1.000000
-1.000000 -1.000000
686.393799 60.548157
996.053711 498.158081
-1.000000 -1.000000
-1.000000 -1.000000
-1.000000 -1.000000
-1.000000 -1.000000
-1.000000 -1.000000
-1.000000 -1.000000
-1.000000 -1.000000
-1.000000 -1.000000
847.370056 596.927551
907.824219 560.233215
-1.000000 -1.000000
-1.000000 -1.000000
-1.000000 -1.000000
-1.000000 -1.000000
-1.000000 -1.000000
-1.000000 -1.000000
556.223267 569.402710
-1.000000 -1.000000
-1.000000 -1.000000
-1.000000 -1.000000
-1.000000 -1.000000
-1.000000 -1.000000
-1.000000 -1.000000
-1.000000 -1.000000
-1.000000 -1.000000
-1.000000 -1.000000
-1.000000 -1.000000
-1.000000 -1.000000
469.474426 228.432571
-1.000000 -1.000000
-1.000000 -1.000000
-1.000000 -1.000000
809.057190 517.596069
638.439758 404.159424
-1.000000 -1.000000
-1.000000 -1.000000
555.240234 387.340942
-1.000000 -1.000000
-1.000000 -1.000000
-1.000000 -1.000000
-1.000000 -1.000000
-1.000000 -1.000000
-1.000000 -1.000000
-1.000000 -1.000000
-1.000000 -1.000000
-1.000000 -1.000000
386.474030 158.718964
-1.000000 -1.000000
-1.000000 -1.000000
734.234863 503.274048
-1.000000 -1.000000
-1.000000 -1.000000
-1.000000 -1.000000
-1.000000 -1.000000
-1.000000 -1.000000
-1.000000 -1.000000
-1.000000 -1.000000
-1.000000 -1.000000
-1.000000 -1.000000
-1.000000 -1.000000
-1.000000 -1.000000
751.290466 503.844177
-1.000000 -1.000000
-1.000000 -1.000000
-1.000000 -1.000000
-1.000000 -1.000000
-1.000000 -1.000000
-1.000000 -1.000000
-1.000000 -1.000000
-1.000000 -1.000000
830.700317 408.784485
-1.000000 -1.000000
662.521973 281.845581
-1.000000 -1.000000
-1.000000 -1.000000
-1.000000 -1.000000
652.288635 556.894104
-1.000000 -1.000000
-1.000000 -1.000000
449.836548 515.655945
-1.000000 -1.000000
581.549011 295.503326
-1.000000 -1.000000
-1.000000 -1.000000
-1.000000 -1.000000
-1.000000 -1.000000
-1.000000 -1.000000
651.485352 249.799622
-1.000000 -1.000000
-1.000000 -1.000000
-1.000000 -1.000000
-1.000000 -1.000000
-1.000000 -1.000000
842.681824 343.806427
-1.000000 -1.000000
-1.000000 -1.000000
639.163696 451.209290
505.536652 182.695511
-1.000000 -1.000000
556.626038 587.892578
-1.000000 -1.000000
-1.000000 -1.000000
-1.000000 -1.000000
-1.000000 -1.000000
560.006042 311.059296
-1.000000 -1.000000
652.989563 414.294128
-1.000000 -1.000000
-1.000000 -1.000000
-1.000000 -1.000000
-1.000000 -1.000000
-1.000000 -1.000000
547.193176 289.974548
648.803955 481.974579
-1.000000 -1.000000
-1.000000 -1.000000
-1.000000 -1.000000
-1.000000 -1.000000
-1.000000 -1.000000
-1.000000 -1.000000
-1.000000 -1.000000
-1.000000 -1.000000
-1.000000 -1.000000
-1.000000 -1.000000
464.976807 437.859131
634.259766 441.464417
542.914368 533.771851
-1.000000 -1.000000
-1.000000 -1.000000
-1.000000 -1.000000
-1.000000 -1.000000
-1.000000 -1.000000
-1.000000 -1.000000
-1.000000 -1.000000
-1.000000 -1.000000
-1.000000 -1.000000
-1.000000 -1.000000
-1.000000 -1.000000
-1.000000 -1.000000
-1.000000 -1.000000
474.634186 202.394333
830.191040 451.455536
905.047546 453.995667
-1.000000 -1.000000
-1.000000 -1.000000
-1.000000 -1.000000
-1.000000 -1.000000
-1.000000 -1.000000
-1.000000 -1.000000
-1.000000 -1.000000
490.957611 368.458435
-1.000000 -1.000000
362.539795 217.044754
-1.000000 -1.000000
-1.000000 -1.000000
-1.000000 -1.000000
-1.000000 -1.000000
-1.000000 -1.000000
-1.000000 -1.000000
-1.000000 -1.000000
625.989502 549.365906
-1.000000 -1.000000
-1.000000 -1.000000
-1.000000 -1.000000
-1.000000 -1.000000
-1.000000 -1.000000
-1.000000 -1.000000
-1.000000 -1.000000
-1.000000 -1.000000
-1.000000 -1.000000
-1.000000 -1.000000
-1.000000 -1.000000
-1.000000 -1.000000
875.572144 362.543304
-1.000000 -1.000000
-1.000000 -1.000000
-1.000000 -1.000000
-1.000000 -1.000000
-1.000000 -1.000000
-1.000000 -1.000000
-1.000000 -1.000000
705.350525 276.984772
-1.000000 -1.000000
823.250488 428.343964
591.967712 315.572845
-1.000000 -1.000000
-1.000000 -1.000000
-1.000000 -1.000000
-1.000000 -1.000000
-1.000000 -1.000000
-1.000000 -1.000000
-1.000000 -1.000000
-1.000000 -1.000000
-1.000000 -1.000000
-1.000000 -1.000000
565.751282 235.482559
-1.000000 -1.000000
-1.000000 -1.000000
827.503052 398.723846
-1.000000 -1.000000
-1.000000 -1.000000
-1.000000 -1.000000
-1.000000 -1.000000
457.016235 504.695557
-1.000000 -1.000000
-1.000000 -1.000000
-1.000000 -1.000000
-1.000000 -1.000000
-1.000000 -1.000000
636.106262 463.263245
408.890015 131.858994
515.134460 482.390167
996.421082 551.447021
-1.000000 -1.000000
-1.000000 -1.000000
489.450684 145.437851
-1.000000 -1.000000
-1.000000 -1.000000
-1.000000 -1.000000
672.321655 567.815002
-1.000000 -1.000000
-1.000000 -1.000000
443.573212 449.483215
862.352600 432.945251
-1.000000 -1.000000
-1.000000 -1.000000
-1.000000 -1.000000
-1.000000 -1.000000
-1.000000 -1.000000
-1.000000 -1.000000
-1.000000 -1.000000
-1.000000 -1.000000
-1.000000 -1.000000
834.920776 419.935303
-1.000000 -1.000000
-1.000000 -1.000000
-1.000000 -1.000000
-1.000000 -1.000000
-1.000000 -1.000000
-1.000000 -1.000000
-1.000000 -1.000000
-1.000000 -1.000000
-1.000000 -1.000000
-1.000000 -1.000000
686.722290 334.561096
-1.000000 -1.000000
589.002869 115.670334
-1.000000 -1.000000
-1.000000 -1.000000
-1.000000 -1.000000
-1.000000 -1.000000
-1.000000 -1.000000
774.782898 609.915710
-1.000000 -1.000000
-1.000000 -1.000000
-1.000000 -1.000000
955.728455 577.513184
-1.000000 -1.000000
-1.000000 -1.000000
-1.000000 -1.000000
-1.000000 -1.000000
-1.000000 -1.000000
-1.000000 -1.000000
499.622375 290.837769
-1.000000 -1.000000
836.086853 398.149689
-1.000000 -1.000000
-1.000000 -1.000000
-1.000000 -1.000000
658.392822 191.782898
-1.000000 -1.000000
-1.000000 -1.000000
-1.000000 -1.000000
720.976746 485.405212
-1.000000 -1.000000
696.090942 371.597351
-1.000000 -1.000000
-1.000000 -1.000000
-1.000000 -1.000000
-1.000000 -1.000000
-1.000000 -1.000000
-1.000000 -1.000000
-1.000000 -1.000000
589.439758 413.286407
-1.000000 -1.000000
-1.000000 -1.000000
-1.000000 -1.000000
-1.000000 -1.000000
-1.000000 -1.000000
-1.000000 -1.000000
-1.000000 -1.000000
-1.000000 -1.000000
-1.000000 -1.000000
-1.000000 -1.000000
-1.000000 -1.000000
482.426971 54.807518
-1.000000 -1.000000
-1.000000 -1.000000
430.050781 494.703766
-1.000000 -1.000000
-1.000000 -1.000000
-1.000000 -1.000000
581.007385 197.911911
-1.000000 -1.000000
-1.000000 -1.000000
-1.000000 -1.000000
-1.000000 -1.000000
-1.000000 -1.000000
-1.000000 -1.000000
-1.000000 -1.000000
-1.000000 -1.000000
-1.000000 -1.000000
-1.000000 -1.000000
-1.000000 -1.000000
553.231140 665.526978
482.680542 354.312805
-1.000000 -1.000000
519.964111 120.154930
-1.000000 -1.000000
-1.000000 -1.000000
-1.000000 -1.000000
-1.000000 -1.000000
-1.000000 -1.000000
998.873840 569.917603
-1.000000 -1.000000
-1.000000 -1.000000
-1.000000 -1.000000
846.681396 134.901306
-1.000000 -1.000000
904.705933 386.444275
-1.000000 -1.000000
-1.000000 -1.000000
-1.000000 -1.000000
-1.000000 -1.000000
-1.000000 -1.000000
-1.000000 -1.000000
-1.000000 -1.000000
-1.000000 -1.000000
-1.000000 -1.000000
-1.000000 -1.000000
-1.000000 -1.000000
-1.000000 -1.000000
-1.000000 -1.000000
-1.000000 -1.000000
-1.000000 -1.000000
439.814362 194.391678
-1.000000 -1.000000
400.645935 305.506989
-1.000000 -1.000000
-1.000000 -1.000000
-1.000000 -1.000000
611.912415 487.694824
464.894592 348.499207
-1.000000 -1.000000
-1.000000 -1.000000
-1.000000 -1.000000
446.749176 212.296860
-1.000000 -1.000000
-1.000000 -1.000000
1020.286133 387.817322
-1.000000 -1.000000
550.547546 490.085419
-1.000000 -1.000000
-1.000000 -1.000000
537.617920 488.043884
-1.000000 -1.000000
804.593201 332.267517
935.551025 248.489105
-1.000000 -1.000000
763.465820 611.656128
-1.000000 -1.000000
-1.000000 -1.000000
-1.000000 -1.000000
-1.000000 -1.000000
-1.000000 -1.000000
552.727844 621.714417
-1.000000 -1.000000
-1.000000 -1.000000
-1.000000 -1.000000
-1.000000 -1.000000
469.540070 383.646057
-1.000000 -1.000000
-1.000000 -1.000000
-1.000000 -1.000000
-1.000000 -1.000000
701.508240 387.197479
-1.000000 -1.000000
-1.000000 -1.000000
-1.000000 -1.000000
-1.000000 -1.000000
-1.000000 -1.000000
-1.000000 -1.000000
630.703430 144.638947
-1.000000 -1.000000
-1.000000 -1.000000
-1.000000 -1.000000
-1.000000 -1.000000
-1.000000 -1.000000
-1.000000 -1.000000
-1.000000 -1.000000
511.686462 312.229950
-1.000000 -1.000000
-1.000000 -1.000000
-1.000000 -1.000000
431.654755 484.545013
-1.000000 -1.000000
-1.000000 -1.000000
883.685486 552.750793
687.743408 378.992432
-1.000000 -1.000000
-1.000000 -1.000000
416.798615 327.368469
447.654449 320.436554
-1.000000 -1.000000
-1.000000 -1.000000
523.089844 292.365723
-1.000000 -1.000000
849.977844 176.780838
-1.000000 -1.000000
-1.000000 -1.000000
-1.000000 -1.000000
-1.000000 -1.000000
-1.000000 -1.000000
424.963104 219.370255
-1.000000 -1.000000
568.829224 133.223251
-1.000000 -1.000000
-1.000000 -1.000000
-1.000000 -1.000000
-1.000000 -1.000000
-1.000000 -1.000000
612.268311 178.246887
505.459930 233.438232
560.266418 356.591125
-1.000000 -1.000000
-1.000000 -1.000000
-1.000000 -1.000000
-1.000000 -1.000000
-1.000000 -1.000000
-1.000000 -1.000000
625.223267 171.709869
-1.000000 -1.000000
-1.000000 -1.000000
661.076782 643.192871
-1.000000 -1.000000
-1.000000 -1.000000
736.839905 329.760071
-1.000000 -1.000000
-1.000000 -1.000000
739.815796 158.014557
520.345459 286.558868
-1.000000 -1.000000
-1.000000 -1.000000
420.627289 315.997650
669.898804 626.953125
-1.000000 -1.000000
548.799438 205.207184
-1.000000 -1.000000
816.509644 288.069824
-1.000000 -1.000000
-1.000000 -1.000000
768.151550 141.194077
-1.000000 -1.000000
-1.000000 -1.000000
-1.000000 -1.000000
-1.000000 -1.000000
-1.000000 -1.000000
539.732971 248.315826
-1.000000 -1.000000
933.323975 561.725342
