-1.000000 -1.000000
-1.000000 -1.000000
141.961975 205.657547
-1.000000 -1.000000
-1.000000 -1.000000
140.950287 190.668518
1234.432373 40.322350
1219.404541 40.477810
-1.000000 -1.000000
-1.000000 -1.000000
-1.000000 -1.000000
86.414368 40.105690
156.975037 208.666107
-1.000000 -1.000000
1021.549316 166.140335
211.177139 203.653717
126.935440 205.683746
1234.387817 101.461014
1204.362183 40.626686
132.889282 175.695023
226.213730 206.593292
156.979370 193.679184
1036.577271 170.110352
1006.514587 164.128464
215.260300 188.625275
125.921669 190.692780
-1.000000 -1.000000
-1.000000 -1.000000
1234.424927 86.403122
1237.531128 71.367744
-1.000000 -1.000000
509.419952 40.715935
-1.000000 -1.000000
494.399078 40.750809
230.232666 191.590530
241.156647 209.526245
-1.000000 -1.000000
-1.000000 -1.000000
-1.000000 -1.000000
768.020264 155.222839
-1.000000 -1.000000
1219.335083 97.500206
479.389984 40.094616
-1.000000 -1.000000
230.242081 176.593750
-1.000000 -1.000000
-1.000000 -1.000000
765.980835 170.214050
1021.520264 181.117767
-1.000000 -1.000000
1222.540283 71.473648
-1.000000 -1.000000
1028.688599 99.724846
753.009583 155.259689
1006.431091 179.129654
750.983154 170.269165
254.128632 224.521515
1013.696167 98.675697
155.961670 178.680634
239.135971 224.540085
1036.480225 185.099121
796.011658 204.253586
236.105545 239.574020
256.135345 209.514648
252.092896 239.541046
111.920082 207.704895
811.006104 204.363327
117.895332 175.698883
1013.271667 41.077450
1051.716431 168.088867
215.368729 173.638443
524.467163 40.691013
1028.734375 84.658508
1226.380005 138.700119
825.995117 204.336349
729.960083 93.922211
141.970413 220.643402
1013.665161 83.634735
139.987503 235.628922
131.869858 160.663971
744.024048 185.332382
760.002991 185.248581
126.972061 220.684952
125.019814 235.680176
1226.340088 120.677719
991.469727 160.036316
738.009277 155.296402
1043.730103 101.718971
224.200455 221.629898
522.140503 53.283508
230.235687 161.613831
-1.000000 -1.000000
1028.777710 69.596901
735.992065 170.310791
797.928467 189.229187
812.934143 189.353912
744.940491 92.937477
110.039284 229.755630
1207.438232 82.472481
827.946106 189.327393
-1.000000 -1.000000
-1.000000 -1.000000
221.183823 236.663208
520.169067 68.283447
154.959122 235.502945
-1.000000 -1.000000
729.045044 192.388611
1222.424194 153.769180
832.023132 219.378815
1227.635132 56.417072
998.677795 92.622429
200.287079 188.661835
1013.640564 68.637947
271.082123 210.488235
1043.836304 64.541267
780.390564 387.337616
1207.570068 67.418030
729.940308 78.956871
779.376099 372.297577
1043.820801 83.577950
-1.000000 -1.000000
1204.328491 97.412796
711.355713 371.357483
683.442444 312.296204
998.559204 77.651718
411.227661 219.549408
653.972229 461.333435
286.087189 215.670975
71.130127 53.200520
204.183456 218.574646
779.263000 402.312408
269.095978 225.471680
685.311279 297.265656
507.138641 53.201439
410.879791 427.965729
505.165436 68.192299
1053.695679 143.029602
669.052734 467.282318
1051.573242 183.105499
1211.268188 137.798599
1036.642700 155.205078
1202.184937 122.814102
687.157593 282.258453
245.178177 194.492111
412.134064 204.408463
426.162140 220.490417
285.986877 200.644867
1053.695557 128.048126
284.309082 230.886627
-1.000000 -1.000000
759.961182 200.270126
225.290176 339.918060
991.390625 175.105957
744.936340 77.988571
215.494507 158.655182
764.485413 367.380249
765.543091 387.395050
1191.080200 137.851120
817.013855 219.379883
1037.729980 121.992165
650.062012 446.299469
395.952057 424.874207
1191.097656 152.850082
427.155945 205.421066
710.363831 386.352142
1021.333740 196.125305
1006.282166 194.119766
101.653297 40.990902
225.435562 354.949432
210.323074 345.875092
668.985168 452.283630
1038.678955 140.061569
380.967346 425.890594
695.387573 375.328735
633.868591 180.154694
-1.000000 -1.000000
654.076416 476.305634
242.115723 337.999817
1187.089966 122.836739
1207.252075 152.841019
307.737854 227.769104
411.228760 234.628738
116.903664 160.663269
775.162292 417.300659
574.055664 180.181198
698.379456 312.136169
590.306030 447.288269
794.250549 402.263947
795.378540 387.269958
744.894104 200.370010
413.900970 442.986206
307.540009 212.743973
764.416870 402.372772
1022.708313 114.963066
1028.833496 54.545952
110.907768 192.757172
568.910400 208.254333
427.148773 190.330261
1021.608215 144.158875
1066.634399 166.027039
432.723267 428.985168
794.372131 372.247620
575.308411 441.144989
700.252625 297.135559
583.982300 196.147751
387.003815 440.909668
330.634094 444.781219
671.216980 482.220673
447.726166 428.980347
648.926086 182.251694
256.977722 336.033752
633.865295 195.194794
1058.477051 102.918968
594.051819 180.087341
500.575806 83.277618
210.488251 360.863312
412.127472 189.327225
684.059875 467.332031
-1.000000 -1.000000
492.105988 178.358719
605.302734 439.271942
200.342636 173.668121
714.886292 103.872658
676.582520 327.477661
110.275444 244.713348
1226.517212 168.707947
683.997253 452.347229
635.731934 210.291718
828.456238 95.942780
575.253296 456.139404
598.907410 205.994965
560.357483 447.162445
432.811707 444.031921
279.133453 348.970459
583.979004 211.209045
484.142090 215.258698
245.202713 179.551132
1040.356689 200.132935
240.383484 353.004120
590.314270 462.292328
517.537720 83.335808
322.756897 231.735291
611.669739 185.031693
821.143250 174.350418
397.181427 204.427826
695.343933 390.340515
620.233398 446.379181
271.099915 195.582520
799.148254 174.260269
702.113525 282.195648
477.216187 178.296814
813.411133 95.961693
605.262207 454.346741
559.082642 193.190506
463.224274 215.270203
447.816986 444.047363
253.315842 254.685959
483.210815 200.293701
426.169098 235.597092
598.908691 221.096710
641.831726 161.047348
469.575439 431.072998
663.983582 184.205612
774.968079 185.225174
759.974609 96.006195
790.139648 417.302002
457.278778 200.379471
621.877258 161.968262
500.241974 444.145538
322.668121 216.695511
553.957764 208.347809
490.167908 68.210831
1068.652222 129.024673
998.650635 107.583458
780.973755 202.225159
680.334961 376.293610
615.701111 210.124023
559.096863 178.171921
278.999634 333.973053
650.716980 199.477493
371.969513 440.912842
225.615814 369.932831
492.137512 53.203629
511.063049 174.275681
257.306915 351.007996
641.921448 228.213684
316.399506 197.730743
589.231018 477.364166
568.889099 223.328674
1068.633545 145.971619
574.212769 472.249969
530.353882 422.971497
635.289062 443.360077
195.294769 344.817413
558.361816 432.116333
533.271667 446.025330
593.952148 160.892136
621.974670 147.056213
617.834534 225.209656
333.509338 459.813293
280.083832 363.969025
195.330887 359.777466
735.443115 369.431213
434.200348 276.117310
575.100098 160.941711
686.221558 482.240906
265.180725 366.029907
843.548157 95.891190
436.770660 462.993256
589.904358 141.979340
543.919373 178.138077
1176.028931 137.865082
210.267014 330.861603
829.475586 80.853508
680.274231 391.253845
557.000854 159.127747
691.607361 327.260712
655.034729 254.043594
499.192261 427.162140
656.662659 214.454773
1211.333862 168.707184
638.954285 244.043991
543.862000 193.186401
665.741882 199.420166
760.419922 420.314545
462.184998 177.371643
656.806213 229.261871
396.362793 219.445740
492.930115 231.448090
245.225067 164.609909
722.963928 154.213486
621.219421 410.223450
1013.709412 53.587822
495.208130 154.410965
518.212219 445.998657
469.657654 446.116852
315.709290 445.758606
639.157166 461.375916
575.019104 132.987061
606.277832 424.115967
1176.049561 152.860565
545.387573 413.988892
202.140900 233.441147
647.784729 146.083664
814.456543 80.884499
827.572876 65.820984
606.284058 409.272339
514.370422 417.949127
513.070251 153.314392
670.929932 161.842728
541.985657 159.091370
626.214294 391.224945
497.988068 193.371460
558.323853 462.179565
583.853271 226.270905
525.488159 399.000214
620.219788 461.405792
378.994232 410.931427
478.007965 232.406601
397.189484 189.441132
414.797119 464.845367
624.154358 425.177521
541.067444 138.226212
589.952881 122.932709
411.342590 249.788437
668.921021 145.865387
393.947937 409.979584
485.634796 83.374199
288.880829 319.054108
750.443237 382.406647
544.349060 378.353912
485.455597 442.194977
471.160187 141.474304
604.987183 140.953674
658.962036 273.269440
550.907288 223.546173
464.243042 283.225983
447.139404 185.334473
498.218506 139.430069
268.258209 240.592972
612.231445 476.414490
499.013885 208.325653
542.433838 399.075409
710.296631 401.363434
454.635468 413.980255
470.209747 156.350357
56.867764 67.883766
720.936951 177.494766
463.370178 398.235687
463.055359 230.384048
802.021729 219.332596
640.025818 259.063477
528.834106 174.198074
513.015259 189.317978
555.926514 133.252121
484.419739 427.171387
507.862122 232.572922
713.447327 316.086578
748.484985 399.423157
237.945007 254.617249
499.298889 459.094238
636.267334 408.293518
677.187683 411.211670
525.985352 138.407043
293.980225 348.073578
607.903992 99.012726
366.028717 425.894135
557.347412 399.204926
648.193909 331.548096
449.111298 279.200256
673.375366 497.146545
734.567505 384.422516
557.228882 477.186035
337.705994 232.542404
730.030823 108.821175
671.599243 214.437195
486.413239 396.140503
442.110260 200.313995
623.241821 376.142609
462.160492 126.429710
613.024536 240.139420
563.051758 116.201233
1171.973267 122.864456
514.034424 204.322144
523.937134 228.479431
221.095367 251.682999
469.474915 416.027161
682.947205 121.918396
578.915771 100.964066
528.835754 204.259842
729.734680 63.937717
439.654144 413.991516
250.488632 367.994995
759.583191 352.325439
455.682892 461.032349
716.931641 126.645584
609.983154 122.955414
270.984375 381.056671
591.209595 406.213196
127.203819 250.612976
529.388733 375.382629
559.108398 366.253632
590.245178 432.100616
656.270508 491.159637
697.899109 125.703789
447.342010 123.378105
720.496216 356.485596
735.273987 318.374329
288.671082 304.156311
683.947144 140.848206
630.321289 476.385468
399.926361 464.791443
728.447144 333.471619
547.095398 100.338173
359.718781 592.311523
273.916321 318.985870
528.809692 189.268127
672.277710 530.139282
559.083069 381.393768
593.047424 391.214935
641.930298 274.302887
608.139709 378.136627
335.400238 474.835724
696.382874 360.555603
470.670471 461.133484
419.266815 275.077942
327.676849 429.790283
489.259399 98.348236
642.338074 352.329865
695.917480 223.201050
383.999847 455.864807
668.019165 118.009888
714.795044 89.008797
318.645386 460.814514
1066.580078 181.045761
448.118713 224.451813
463.391327 298.221985
613.025574 255.227005
331.613129 201.593994
638.402100 367.255035
844.534912 80.801041
745.009338 107.824646
445.500488 398.184479
682.875427 107.022179
520.862183 254.769943
544.235229 363.302124
337.711426 217.556732
544.153625 115.304222
611.134216 393.218658
762.631958 331.397186
421.868011 413.114777
451.405334 105.404053
622.863525 98.018806
529.094055 123.490349
730.575989 401.410858
477.200836 381.274017
699.114197 467.367828
650.077148 431.409210
479.304688 292.286346
692.053345 418.218109
489.236938 120.572937
701.224609 484.197144
477.017700 247.417297
667.931396 103.065948
560.339355 414.149719
759.948792 81.035179
456.087402 141.480240
504.195557 98.357353
466.340027 105.305237
671.695862 229.255875
715.222961 300.195831
300.738403 448.818848
505.782715 250.624863
698.984558 140.780365
699.804565 102.921364
356.153320 441.876556
290.565857 289.126892
779.446411 357.383148
-1.000000 -1.000000
562.099731 100.184059
650.855652 131.080536
738.464111 354.409180
501.355743 401.015778
696.820618 208.446442
518.190247 470.924408
626.871460 274.321930
471.366882 85.284103
648.048706 316.413605
812.527649 65.852333
762.719421 316.499268
737.093262 302.386810
624.922791 132.114029
377.048462 470.915894
357.180847 456.819275
1226.822754 194.868729
664.971191 437.318176
484.516937 411.037415
415.099091 174.441742
623.177368 361.152924
426.253571 250.655319
473.998535 268.295654
500.398102 473.994568
608.078979 363.124115
462.191620 383.363464
434.480927 290.990417
492.278503 371.352081
641.272278 390.291809
303.557861 313.195770
344.794708 593.228088
462.486908 313.200592
528.025330 108.429733
561.896729 351.211914
675.121887 545.153503
647.930054 116.206459
533.214539 461.042816
258.858063 320.984467
650.110168 301.389801
534.081787 475.989990
294.887085 363.109985
505.770996 268.510071
575.317810 423.022369
747.381897 335.384979
529.140564 355.335114
548.933655 253.437531
1055.582642 198.139008
396.382141 234.583176
696.101013 162.848480
254.333908 383.027008
763.523193 301.514618
447.464661 320.094299
273.681091 304.120117
610.177063 491.399200
665.611572 303.434601
699.946167 181.441574
86.125496 53.106022
305.435822 290.152313
465.149139 357.340149
637.951294 100.160812
285.977295 379.016785
694.961792 238.024460
641.218872 491.201477
520.796570 269.486816
574.029114 366.231659
478.215424 307.294067
1006.569641 149.387634
456.374939 87.274338
141.952591 250.624725
447.341156 381.303619
337.279938 489.546234
195.196503 329.950165
412.735809 398.150391
711.912842 210.268539
1007.716492 122.857521
713.520508 341.273560
400.149475 174.648224
549.937683 238.496780
308.802002 348.156036
652.954102 101.075165
477.115570 322.288116
732.039429 123.587967
441.226379 138.452042
210.608765 375.861725
593.209839 492.459961
669.680664 244.201920
711.140503 224.916046
307.880920 242.756378
95.039177 224.968597
455.173706 156.326401
507.513947 371.294830
606.996521 348.191681
699.155334 452.390991
504.340210 121.484673
481.029327 356.260559
432.394226 123.263992
501.442993 386.229980
594.886963 241.119537
195.104828 374.644653
434.753754 477.879181
561.966309 336.384125
624.889099 117.123001
744.744263 62.961891
312.755249 430.657745
574.178406 487.365662
834.274475 240.476746
360.783813 634.694580
206.020569 248.638992
567.911316 238.176575
662.178528 412.275299
670.366638 288.376221
344.757935 578.275269
998.382751 62.798244
710.124939 239.876297
539.977661 329.436737
626.973572 346.330719
535.728333 270.342133
357.272797 471.925018
513.411011 356.253693
680.561707 199.553589
589.043091 376.120544
392.138550 479.687286
359.641663 577.378418
522.921997 340.465149
436.523499 105.336334
303.774872 328.060699
823.379700 111.147949
609.825623 332.458405
374.624176 596.322876
680.031494 434.384033
364.111969 410.846466
626.230103 491.282074
565.905945 253.215118
714.491150 423.370361
572.109985 396.387604
479.939026 341.097107
239.548645 393.987122
546.916382 348.159302
611.937012 272.304230
475.298553 68.257156
496.143219 351.366486
842.602478 65.785515
490.723999 265.514008
419.245422 138.616989
351.117889 426.935242
320.240479 285.173798
717.088379 285.314789
554.940002 321.486267
275.631042 289.090302
632.831055 331.415771
414.793152 479.645142
450.240906 357.197083
574.005310 381.295349
798.311890 96.102135
439.232452 161.131058
698.520081 343.306580
419.156555 159.457169
693.345215 499.112793
726.187561 235.733093
524.886475 325.556793
397.758179 395.196960
658.292358 506.061646
577.059387 347.156433
345.913666 657.515869
430.471527 398.243103
1073.289795 40.739040
838.416504 111.123062
693.078125 252.963013
303.723206 463.873932
594.782166 256.288208
375.544128 626.693359
1058.851562 69.594986
462.010773 250.347992
309.735016 363.119049
340.085663 511.386536
777.619080 342.231567
196.273376 203.660812
258.696442 306.118713
727.141174 221.006531
311.467712 481.585297
822.304626 126.091415
461.814087 476.053162
835.979248 174.333344
569.881592 321.467834
96.943642 209.979965
653.595032 367.286072
591.966370 348.371246
519.282349 485.564819
657.458618 352.576996
505.950287 297.474274
687.212158 530.194031
550.919067 271.086273
695.125793 559.059875
596.742554 272.341553
485.537079 474.055817
382.847961 395.212585
507.898041 331.319153
579.906677 86.224319
678.711121 177.273087
435.349792 360.136261
56.133507 83.070671
465.428253 342.220978
340.817596 678.770508
680.338928 361.599060
626.656799 301.348236
996.524109 41.009708
345.871490 637.609131
147.861191 163.662582
505.900146 312.469177
819.274109 241.358536
805.035706 417.375214
665.244263 396.272980
342.792358 258.310547
745.703064 414.387878
432.539093 319.955170
565.949158 271.084656
1058.795410 84.735909
441.533081 90.245018
70.055466 118.321510
532.921936 85.321709
224.510559 391.906250
614.588562 317.366516
682.937927 92.058907
352.567932 225.453964
329.800720 578.142944
632.563171 316.429291
808.257935 111.143471
305.341095 275.406097
520.788757 296.496674
548.150452 85.300003
412.654083 383.121552
325.660309 678.584961
334.934906 275.255310
233.995026 448.153320
744.014038 287.419281
777.605896 327.321655
432.454468 375.313995
297.808411 433.722809
714.905029 74.038696
448.401459 336.147064
360.815918 649.756165
730.605713 426.416931
179.777649 346.766907
674.045166 560.041626
449.610870 490.892883
539.807373 314.482208
582.043640 273.250336
611.627808 301.361694
778.559021 312.367157
339.891174 563.300720
320.192108 270.455261
-1.000000 -1.000000
585.031982 332.496124
673.851318 259.119293
352.644531 240.373444
491.396820 488.618866
72.015884 68.238541
420.303009 360.169708
329.817810 592.946594
320.248077 300.153839
431.816742 492.559265
476.616455 488.873749
742.165161 223.977509
179.772980 361.767456
342.067078 526.157715
-1.000000 -1.000000
335.096161 290.148499
318.430481 317.236725
799.336304 81.071426
342.017975 548.487488
738.031006 139.974152
784.142578 170.222122
593.074219 507.468140
762.492371 286.366638
660.205322 545.088562
745.159241 238.849228
708.191956 498.961090
1073.510986 114.061073
535.096802 490.842163
446.999847 239.380432
360.565704 619.549988
254.473114 397.900818
555.212891 492.203491
595.022827 84.125031
563.192749 85.286774
179.451950 376.755005
657.307007 522.939880
323.154236 255.461609
419.564209 289.858032
421.502228 104.386314
419.702179 304.802399
695.038025 433.370544
381.233276 213.559219
360.985443 664.724365
631.031494 506.001160
991.068604 190.132751
747.034424 122.466377
432.467896 345.102142
40.337177 576.403503
828.181580 159.295639
576.263611 502.501984
599.767029 316.429382
300.658173 378.168793
1212.678589 52.267303
260.690247 289.021912
377.236115 485.700195
668.874634 575.028381
72.052696 98.431046
290.394836 274.362579
357.687347 258.410126
609.108337 506.232513
667.759583 88.072754
375.460876 641.707764
840.894592 204.321930
441.603027 75.250664
725.165955 250.889664
404.111237 159.631699
268.995026 395.990723
349.741882 273.366699
708.154175 254.932068
236.883438 463.312988
346.483398 202.688232
261.953766 449.458862
404.249451 142.795715
417.469238 319.915649
778.396729 297.437744
276.268951 590.685486
446.954041 254.225723
-1.000000 -1.000000
745.627563 429.360962
224.869278 325.135651
723.143677 499.114014
837.435791 126.048325
85.066383 115.301285
426.564850 89.210968
753.033264 140.094543
297.606079 418.676666
266.175049 41.233170
549.870117 291.417633
169.763794 233.203293
300.987061 197.612610
312.531586 415.613495
40.090305 592.737244
359.234222 486.754486
95.398071 239.767548
689.763367 573.942993
584.859863 312.394165
270.805511 464.411682
209.515289 390.841797
417.350037 345.181122
324.925751 563.296448
813.328857 159.376907
702.193604 543.172974
567.894836 306.423218
622.847229 83.085739
66.149422 133.132278
376.571869 228.388000
716.314941 484.128326
-1.000000 -1.000000
714.433960 468.285156
763.434448 271.275360
405.089233 494.401245
405.484985 368.146240
280.548767 575.434387
81.903664 198.653473
704.691162 574.143799
753.206482 254.272308
323.802704 348.133087
702.216431 528.062195
345.650940 622.327454
72.069992 83.523956
404.589752 279.982483
482.455109 503.736725
763.887329 237.074860
231.086044 433.043823
652.862732 86.085182
285.841858 393.998383
673.257812 512.219482
179.896561 331.676361
592.713135 297.414307
477.156128 53.236744
279.872711 538.962830
722.179138 514.150085
349.940094 288.262665
331.078674 653.657959
672.399597 342.805450
768.037964 140.121689
659.055054 560.021912
417.450226 123.481194
-1.000000 -1.000000
255.817047 464.290833
-1.000000 -1.000000
446.524689 505.775726
243.771255 321.178345
40.247799 281.331909
637.870300 85.116493
768.153259 255.330002
1058.854126 54.659393
576.296936 517.465576
807.167542 126.027054
699.753906 88.040512
747.173767 272.277710
265.855774 573.529358
792.492798 342.413635
565.995117 286.380737
686.553589 589.342102
729.477417 466.275635
318.662903 332.043091
261.395508 591.763977
430.848297 507.559174
335.195526 305.199921
1196.110718 167.789993
387.790222 379.999023
1070.708496 199.993164
276.845795 449.670593
263.309814 538.660767
366.421936 210.705154
325.050537 512.067078
709.981018 559.241150
-1.000000 -1.000000
276.980133 553.615906
69.048897 148.055679
218.838562 448.129364
535.859802 70.274292
396.458832 249.776459
240.021469 478.391113
315.628998 377.868378
270.727173 479.484589
794.406128 357.430023
731.408386 481.207642
705.510803 590.493286
-1.000000 -1.000000
740.344971 499.134155
253.053619 553.225586
574.154724 567.876648
382.051270 198.650345
327.029236 527.029968
809.098877 402.703033
286.738495 245.898529
294.209106 538.037048
714.535583 453.269989
500.456055 503.540894
291.225525 592.451111
981.040344 41.026611
331.110809 635.954773
384.929199 174.869400
349.260559 411.776184
87.037247 97.388489
288.661865 464.590759
374.485901 581.358215
774.036560 222.317795
-1.000000 -1.000000
364.767212 280.432190
631.997437 520.738220
314.732971 577.939819
778.305969 272.159180
1119.148193 343.061066
296.468140 479.563843
367.860565 396.183960
297.316254 556.635010
142.575531 444.805084
250.856003 572.118103
740.347412 517.204163
-1.000000 -1.000000
557.096375 566.770447
973.186768 272.370819
779.184753 237.210388
263.291962 428.608795
804.255737 242.415344
682.847107 77.078407
1103.874023 342.137787
305.319122 260.437744
456.334961 72.328354
-1.000000 -1.000000
156.669418 250.505066
725.043701 559.664429
549.264648 507.101044
593.058167 522.213501
221.731628 463.402283
81.015312 132.946106
671.630127 590.162476
643.993530 569.009094
381.658630 243.452332
792.460144 327.460999
310.232971 678.648132
356.618988 562.449158
629.053040 569.934021
1226.690918 209.898468
404.548950 294.834656
-1.000000 -1.000000
-1.000000 -1.000000
-1.000000 -1.000000
127.520805 444.620117
-1.000000 -1.000000
519.230774 500.586182
-1.000000 -1.000000
269.279114 255.229156
426.581482 74.274055
72.103767 162.843872
87.052101 82.480186
739.278137 532.454895
634.933594 537.866516
973.074341 287.426025
539.197815 564.747314
232.355392 412.196075
327.017944 542.597778
357.144257 501.768829
762.018250 110.779327
142.537277 429.785522
112.647240 444.443726
755.366638 502.364075
-1.000000 -1.000000
746.548035 484.140381
783.171387 255.223572
364.912781 295.296356
403.967316 509.486206
345.688538 607.867310
793.492371 312.474792
594.187439 570.974915
322.110626 496.040436
740.697998 444.303589
286.025940 185.884933
1102.823120 357.103546
246.276382 429.353210
643.984802 553.971741
753.054321 598.469727
774.994324 432.159119
992.511719 122.071526
321.221313 620.532471
312.037231 529.315186
246.422104 590.572388
759.884583 66.014915
534.136658 505.787964
314.845490 592.353149
1121.013794 357.996857
724.164368 529.275696
350.174835 303.077271
255.759369 479.522461
247.991211 534.311462
609.982300 520.947998
402.334259 353.301208
208.392838 405.403290
550.892578 70.303589
744.589905 461.170532
-1.000000 -1.000000
-1.000000 -1.000000
203.638824 444.339325
557.164246 551.839417
275.602509 274.171112
797.385254 66.072388
-1.000000 -1.000000
389.091003 159.781235
442.888184 566.770020
127.565666 429.630280
575.182739 552.876404
281.092194 41.143848
740.247864 547.590515
372.707550 258.529816
760.302917 435.201416
149.729599 678.864319
247.469879 412.442688
377.471771 611.832458
310.165039 513.044983
209.600906 316.440582
574.241882 582.821045
-1.000000 -1.000000
557.220825 581.744446
389.191315 500.592102
759.074280 222.083237
-1.000000 -1.000000
458.661194 558.022278
464.608032 503.835052
724.143005 544.419189
719.541382 574.301819
1119.007080 328.064148
1134.506592 342.768433
611.298279 568.917297
745.902100 575.852600
1044.464478 230.448532
79.945152 183.733398
415.937958 556.502258
484.258301 518.607727
834.405884 255.554550
-1.000000 -1.000000
1050.710571 215.139709
539.268860 549.818848
84.032768 148.016037
702.137573 605.525024
224.891266 478.413452
858.575745 95.765488
686.165894 604.407288
755.403687 519.436157
367.142639 195.925995
720.596558 589.312256
387.582031 365.117371
629.139771 554.799866
307.307312 496.216644
295.192413 578.130127
-1.000000 -1.000000
402.570831 309.879608
1103.761719 327.194092
333.072784 320.391785
327.437225 414.652252
515.338196 515.540771
1192.687988 81.669304
790.991333 155.199738
112.834564 429.601868
389.071808 144.813583
374.266846 500.725952
324.818604 363.108978
271.636536 494.768311
393.036346 594.307129
520.482544 560.908203
-1.000000 -1.000000
399.707977 554.583496
755.982971 613.266663
430.790588 551.531555
416.749512 571.332886
240.898880 493.384613
715.516113 438.383942
732.013794 272.496582
518.520691 545.966736
970.532898 257.047668
279.655792 518.917969
389.629333 279.691589
457.597809 572.799683
312.013245 544.773743
398.555817 569.471008
-1.000000 -1.000000
482.500366 557.867493
539.310974 579.727051
315.925262 657.582153
594.181946 585.870850
224.390839 310.517303
667.466064 73.083199
793.360352 297.510162
132.161789 678.916809
282.832092 426.877014
375.307220 656.714355
809.284485 372.509216
-1.000000 -1.000000
312.533325 400.451508
243.488525 306.391632
469.305511 529.859131
-1.000000 -1.000000
207.039856 420.207977
612.133118 542.782715
338.686554 348.256317
164.065262 678.915833
117.205681 413.791534
498.482788 558.753296
-1.000000 -1.000000
-1.000000 -1.000000
86.967926 166.892609
143.626648 414.828674
637.838440 70.117592
500.372375 518.541199
761.446106 487.181549
770.044434 503.102234
755.201355 534.745117
411.535217 89.437553
157.895996 444.698486
-1.000000 -1.000000
810.223267 387.656372
486.092010 678.778259
40.143497 663.769409
1000.084167 295.408813
593.113098 544.915161
263.333771 412.754700
1136.354126 357.761871
556.304688 522.260803
737.982727 590.364502
770.088928 519.112000
825.613708 403.722656
145.683945 459.673035
621.963135 68.096916
484.309875 533.853455
255.845047 501.721680
353.061768 387.001984
988.420654 268.296539
-1.000000 -1.000000
392.922211 612.000610
714.585938 58.960815
265.039795 516.801636
356.906067 524.451416
502.602295 541.780151
75.153923 570.466064
403.407684 673.944458
869.706604 251.396927
607.036438 69.126289
-1.000000 -1.000000
98.806381 266.088318
717.039368 270.344208
389.391663 264.987762
-1.000000 -1.000000
974.829285 302.450867
759.513367 461.131470
983.392029 94.876633
853.510620 110.974449
854.698364 252.376419
768.140869 598.518250
225.813309 493.182861
442.805969 533.071960
1238.235352 307.103424
79.639381 406.820923
671.279114 605.246338
134.818268 643.088379
652.646240 71.103226
294.221680 518.613708
286.365753 495.942963
418.333710 673.562866
194.447815 315.462372
163.389771 420.593048
135.000977 658.137451
983.377686 79.860916
250.026733 517.704590
344.423370 362.921112
576.121704 537.936279
717.177612 605.370605
373.063843 379.620056
538.313171 534.961548
188.570053 612.822876
579.816406 71.220398
1149.503662 342.615448
825.644165 418.925507
1015.476562 250.312073
282.802856 410.623169
684.122253 630.407532
418.272949 534.715210
463.399933 678.582947
793.304749 271.327728
374.772339 566.485413
521.477783 575.675476
-1.000000 -1.000000
356.786163 544.578674
-1.000000 -1.000000
1025.527588 211.145111
656.712769 590.195862
71.999176 478.413269
761.062744 578.068970
559.977051 537.064026
537.541626 55.270348
-1.000000 -1.000000
-1.000000 -1.000000
501.049316 678.819458
377.003540 672.697083
382.876923 551.617981
232.087479 507.977020
399.157532 533.724060
1238.209229 321.735657
770.008667 534.547058
478.517059 572.831787
102.581757 411.763519
823.065735 678.952026
330.633667 377.650696
80.849518 228.385788
-1.000000 -1.000000
150.028046 658.263916
771.176514 613.480042
1003.356934 280.250244
683.202698 644.856323
612.145813 584.159851
107.893288 360.091095
628.859924 585.266663
517.473389 530.836426
-1.000000 -1.000000
94.828186 183.647522
402.336884 338.411285
438.317413 673.476074
206.346191 463.734375
130.404739 459.550354
200.533615 153.701614
172.861130 444.818268
245.635056 291.127686
387.513153 350.231934
1134.367310 327.731689
755.294861 556.090637
365.144196 310.195374
97.753883 446.247711
1043.180054 245.322845
113.847153 266.841705
1110.267334 253.563202
178.355530 392.138489
188.464890 597.940125
173.957825 616.477478
1019.227417 235.285645
384.178131 536.733582
807.395386 328.298706
390.009064 626.853699
807.954224 678.819702
1003.215698 265.284271
113.866562 644.252197
404.362732 265.060791
72.945396 555.899780
153.956635 643.232544
369.859070 181.123291
498.458130 573.722717
481.280609 660.292847
-1.000000 -1.000000
1150.603760 254.444443
1015.228882 295.371979
1189.670532 98.340813
78.890839 423.347260
-1.000000 -1.000000
675.487549 674.442688
163.521210 389.229187
237.690918 556.666870
1059.617798 232.346329
353.593933 348.180969
-1.000000 -1.000000
97.868050 280.953918
40.672794 645.938293
78.356834 392.236969
1065.958618 215.150818
1079.580811 236.385910
72.134750 493.854645
179.283844 317.066254
-1.000000 -1.000000
819.233704 256.365173
962.825012 160.090240
316.251923 635.740417
107.966225 375.726379
101.991226 168.067688
1238.233643 335.097137
1134.602783 303.342377
164.220413 405.688690
1149.596191 295.396515
144.493744 474.748566
406.434021 106.022575
158.778824 616.037170
857.610046 65.626419
1119.209961 313.048157
328.444305 399.617004
178.039337 420.852753
71.985321 243.371262
-1.000000 -1.000000
235.634125 571.453857
852.441895 125.956367
133.814102 627.780884
114.938286 281.697052
203.503601 609.343384
-1.000000 -1.000000
244.640991 606.119934
776.128174 487.778534
107.429237 464.295959
699.708496 73.043793
441.569672 581.620544
230.916412 522.793396
678.434204 659.424438
1084.383423 255.348068
1238.369141 290.244995
409.298798 658.829285
-1.000000 -1.000000
1151.378662 357.563629
496.314148 659.874756
83.094696 369.511688
82.616669 438.097626
698.944946 630.535645
119.813942 659.222168
774.841431 96.040016
260.723328 274.007538
376.146912 515.687866
80.452477 213.496658
808.456299 313.283203
187.461273 446.000488
462.089661 660.062866
128.788773 266.726257
1022.148132 310.252228
292.650299 606.960754
1106.322021 270.311493
965.538879 41.038036
737.817749 605.219055
71.985298 258.609222
106.409538 539.766541
359.247894 362.996490
859.496460 80.540657
186.410629 582.750732
935.102722 252.213089
1130.432373 252.000397
402.268921 127.667740
825.566956 433.970032
101.991386 298.947540
160.929260 459.650299
232.870880 537.695129
118.825493 629.340576
91.257172 353.710358
170.877869 248.162247
1168.004883 107.542206
163.497787 359.374237
379.793945 294.109070
346.207733 187.968063
720.183838 620.328247
884.336609 251.253281
80.879349 585.227234
131.951492 513.032715
460.659546 57.347885
149.279678 399.797638
163.466248 374.480438
457.538940 587.743652
116.964584 298.607574
192.715179 300.235748
697.942139 644.921387
129.262314 474.515839
106.985611 525.052307
95.998665 130.135132
789.949768 432.336761
-1.000000 -1.000000
1080.684692 221.052963
-1.000000 -1.000000
950.537170 253.263062
348.449585 332.916534
276.416534 605.387085
985.875000 253.141129
770.095825 549.880127
808.363586 298.253845
107.458435 478.982758
757.966064 627.949585
231.237411 590.344666
1087.356079 350.997986
1087.685303 270.463654
1010.375732 220.169479
-1.000000 -1.000000
844.511719 398.302582
-1.000000 -1.000000
373.829163 160.051773
426.233521 586.304626
209.070480 301.681580
122.717163 353.693115
331.463715 186.821426
203.163589 594.605835
1149.464844 327.554779
106.202209 313.394135
94.614799 397.146667
173.749008 601.685181
394.129974 658.951965
133.285294 527.920654
1149.563110 280.247986
558.120605 596.733887
873.661682 301.680206
575.040588 597.781921
411.478638 74.634392
88.345871 477.830811
109.677155 397.185455
1238.562012 564.248291
105.208916 556.051392
165.161591 658.262085
1120.228149 229.089783
104.176552 629.472717
-1.000000 -1.000000
690.469849 674.586426
713.841309 641.232666
947.720154 160.150925
148.956100 385.145935
229.462311 608.040405
848.794983 297.049896
774.091736 460.800842
-1.000000 -1.000000
919.745728 251.322922
89.649567 570.399902
209.323700 478.636597
693.370300 659.479919
793.271667 111.095932
-1.000000 -1.000000
-1.000000 -1.000000
112.441208 509.986969
261.475220 606.515381
178.106842 302.184845
810.694763 438.106995
78.775307 611.062866
137.889755 543.045044
129.969727 283.548828
776.144592 578.739746
137.192856 353.743103
1103.879761 312.350494
350.283813 317.943573
1001.231262 310.302185
389.700684 641.804321
72.890816 537.855652
814.942688 654.164490
185.371002 463.966919
-1.000000 -1.000000
1088.419434 336.093933
87.588440 555.876831
132.108505 308.489319
294.905945 678.649048
98.297012 431.306641
72.087959 508.775482
107.876602 344.796478
171.944016 218.602570
440.367157 658.456299
99.068970 644.158813
379.777161 309.083466
904.471375 252.304230
1030.058472 295.274017
158.565521 597.494812
169.130539 643.081421
790.595642 658.551819
424.388123 658.625732
1105.873169 371.944183
660.694458 677.792480
864.710510 286.515228
540.344666 594.738037
1073.182129 98.905190
786.236511 612.562317
301.519226 630.254333
847.562683 314.464081
597.019897 600.850159
72.933151 334.445435
842.676270 189.324097
122.055710 542.955078
82.800041 278.249329
1177.934570 167.709564
656.541809 605.238159
99.039543 152.046692
1120.959595 372.877258
368.370941 347.920135
384.769409 335.450562
109.406166 494.959839
669.435852 629.296021
186.021286 248.384171
1033.235229 424.679352
1132.332275 266.734741
960.645264 175.179474
637.128845 55.128361
785.048645 521.101501
1164.239014 342.595428
869.664978 236.406723
159.802185 474.709808
772.997192 628.142029
1149.624390 310.402130
92.466438 463.214905
876.891113 316.971832
315.655853 183.073944
129.861679 498.091980
100.006363 112.383499
163.736435 344.188477
785.013916 504.970184
188.221024 480.651611
148.879425 370.185364
565.748474 678.768311
552.680542 55.295280
1018.632446 280.110168
-1.000000 -1.000000
740.696472 619.990479
607.135132 54.101578
91.256821 313.704651
-1.000000 -1.000000
1037.126465 310.281525
78.048080 453.432373
859.683472 398.291046
411.207367 586.071899
950.376587 238.316864
105.150230 329.477570
105.094765 659.277771
641.580811 600.265503
72.496132 313.751465
925.839966 236.330444
825.544678 388.400238
-1.000000 -1.000000
846.360046 381.025574
854.692871 237.381149
160.580948 582.465576
94.264885 610.862793
143.380524 267.358154
1134.315552 282.749603
1040.203369 403.744049
809.366882 343.479401
1136.119263 372.722473
888.511292 301.916901
1211.541260 183.786911
86.756134 296.409241
1012.129028 424.861328
1153.424927 429.928497
757.657410 675.070740
1166.011597 358.389526
96.064453 585.091064
668.541626 643.901245
245.628418 276.168579
1104.950317 231.075256
757.635437 642.911072
848.567688 282.227264
235.557144 623.240479
1048.308960 424.011749
541.287292 40.628738
123.045990 371.279510
135.399414 399.812195
965.261902 242.132141
1087.313843 365.850464
363.485718 333.288330
626.679138 600.311279
-1.000000 -1.000000
1018.233215 265.285767
772.522644 642.837402
83.927025 651.204285
143.744385 612.770386
89.475578 492.705536
783.134399 597.505554
87.582535 337.462524
91.757591 540.584290
705.652954 674.684692
-1.000000 -1.000000
891.837219 316.977753
1057.999634 247.318481
622.110229 53.098736
478.424164 587.764648
792.134583 125.916733
177.277893 262.818634
879.458313 286.305359
566.193420 660.013367
148.623398 528.188965
-1.000000 -1.000000
177.630020 287.252502
-1.000000 -1.000000
823.173218 319.131531
834.277649 283.249939
201.187790 579.412048
775.776367 659.976868
1104.313232 297.363953
441.337555 60.349720
788.151306 629.302856
1000.614502 250.198227
120.293159 557.998474
959.552246 311.101715
853.052979 413.540802
441.387939 596.541687
808.308655 280.067566
1088.292603 524.108459
845.335327 329.428406
92.585747 512.641785
1098.345703 542.281860
164.691055 324.671112
784.917419 536.619934
551.346252 674.193542
424.054810 59.477192
517.831909 678.668579
264.614777 621.171204
216.899460 508.016846
147.196808 513.190857
405.053375 643.930603
957.914246 285.057953
866.436401 381.928772
1009.161926 454.084808
481.058441 645.356323
373.637970 145.074631
884.347778 236.262177
1031.347778 577.285217
982.200195 452.312195
611.835144 599.128235
708.448547 659.253662
-1.000000 -1.000000
144.617523 282.251648
-1.000000 -1.000000
-1.000000 -1.000000
121.090248 323.382721
-1.000000 -1.000000
1030.236328 439.347687
1087.730469 286.138977
932.631592 161.246689
834.232361 297.754272
906.924744 314.859070
172.330551 203.692139
216.416656 575.110046
975.630310 175.185272
933.638550 323.112396
644.928711 677.862366
1123.763672 523.317749
591.981873 56.128918
1088.771729 321.289276
162.285889 264.327393
663.382812 659.441345
760.839661 659.067627
122.753883 338.712402
1055.482422 403.896088
73.045822 348.942108
205.837509 263.636078
224.178452 295.542664
496.092468 588.613098
822.983215 141.048584
145.415619 489.144745
1238.941284 633.621704
1138.001343 428.523438
210.500717 493.199341
1174.190674 92.018585
1152.596924 239.554855
-1.000000 -1.000000
1042.767578 260.312317
89.640877 626.308411
1184.861450 677.070312
945.421387 176.215118
682.319275 62.058872
1044.775635 283.122528
912.900330 434.543854
930.570862 436.700287
975.974670 317.304382
1004.229065 235.090103
823.900146 334.240906
101.989006 97.438133
1119.402344 285.589386
184.524292 233.369232
286.746979 621.751465
551.232483 658.811096
524.283447 590.640686
1180.057007 426.366150
386.346985 129.453247
-1.000000 -1.000000
108.824738 613.711243
136.181351 323.274323
1055.809204 658.375122
129.643234 612.135315
1083.695923 544.536316
71.860870 627.020142
967.084106 452.176697
902.429932 237.266647
-1.000000 -1.000000
1013.786560 330.025146
1046.805176 577.336243
495.922089 644.942017
104.490669 570.607422
511.556824 659.431641
1223.965942 418.230347
1126.954956 538.396240
881.865112 381.771973
914.181091 419.570526
1220.576904 235.955582
1207.760498 416.657990
-1.000000 -1.000000
135.143921 557.863220
1039.417969 659.696045
774.785400 80.913345
874.887695 396.885345
848.715759 267.362366
789.086121 446.966431
937.019287 346.193970
1158.333740 414.639160
1153.263672 445.148010
1179.055176 343.738251
1238.972778 648.466003
790.659851 644.036316
906.089539 636.679626
152.620087 543.551392
728.840576 635.071960
1104.443726 521.915833
944.540955 308.288940
1025.382202 409.625671
196.590683 627.904053
875.751770 331.931946
1235.850464 231.721237
914.751648 329.768005
1100.253418 561.380188
207.736664 283.792053
143.415436 598.369446
354.750275 173.308533
897.468811 444.638916
215.668396 523.033386
1031.286133 592.290466
1071.902466 651.464600
257.435608 636.418640
1114.346680 397.178650
1090.522339 380.827972
1151.181885 372.432220
905.849121 299.776123
1045.191162 439.491638
912.443542 659.902832
745.982178 658.690979
1137.307983 396.708710
1139.776001 413.443604
970.967346 437.196259
1069.169067 352.861145
997.127686 435.889496
1181.642212 252.424911
1061.980713 336.559143
904.611755 511.959290
161.079376 567.576416
464.569733 645.147461
1156.858154 678.924622
894.036804 420.401825
826.485596 373.230774
984.465210 337.659607
-1.000000 -1.000000
1152.787964 224.122101
913.704956 449.774048
1037.326172 380.215820
729.816589 48.986202
-1.000000 -1.000000
830.049133 658.130737
1138.997437 522.661987
817.541870 639.513733
1135.744507 237.156464
162.307922 279.870972
1183.236816 411.568970
192.172852 285.412750
71.966270 524.032227
933.971558 421.678741
179.835098 659.857971
236.916565 638.244873
860.614197 329.949951
1236.411987 328.878754
929.631775 308.180023
851.305237 364.835144
825.768311 449.059967
1089.222290 306.556366
1141.086792 608.954285
220.716095 622.926453
580.913818 674.317078
789.113953 461.600647
201.433823 508.065918
1025.140625 454.553467
257.354095 651.779236
866.271912 365.786835
919.639404 517.083618
1225.772949 633.171265
995.656982 658.223633
942.776672 283.911469
1200.447510 401.921082
1073.526367 83.558380
1046.458618 592.318298
1031.449951 562.329407
919.664307 538.269287
1073.707397 529.274841
301.559540 649.538879
137.646652 338.467499
949.013916 326.474792
1056.148560 312.332581
652.751709 56.096527
964.947937 227.131393
1073.122437 636.877075
946.579651 223.030716
648.229431 660.255066
1166.745850 254.486206
828.428772 358.220276
1016.356079 577.279053
889.815186 511.125153
1022.263062 380.038910
890.760132 331.882050
405.256165 628.995361
950.963074 450.792053
221.821701 266.759155
110.815445 585.053040
1192.771851 66.002060
200.423553 523.030396
863.578979 271.383301
217.617050 538.012817
1238.481445 618.471069
966.417419 338.205383
801.415771 613.575378
833.531738 569.450134
997.198669 421.027710
935.710938 451.861237
276.133240 650.833130
-1.000000 -1.000000
-1.000000 -1.000000
1141.516479 547.725708
1231.881226 618.471069
1059.325073 281.008484
102.085144 82.578720
1114.219727 638.451782
-1.000000 -1.000000
1177.049927 441.444336
576.599915 56.240417
918.770569 344.292297
1063.464722 423.170837
855.692993 428.799713
827.072937 50.806870
420.050415 643.696289
1050.568848 607.140137
1153.221069 397.359802
1068.823486 546.706665
1126.885986 608.261353
996.491699 643.976440
1011.617493 642.902954
1194.382324 237.323013
1211.383911 221.007385
798.120850 597.638245
1180.740723 358.533569
464.744080 40.807537
1182.017456 396.695648
839.355713 433.734283
891.058044 637.538757
654.449402 620.313416
1088.116699 639.739197
991.479919 144.419235
1234.604858 313.974243
179.144531 567.985657
981.437378 238.112747
1215.120850 615.540955
444.431061 643.568665
1196.525635 252.310852
935.005005 516.222290
1056.785645 638.757141
904.863342 532.077026
857.267212 443.378021
1069.067627 606.635254
1070.266968 401.993988
530.410278 678.575867
581.340088 659.152161
955.200317 267.968597
962.984924 476.713684
1138.146729 443.595245
1123.059937 428.103760
125.291199 586.958496
948.810303 435.711823
878.555420 271.506714
897.219055 659.469238
1167.372681 237.468109
934.991516 537.239563
881.639282 366.569672
832.592957 643.644104
1238.294312 420.208099
1221.379150 328.714355
872.670410 350.960907
952.323181 353.575836
1124.687012 412.802704
978.134705 470.708801
930.243652 176.238495
832.053345 554.387878
1069.816650 621.772461
1156.475464 609.427673
1061.881592 577.881653
1009.064575 603.678650
1052.516113 380.539856
653.766479 644.641663
887.807312 488.122223
1085.888672 505.968384
1224.898438 403.109589
1093.189087 396.106476
982.237549 420.480011
1136.270264 562.416382
1164.139893 327.566956
145.705826 582.293396
1088.537964 654.359009
885.614624 471.094940
1211.084595 631.222595
1211.318726 205.909195
1138.361450 623.767700
1047.087891 562.388000
972.904053 575.649170
1028.527832 335.912140
1165.927734 373.517731
1194.360352 222.195419
163.685760 309.632019
910.061646 619.569763
1069.967773 563.107910
1016.288574 562.436157
147.094604 308.136292
-1.000000 -1.000000
981.017944 659.879639
1010.207825 405.466461
927.837036 285.079407
878.884521 420.813049
1227.140503 387.938690
784.974915 551.840210
949.352478 559.469727
1238.621338 525.918762
1036.843018 644.661926
163.176285 528.271301
882.560669 443.375885
1054.449829 622.347107
1026.996582 607.366455
526.046143 659.151001
1057.233765 262.263947
803.962646 452.347870
163.416580 294.764679
925.256348 221.055649
1181.614380 381.586792
1135.652710 222.048737
222.696167 552.375610
426.045074 601.263245
184.046265 642.168762
960.328796 190.190338
1001.095642 576.280151
1225.704834 648.689453
110.934143 136.731339
1198.763550 386.771423
1238.660522 509.696899
1023.821167 658.767822
1085.810425 561.811462
909.771423 274.696930
917.432068 161.280853
933.663696 559.566589
1194.929565 431.154816
1116.851196 214.064209
967.280029 421.734863
