40.025112 40.022575
-1.000000 -1.000000
-1.000000 -1.000000
-1.000000 -1.000000
1238.993896 40.095493
-1.000000 -1.000000
-1.000000 -1.000000
-1.000000 -1.000000
-1.000000 -1.000000
-1.000000 -1.000000
-1.000000 -1.000000
194.220428 124.848351
201.391159 140.382156
179.261124 124.595039
-1.000000 -1.000000
186.157440 140.121704
171.279404 140.002304
-1.000000 -1.000000
164.513657 119.093849
189.512177 155.297562
-1.000000 -1.000000
-1.000000 -1.000000
201.135406 93.324234
-1.000000 -1.000000
-1.000000 -1.000000
-1.000000 -1.000000
174.463837 155.289413
-1.000000 -1.000000
185.730927 94.398949
-1.000000 -1.000000
145.091415 265.468964
-1.000000 -1.000000
-1.000000 -1.000000
198.131683 77.767853
211.315674 207.913849
-1.000000 -1.000000
599.086304 484.503723
934.348022 224.554581
128.934357 266.519348
195.324615 205.390793
480.558807 467.067657
182.815308 79.254776
-1.000000 -1.000000
614.794128 466.530914
455.581360 353.441742
583.387085 504.326141
-1.000000 -1.000000
643.921265 471.088379
948.271912 224.667419
574.007507 519.945679
-1.000000 -1.000000
450.733734 338.128143
647.520142 488.932281
-1.000000 -1.000000
469.939484 354.509216
-1.000000 -1.000000
464.388245 464.158234
597.511475 499.886475
-1.000000 -1.000000
-1.000000 -1.000000
112.957832 263.232208
-1.000000 -1.000000
-1.000000 -1.000000
-1.000000 -1.000000
867.532471 341.534821
-1.000000 -1.000000
144.373825 249.371338
-1.000000 -1.000000
442.636902 357.747589
-1.000000 -1.000000
627.493530 114.823357
-1.000000 -1.000000
-1.000000 -1.000000
613.433533 480.431458
-1.000000 -1.000000
628.491943 475.326782
595.336426 61.095211
-1.000000 -1.000000
510.846008 490.756409
747.319519 442.294495
-1.000000 -1.000000
128.475052 250.132416
-1.000000 -1.000000
-1.000000 -1.000000
-1.000000 -1.000000
-1.000000 -1.000000
542.158447 492.517639
496.390289 466.979980
588.134766 519.868652
350.625763 144.838409
881.592285 341.434174
657.091736 472.440063
-1.000000 -1.000000
-1.000000 -1.000000
936.838074 208.503113
692.721313 490.648743
921.077087 224.211426
650.977356 203.491089
-1.000000 -1.000000
543.031982 515.469971
479.496368 451.809357
-1.000000 -1.000000
440.386688 323.475464
-1.000000 -1.000000
271.587708 338.158173
466.602142 339.962555
405.979584 231.734711
-1.000000 -1.000000
951.166321 208.871841
-1.000000 -1.000000
746.224548 457.086090
219.107849 191.014542
879.923767 230.758728
472.613831 436.821686
660.435547 490.292999
-1.000000 -1.000000
-1.000000 -1.000000
642.645874 117.343094
-1.000000 -1.000000
-1.000000 -1.000000
-1.000000 -1.000000
-1.000000 -1.000000
437.479584 341.034851
635.858276 491.100891
835.437561 365.712677
-1.000000 -1.000000
484.849060 400.434113
386.118591 353.082672
404.922668 210.407043
41.395329 222.580170
-1.000000 -1.000000
-1.000000 -1.000000
-1.000000 -1.000000
-1.000000 -1.000000
-1.000000 -1.000000
-1.000000 -1.000000
-1.000000 -1.000000
-1.000000 -1.000000
355.577332 391.404938
-1.000000 -1.000000
625.108032 460.039612
-1.000000 -1.000000
-1.000000 -1.000000
-1.000000 -1.000000
-1.000000 -1.000000
-1.000000 -1.000000
728.519531 462.665283
112.776436 246.401978
626.335144 203.536072
470.278564 482.326599
527.045227 514.152283
-1.000000 -1.000000
-1.000000 -1.000000
678.891052 498.563171
-1.000000 -1.000000
-1.000000 -1.000000
764.619751 435.400452
-1.000000 -1.000000
-1.000000 -1.000000
961.941040 225.656067
-1.000000 -1.000000
-1.000000 -1.000000
602.540588 514.941284
706.316345 480.749207
-1.000000 -1.000000
385.802460 236.221512
302.807983 196.735809
195.559525 221.574356
-1.000000 -1.000000
-1.000000 -1.000000
866.001282 357.082611
887.754150 217.006149
440.282959 450.937042
-1.000000 -1.000000
-1.000000 -1.000000
620.512146 495.503448
382.685242 139.004837
877.955627 325.906677
-1.000000 -1.000000
280.857239 150.649261
-1.000000 -1.000000
-1.000000 -1.000000
174.462448 40.401001
-1.000000 -1.000000
318.171692 188.435028
689.463745 475.524780
373.586792 412.606171
-1.000000 -1.000000
-1.000000 -1.000000
345.367157 267.505615
488.964966 183.056671
-1.000000 -1.000000
247.414734 100.628738
596.955200 439.663116
-1.000000 -1.000000
817.447815 374.558563
-1.000000 -1.000000
407.516693 247.098312
-1.000000 -1.000000
481.545593 84.139961
374.751617 159.859543
651.061096 217.887314
189.352890 289.127960
-1.000000 -1.000000
-1.000000 -1.000000
-1.000000 -1.000000
-1.000000 -1.000000
852.975891 350.783478
891.585815 252.348206
612.122009 108.400757
612.105042 439.944458
505.078491 177.145081
-1.000000 -1.000000
-1.000000 -1.000000
311.643982 251.227905
364.827942 138.518127
669.237793 476.597565
-1.000000 -1.000000
-1.000000 -1.000000
-1.000000 -1.000000
775.337891 398.992859
-1.000000 -1.000000
-1.000000 -1.000000
-1.000000 -1.000000
-1.000000 -1.000000
487.943024 167.902618
-1.000000 -1.000000
276.521545 124.086205
338.451416 247.970932
446.953735 465.592651
627.187195 130.616104
714.309753 464.785797
-1.000000 -1.000000
-1.000000 -1.000000
-1.000000 -1.000000
377.369965 175.336517
-1.000000 -1.000000
707.619995 495.752228
-1.000000 -1.000000
-1.000000 -1.000000
402.470062 140.644592
419.588623 212.283493
-1.000000 -1.000000
836.370239 350.845245
-1.000000 -1.000000
750.160461 472.131897
626.781433 147.871323
-1.000000 -1.000000
-1.000000 -1.000000
592.854065 76.317558
-1.000000 -1.000000
739.759583 177.468475
506.254517 410.503357
348.012634 282.938080
-1.000000 -1.000000
-1.000000 -1.000000
789.789551 387.835663
876.311584 245.541229
-1.000000 -1.000000
487.808655 152.821793
-1.000000 -1.000000
-1.000000 -1.000000
390.245361 207.496338
420.679871 228.626892
-1.000000 -1.000000
568.730286 564.991333
-1.000000 -1.000000
-1.000000 -1.000000
418.103577 139.355515
-1.000000 -1.000000
-1.000000 -1.000000
-1.000000 -1.000000
879.515320 357.174957
-1.000000 -1.000000
-1.000000 -1.000000
-1.000000 -1.000000
-1.000000 -1.000000
895.013672 233.605682
-1.000000 -1.000000
-1.000000 -1.000000
-1.000000 -1.000000
902.539062 219.632080
234.898560 327.217499
425.385071 103.170135
-1.000000 -1.000000
312.978607 265.706146
-1.000000 -1.000000
380.693787 427.057159
720.435974 479.618347
467.036407 87.435730
636.434387 217.874664
-1.000000 -1.000000
-1.000000 -1.000000
-1.000000 -1.000000
-1.000000 -1.000000
-1.000000 -1.000000
420.122162 84.572990
-1.000000 -1.000000
441.147003 130.499329
-1.000000 -1.000000
503.043854 161.683868
328.020477 263.044830
-1.000000 -1.000000
-1.000000 -1.000000
-1.000000 -1.000000
580.391235 58.673042
790.052185 402.992371
713.599609 422.684143
538.868530 92.577713
767.075256 450.780121
-1.000000 -1.000000
498.570343 92.837082
-1.000000 -1.000000
524.585388 94.288330
638.712463 521.820251
-1.000000 -1.000000
-1.000000 -1.000000
579.016174 534.548828
410.292450 101.178177
-1.000000 -1.000000
-1.000000 -1.000000
836.572144 381.074097
318.908936 204.905884
803.611206 378.552399
-1.000000 -1.000000
316.580872 134.790771
396.636749 171.735641
-1.000000 -1.000000
554.436218 134.352097
-1.000000 -1.000000
-1.000000 -1.000000
-1.000000 -1.000000
964.651245 210.510513
-1.000000 -1.000000
418.527679 123.688675
-1.000000 -1.000000
-1.000000 -1.000000
569.391663 549.748291
355.752930 103.617554
-1.000000 -1.000000
-1.000000 -1.000000
286.589996 187.888290
-1.000000 -1.000000
-1.000000 -1.000000
342.086914 232.265045
759.607483 420.675415
-1.000000 -1.000000
-1.000000 -1.000000
912.326294 253.237564
375.991058 218.212738
-1.000000 -1.000000
-1.000000 -1.000000
167.790863 81.613625
-1.000000 -1.000000
582.416443 436.863678
412.006134 175.879333
368.146698 273.783020
583.802734 565.944946
-1.000000 -1.000000
405.764496 195.150085
320.998901 114.529991
422.976532 272.950531
459.960327 130.854538
-1.000000 -1.000000
-1.000000 -1.000000
448.894348 82.449928
672.363159 512.663879
-1.000000 -1.000000
545.481140 52.780903
-1.000000 -1.000000
-1.000000 -1.000000
-1.000000 -1.000000
316.451233 232.207260
-1.000000 -1.000000
734.591614 477.487366
-1.000000 -1.000000
-1.000000 -1.000000
876.129761 260.450287
317.530273 97.547501
517.510864 154.240128
882.076538 305.724823
434.348114 213.243164
520.083069 189.196732
892.997742 272.147675
676.612793 553.425903
-1.000000 -1.000000
519.635864 173.549805
422.149750 243.844009
-1.000000 -1.000000
-1.000000 -1.000000
479.486084 342.846802
667.588318 461.653351
626.208252 163.115265
261.109009 125.354668
500.781067 108.252480
-1.000000 -1.000000
-1.000000 -1.000000
612.459351 127.110764
591.051758 425.228363
402.925781 156.413712
853.600647 365.817352
-1.000000 -1.000000
572.881653 411.082825
721.320923 495.086792
923.141296 208.721161
-1.000000 -1.000000
340.502106 101.445778
-1.000000 -1.000000
588.071655 411.173065
748.962524 428.408905
773.257324 413.549591
473.348633 154.764160
611.415771 203.114288
-1.000000 -1.000000
659.402039 428.167175
-1.000000 -1.000000
-1.000000 -1.000000
530.713196 111.789558
-1.000000 -1.000000
-1.000000 -1.000000
-1.000000 -1.000000
911.037415 238.327194
-1.000000 -1.000000
-1.000000 -1.000000
-1.000000 -1.000000
756.336609 405.411499
-1.000000 -1.000000
-1.000000 -1.000000
-1.000000 -1.000000
-1.000000 -1.000000
-1.000000 -1.000000
204.664398 114.215698
702.662720 450.749115
-1.000000 -1.000000
-1.000000 -1.000000
-1.000000 -1.000000
-1.000000 -1.000000
-1.000000 -1.000000
647.896118 232.787888
-1.000000 -1.000000
-1.000000 -1.000000
-1.000000 -1.000000
752.621460 399.970001
383.981140 123.457054
-1.000000 -1.000000
-1.000000 -1.000000
-1.000000 -1.000000
536.939514 127.315788
-1.000000 -1.000000
643.726990 429.124359
435.580872 228.647934
668.255798 501.160675
-1.000000 -1.000000
455.129150 113.055061
804.428284 397.970978
612.212402 148.830505
270.771393 185.103851
-1.000000 -1.000000
-1.000000 -1.000000
420.326904 197.073044
616.735657 509.720886
740.107849 192.509384
686.704834 458.339050
-1.000000 -1.000000
-1.000000 -1.000000
820.883423 389.699402
369.468811 235.812836
524.653503 55.190586
626.051086 99.680428
358.796539 119.454453
383.409943 95.766014
-1.000000 -1.000000
-1.000000 -1.000000
-1.000000 -1.000000
-1.000000 -1.000000
-1.000000 -1.000000
462.086395 55.871048
-1.000000 -1.000000
544.045837 166.931015
-1.000000 -1.000000
-1.000000 -1.000000
552.252869 72.600578
-1.000000 -1.000000
-1.000000 -1.000000
222.450592 310.696167
-1.000000 -1.000000
-1.000000 -1.000000
755.863586 193.293610
557.915405 163.767090
-1.000000 -1.000000
-1.000000 -1.000000
-1.000000 -1.000000
-1.000000 -1.000000
-1.000000 -1.000000
893.172913 355.939819
742.868225 427.415131
-1.000000 -1.000000
863.493958 325.955719
-1.000000 -1.000000
403.779846 120.759583
648.879150 147.827057
-1.000000 -1.000000
530.999695 151.188492
-1.000000 -1.000000
359.708801 258.725250
-1.000000 -1.000000
446.676880 98.023041
-1.000000 -1.000000
-1.000000 -1.000000
716.704834 448.227692
-1.000000 -1.000000
746.881592 418.008972
-1.000000 -1.000000
-1.000000 -1.000000
-1.000000 -1.000000
-1.000000 -1.000000
-1.000000 -1.000000
661.495544 446.102661
-1.000000 -1.000000
216.626083 77.039291
-1.000000 -1.000000
650.365112 505.648987
-1.000000 -1.000000
-1.000000 -1.000000
-1.000000 -1.000000
-1.000000 -1.000000
-1.000000 -1.000000
-1.000000 -1.000000
-1.000000 -1.000000
541.914124 389.938904
-1.000000 -1.000000
663.040649 555.790283
584.410583 550.514954
-1.000000 -1.000000
513.634399 78.615547
658.344238 440.476837
896.071655 340.864746
-1.000000 -1.000000
428.707336 259.577942
-1.000000 -1.000000
-1.000000 -1.000000
-1.000000 -1.000000
-1.000000 -1.000000
479.577698 54.694660
440.690430 115.066986
-1.000000 -1.000000
-1.000000 -1.000000
-1.000000 -1.000000
-1.000000 -1.000000
-1.000000 -1.000000
-1.000000 -1.000000
-1.000000 -1.000000
-1.000000 -1.000000
728.537903 428.529358
-1.000000 -1.000000
-1.000000 -1.000000
559.697937 55.464062
-1.000000 -1.000000
763.643127 465.894531
-1.000000 -1.000000
-1.000000 -1.000000
453.549530 324.908569
-1.000000 -1.000000
-1.000000 -1.000000
914.147644 268.370270
498.918274 77.482857
447.138367 57.259354
-1.000000 -1.000000
-1.000000 -1.000000
-1.000000 -1.000000
-1.000000 -1.000000
-1.000000 -1.000000
-1.000000 -1.000000
516.278809 109.527657
637.786682 406.992401
347.584839 105.579323
-1.000000 -1.000000
-1.000000 -1.000000
578.477356 74.276985
-1.000000 -1.000000
-1.000000 -1.000000
-1.000000 -1.000000
-1.000000 -1.000000
509.006744 535.222778
-1.000000 -1.000000
645.932434 248.514191
877.358093 275.302948
569.694946 397.131409
448.885773 213.373581
-1.000000 -1.000000
553.129456 88.467339
-1.000000 -1.000000
-1.000000 -1.000000
700.813660 435.845581
189.302643 113.131241
-1.000000 -1.000000
355.907990 421.924408
-1.000000 -1.000000
-1.000000 -1.000000
731.486389 447.736816
840.581482 395.883850
734.951660 492.492218
680.209961 443.927032
372.289551 312.462280
531.432678 40.483002
-1.000000 -1.000000
-1.000000 -1.000000
753.346069 487.341827
-1.000000 -1.000000
656.859314 179.522415
341.637665 117.503105
-1.000000 -1.000000
-1.000000 -1.000000
-1.000000 -1.000000
-1.000000 -1.000000
856.307068 380.631317
-1.000000 -1.000000
244.867126 83.549347
-1.000000 -1.000000
-1.000000 -1.000000
-1.000000 -1.000000
-1.000000 -1.000000
641.127686 101.980797
458.537567 151.784012
597.419495 106.048073
892.656433 325.395233
-1.000000 -1.000000
688.328003 542.001648
-1.000000 -1.000000
-1.000000 -1.000000
-1.000000 -1.000000
-1.000000 -1.000000
572.541077 162.060837
611.689148 164.139694
-1.000000 -1.000000
-1.000000 -1.000000
806.801025 345.497620
-1.000000 -1.000000
-1.000000 -1.000000
671.008118 528.463135
-1.000000 -1.000000
-1.000000 -1.000000
527.939636 76.531113
-1.000000 -1.000000
-1.000000 -1.000000
778.623840 434.287598
-1.000000 -1.000000
621.182007 219.289719
-1.000000 -1.000000
651.873047 518.553162
-1.000000 -1.000000
200.799377 109.275894
-1.000000 -1.000000
-1.000000 -1.000000
586.506409 397.641632
454.102264 254.215912
-1.000000 -1.000000
-1.000000 -1.000000
-1.000000 -1.000000
-1.000000 -1.000000
507.736542 49.748680
868.218018 372.179169
844.163696 336.095276
819.039673 404.802216
-1.000000 -1.000000
389.752197 190.853561
-1.000000 -1.000000
-1.000000 -1.000000
218.262619 325.337524
546.398804 305.943237
-1.000000 -1.000000
-1.000000 -1.000000
-1.000000 -1.000000
-1.000000 -1.000000
-1.000000 -1.000000
-1.000000 -1.000000
602.353394 530.791809
-1.000000 -1.000000
-1.000000 -1.000000
-1.000000 -1.000000
-1.000000 -1.000000
631.484802 361.989441
-1.000000 -1.000000
-1.000000 -1.000000
-1.000000 -1.000000
-1.000000 -1.000000
-1.000000 -1.000000
-1.000000 -1.000000
-1.000000 -1.000000
-1.000000 -1.000000
354.734436 190.892822
665.970947 571.204895
-1.000000 -1.000000
450.555664 228.540619
652.107910 162.845901
-1.000000 -1.000000
467.617432 328.199524
534.601379 193.293655
275.881439 195.646942
551.734070 410.380219
787.665039 417.360413
-1.000000 -1.000000
-1.000000 -1.000000
558.709961 179.536530
-1.000000 -1.000000
-1.000000 -1.000000
-1.000000 -1.000000
-1.000000 -1.000000
-1.000000 -1.000000
463.158905 71.931114
633.014954 232.369202
-1.000000 -1.000000
924.749817 238.322006
-1.000000 -1.000000
-1.000000 -1.000000
426.410400 323.826050
-1.000000 -1.000000
598.014404 128.973984
-1.000000 -1.000000
-1.000000 -1.000000
429.613037 351.038849
355.258209 448.411407
-1.000000 -1.000000
597.645264 148.586304
728.252136 345.421539
-1.000000 -1.000000
-1.000000 -1.000000
-1.000000 -1.000000
-1.000000 -1.000000
-1.000000 -1.000000
789.589844 372.966370
-1.000000 -1.000000
-1.000000 -1.000000
-1.000000 -1.000000
606.515259 75.561470
-1.000000 -1.000000
167.660934 170.548996
-1.000000 -1.000000
-1.000000 -1.000000
570.889526 295.183197
-1.000000 -1.000000
565.550659 382.264404
-1.000000 -1.000000
802.237976 266.081635
-1.000000 -1.000000
-1.000000 -1.000000
-1.000000 -1.000000
-1.000000 -1.000000
241.612259 68.080231
-1.000000 -1.000000
-1.000000 -1.000000
745.538635 360.737030
-1.000000 -1.000000
-1.000000 -1.000000
-1.000000 -1.000000
-1.000000 -1.000000
-1.000000 -1.000000
751.071045 335.745880
-1.000000 -1.000000
531.623535 311.913727
-1.000000 -1.000000
546.636902 395.862091
-1.000000 -1.000000
-1.000000 -1.000000
-1.000000 -1.000000
679.944214 578.184326
-1.000000 -1.000000
-1.000000 -1.000000
-1.000000 -1.000000
-1.000000 -1.000000
577.607605 177.300110
176.020111 223.484375
-1.000000 -1.000000
-1.000000 -1.000000
-1.000000 -1.000000
-1.000000 -1.000000
-1.000000 -1.000000
559.124084 40.351482
468.140198 251.074112
774.275696 206.704788
-1.000000 -1.000000
-1.000000 -1.000000
-1.000000 -1.000000
-1.000000 -1.000000
878.530273 291.252594
701.190491 525.044434
377.398315 453.683197
-1.000000 -1.000000
407.708893 298.410950
-1.000000 -1.000000
-1.000000 -1.000000
882.899353 372.782257
-1.000000 -1.000000
-1.000000 -1.000000
416.528748 609.623596
-1.000000 -1.000000
-1.000000 -1.000000
-1.000000 -1.000000
248.400604 145.093567
315.210541 46.677803
-1.000000 -1.000000
-1.000000 -1.000000
-1.000000 -1.000000
-1.000000 -1.000000
-1.000000 -1.000000
561.113708 200.461212
-1.000000 -1.000000
-1.000000 -1.000000
-1.000000 -1.000000
-1.000000 -1.000000
437.070404 244.148987
-1.000000 -1.000000
-1.000000 -1.000000
-1.000000 -1.000000
-1.000000 -1.000000
-1.000000 -1.000000
651.988647 332.041229
-1.000000 -1.000000
-1.000000 -1.000000
-1.000000 -1.000000
926.582764 253.109848
-1.000000 -1.000000
331.827179 394.526245
610.405823 93.095604
-1.000000 -1.000000
-1.000000 -1.000000
824.826782 174.379364
-1.000000 -1.000000
292.707947 242.966187
-1.000000 -1.000000
-1.000000 -1.000000
203.366028 304.634796
482.482269 247.626892
-1.000000 -1.000000
825.527649 336.253510
-1.000000 -1.000000
781.088379 450.485077
-1.000000 -1.000000
-1.000000 -1.000000
-1.000000 -1.000000
802.060425 360.759216
583.114868 146.223495
-1.000000 -1.000000
433.029205 146.600952
608.452698 60.198463
547.224487 290.787964
-1.000000 -1.000000
-1.000000 -1.000000
483.608856 229.909424
-1.000000 -1.000000
360.841492 220.610016
297.582001 62.274406
-1.000000 -1.000000
-1.000000 -1.000000
-1.000000 -1.000000
630.758850 247.156799
-1.000000 -1.000000
822.472717 351.361603
-1.000000 -1.000000
641.339355 188.365311
-1.000000 -1.000000
597.622925 207.902756
445.679260 280.233429
-1.000000 -1.000000
-1.000000 -1.000000
-1.000000 -1.000000
-1.000000 -1.000000
139.431473 41.420170
-1.000000 -1.000000
-1.000000 -1.000000
-1.000000 -1.000000
-1.000000 -1.000000
-1.000000 -1.000000
-1.000000 -1.000000
-1.000000 -1.000000
569.324097 586.548889
-1.000000 -1.000000
361.808105 564.358521
292.993469 43.118763
553.520325 104.120079
-1.000000 -1.000000
-1.000000 -1.000000
-1.000000 -1.000000
854.402832 395.898254
652.036865 572.461487
804.658386 412.586731
417.739349 626.560791
861.184265 261.935577
467.776459 235.442719
147.189590 232.781998
-1.000000 -1.000000
-1.000000 -1.000000
598.375916 567.599365
592.891724 40.717251
772.038696 481.532288
553.683228 40.158657
583.900757 102.783005
571.893372 280.007355
-1.000000 -1.000000
-1.000000 -1.000000
-1.000000 -1.000000
862.936096 297.288025
481.936493 328.810394
-1.000000 -1.000000
757.570801 350.371368
776.940063 466.103882
485.035309 279.383087
-1.000000 -1.000000
-1.000000 -1.000000
-1.000000 -1.000000
-1.000000 -1.000000
-1.000000 -1.000000
-1.000000 -1.000000
-1.000000 -1.000000
-1.000000 -1.000000
-1.000000 -1.000000
-1.000000 -1.000000
-1.000000 -1.000000
630.932495 539.991455
-1.000000 -1.000000
266.505676 64.255058
-1.000000 -1.000000
792.341858 434.427002
821.951477 316.681885
-1.000000 -1.000000
573.445068 41.871727
-1.000000 -1.000000
-1.000000 -1.000000
198.783051 321.416016
-1.000000 -1.000000
-1.000000 -1.000000
-1.000000 -1.000000
-1.000000 -1.000000
658.912720 530.690369
-1.000000 -1.000000
-1.000000 -1.000000
-1.000000 -1.000000
-1.000000 -1.000000
-1.000000 -1.000000
-1.000000 -1.000000
-1.000000 -1.000000
-1.000000 -1.000000
-1.000000 -1.000000
430.065643 310.410370
274.360504 206.605286
663.821228 233.122879
846.048706 318.103302
-1.000000 -1.000000
548.733826 216.691589
-1.000000 -1.000000
-1.000000 -1.000000
281.743347 59.091057
-1.000000 -1.000000
-1.000000 -1.000000
617.710632 525.953186
-1.000000 -1.000000
-1.000000 -1.000000
-1.000000 -1.000000
-1.000000 -1.000000
-1.000000 -1.000000
-1.000000 -1.000000
-1.000000 -1.000000
908.075256 204.214355
-1.000000 -1.000000
-1.000000 -1.000000
129.810577 233.533829
-1.000000 -1.000000
470.839478 281.926361
-1.000000 -1.000000
-1.000000 -1.000000
497.182068 247.614151
-1.000000 -1.000000
-1.000000 -1.000000
575.141724 197.250290
848.628845 173.367142
-1.000000 -1.000000
-1.000000 -1.000000
-1.000000 -1.000000
-1.000000 -1.000000
-1.000000 -1.000000
502.639160 326.497223
-1.000000 -1.000000
-1.000000 -1.000000
831.849854 411.873444
596.696350 90.972992
173.790543 40.622402
-1.000000 -1.000000
-1.000000 -1.000000
-1.000000 -1.000000
-1.000000 -1.000000
597.471802 163.496475
-1.000000 -1.000000
-1.000000 -1.000000
693.634216 557.816895
-1.000000 -1.000000
689.801208 145.416489
-1.000000 -1.000000
616.897644 257.472778
847.913879 298.094147
-1.000000 -1.000000
