40.016418 40.016571
-1.000000 -1.000000
-1.000000 -1.000000
-1.000000 -1.000000
-1.000000 -1.000000
-1.000000 -1.000000
-1.000000 -1.000000
-1.000000 -1.000000
-1.000000 -1.000000
-1.000000 -1.000000
-1.000000 -1.000000
229.137070 156.316895
236.576721 171.782150
214.441010 155.644897
-1.000000 -1.000000
221.576462 171.248581
-1.000000 -1.000000
-1.000000 -1.000000
-1.000000 -1.000000
223.861130 186.719833
-1.000000 -1.000000
-1.000000 -1.000000
237.120956 141.003067
-1.000000 -1.000000
-1.000000 -1.000000
-1.000000 -1.000000
-1.000000 -1.000000
-1.000000 -1.000000
221.443130 141.874054
-1.000000 -1.000000
-1.000000 -1.000000
-1.000000 -1.000000
-1.000000 -1.000000
-1.000000 -1.000000
255.517960 257.126526
-1.000000 -1.000000
-1.000000 -1.000000
964.758057 208.225998
-1.000000 -1.000000
-1.000000 -1.000000
-1.000000 -1.000000
-1.000000 -1.000000
-1.000000 -1.000000
-1.000000 -1.000000
-1.000000 -1.000000
-1.000000 -1.000000
-1.000000 -1.000000
-1.000000 -1.000000
978.297607 208.164032
-1.000000 -1.000000
-1.000000 -1.000000
-1.000000 -1.000000
-1.000000 -1.000000
-1.000000 -1.000000
530.933594 373.986328
-1.000000 -1.000000
-1.000000 -1.000000
-1.000000 -1.000000
-1.000000 -1.000000
-1.000000 -1.000000
-1.000000 -1.000000
-1.000000 -1.000000
-1.000000 -1.000000
-1.000000 -1.000000
912.046326 328.659851
-1.000000 -1.000000
-1.000000 -1.000000
-1.000000 -1.000000
-1.000000 -1.000000
-1.000000 -1.000000
645.631470 125.672974
-1.000000 -1.000000
-1.000000 -1.000000
-1.000000 -1.000000
-1.000000 -1.000000
-1.000000 -1.000000
608.550049 73.882492
-1.000000 -1.000000
532.527344 464.272919
-1.000000 -1.000000
-1.000000 -1.000000
-1.000000 -1.000000
-1.000000 -1.000000
-1.000000 -1.000000
-1.000000 -1.000000
-1.000000 -1.000000
-1.000000 -1.000000
-1.000000 -1.000000
-1.000000 -1.000000
-1.000000 -1.000000
925.712769 328.166412
-1.000000 -1.000000
-1.000000 -1.000000
-1.000000 -1.000000
965.964539 191.638550
-1.000000 -1.000000
952.139343 208.302200
676.053040 211.544205
-1.000000 -1.000000
-1.000000 -1.000000
-1.000000 -1.000000
-1.000000 -1.000000
-1.000000 -1.000000
-1.000000 -1.000000
-1.000000 -1.000000
522.619507 359.791534
-1.000000 -1.000000
-1.000000 -1.000000
980.123474 191.626282
-1.000000 -1.000000
-1.000000 -1.000000
-1.000000 -1.000000
912.512512 216.350037
-1.000000 -1.000000
-1.000000 -1.000000
-1.000000 -1.000000
-1.000000 -1.000000
660.213379 126.959923
-1.000000 -1.000000
-1.000000 -1.000000
-1.000000 -1.000000
-1.000000 -1.000000
-1.000000 -1.000000
-1.000000 -1.000000
885.754517 354.983582
-1.000000 -1.000000
-1.000000 -1.000000
-1.000000 -1.000000
-1.000000 -1.000000
-1.000000 -1.000000
-1.000000 -1.000000
-1.000000 -1.000000
-1.000000 -1.000000
-1.000000 -1.000000
-1.000000 -1.000000
-1.000000 -1.000000
-1.000000 -1.000000
-1.000000 -1.000000
-1.000000 -1.000000
-1.000000 -1.000000
-1.000000 -1.000000
-1.000000 -1.000000
-1.000000 -1.000000
-1.000000 -1.000000
-1.000000 -1.000000
-1.000000 -1.000000
-1.000000 -1.000000
-1.000000 -1.000000
651.814575 213.726318
-1.000000 -1.000000
-1.000000 -1.000000
-1.000000 -1.000000
-1.000000 -1.000000
-1.000000 -1.000000
-1.000000 -1.000000
-1.000000 -1.000000
832.366089 430.106232
-1.000000 -1.000000
-1.000000 -1.000000
991.291382 208.799713
-1.000000 -1.000000
-1.000000 -1.000000
-1.000000 -1.000000
-1.000000 -1.000000
-1.000000 -1.000000
-1.000000 -1.000000
-1.000000 -1.000000
-1.000000 -1.000000
-1.000000 -1.000000
-1.000000 -1.000000
912.364441 344.851257
919.408997 203.227814
-1.000000 -1.000000
-1.000000 -1.000000
-1.000000 -1.000000
-1.000000 -1.000000
-1.000000 -1.000000
920.338318 312.139984
-1.000000 -1.000000
-1.000000 -1.000000
-1.000000 -1.000000
-1.000000 -1.000000
-1.000000 -1.000000
-1.000000 -1.000000
-1.000000 -1.000000
-1.000000 -1.000000
390.694489 404.447510
-1.000000 -1.000000
-1.000000 -1.000000
-1.000000 -1.000000
524.159424 205.119507
-1.000000 -1.000000
287.938080 144.309143
-1.000000 -1.000000
-1.000000 -1.000000
-1.000000 -1.000000
-1.000000 -1.000000
-1.000000 -1.000000
-1.000000 -1.000000
508.512970 109.809715
-1.000000 -1.000000
677.520569 224.643875
-1.000000 -1.000000
-1.000000 -1.000000
-1.000000 -1.000000
-1.000000 -1.000000
-1.000000 -1.000000
901.087891 338.507599
926.473022 236.443420
629.995239 120.823669
-1.000000 -1.000000
537.986816 198.597275
-1.000000 -1.000000
-1.000000 -1.000000
-1.000000 -1.000000
-1.000000 -1.000000
-1.000000 -1.000000
-1.000000 -1.000000
-1.000000 -1.000000
-1.000000 -1.000000
-1.000000 -1.000000
-1.000000 -1.000000
-1.000000 -1.000000
-1.000000 -1.000000
-1.000000 -1.000000
522.496765 190.334305
-1.000000 -1.000000
-1.000000 -1.000000
-1.000000 -1.000000
-1.000000 -1.000000
646.731445 142.582138
-1.000000 -1.000000
-1.000000 -1.000000
-1.000000 -1.000000
-1.000000 -1.000000
-1.000000 -1.000000
-1.000000 -1.000000
-1.000000 -1.000000
-1.000000 -1.000000
-1.000000 -1.000000
441.911987 172.359497
-1.000000 -1.000000
-1.000000 -1.000000
884.954041 339.941956
-1.000000 -1.000000
823.422424 468.285492
648.124573 160.199234
-1.000000 -1.000000
-1.000000 -1.000000
606.966431 89.588905
-1.000000 -1.000000
765.351562 177.665237
-1.000000 -1.000000
-1.000000 -1.000000
-1.000000 -1.000000
-1.000000 -1.000000
-1.000000 -1.000000
910.102966 231.571243
-1.000000 -1.000000
521.617798 175.092087
-1.000000 -1.000000
-1.000000 -1.000000
-1.000000 -1.000000
-1.000000 -1.000000
-1.000000 -1.000000
-1.000000 -1.000000
-1.000000 -1.000000
-1.000000 -1.000000
455.813843 169.576447
-1.000000 -1.000000
-1.000000 -1.000000
-1.000000 -1.000000
925.417114 344.624390
-1.000000 -1.000000
-1.000000 -1.000000
-1.000000 -1.000000
-1.000000 -1.000000
928.505981 217.965927
-1.000000 -1.000000
-1.000000 -1.000000
-1.000000 -1.000000
934.532349 204.745560
243.980057 340.473785
458.148010 133.206482
-1.000000 -1.000000
-1.000000 -1.000000
-1.000000 -1.000000
398.622406 417.862946
-1.000000 -1.000000
495.439392 113.877609
663.950073 227.140198
-1.000000 -1.000000
-1.000000 -1.000000
-1.000000 -1.000000
-1.000000 -1.000000
-1.000000 -1.000000
-1.000000 -1.000000
-1.000000 -1.000000
476.405426 157.493881
-1.000000 -1.000000
535.075256 183.226929
-1.000000 -1.000000
-1.000000 -1.000000
-1.000000 -1.000000
-1.000000 -1.000000
594.785400 73.400131
-1.000000 -1.000000
-1.000000 -1.000000
562.580383 113.159866
835.946045 446.129120
-1.000000 -1.000000
525.322510 116.056877
-1.000000 -1.000000
550.128174 115.658035
-1.000000 -1.000000
-1.000000 -1.000000
-1.000000 -1.000000
-1.000000 -1.000000
-1.000000 -1.000000
-1.000000 -1.000000
-1.000000 -1.000000
888.759338 370.485809
-1.000000 -1.000000
-1.000000 -1.000000
-1.000000 -1.000000
-1.000000 -1.000000
-1.000000 -1.000000
-1.000000 -1.000000
579.986328 151.731049
-1.000000 -1.000000
-1.000000 -1.000000
-1.000000 -1.000000
993.499146 192.889679
-1.000000 -1.000000
-1.000000 -1.000000
-1.000000 -1.000000
-1.000000 -1.000000
-1.000000 -1.000000
-1.000000 -1.000000
-1.000000 -1.000000
-1.000000 -1.000000
-1.000000 -1.000000
-1.000000 -1.000000
-1.000000 -1.000000
-1.000000 -1.000000
-1.000000 -1.000000
-1.000000 -1.000000
-1.000000 -1.000000
946.777710 236.588715
-1.000000 -1.000000
-1.000000 -1.000000
-1.000000 -1.000000
-1.000000 -1.000000
-1.000000 -1.000000
-1.000000 -1.000000
-1.000000 -1.000000
-1.000000 -1.000000
-1.000000 -1.000000
-1.000000 -1.000000
-1.000000 -1.000000
-1.000000 -1.000000
-1.000000 -1.000000
494.494659 157.164719
-1.000000 -1.000000
-1.000000 -1.000000
-1.000000 -1.000000
-1.000000 -1.000000
-1.000000 -1.000000
562.620361 73.976891
-1.000000 -1.000000
-1.000000 -1.000000
-1.000000 -1.000000
-1.000000 -1.000000
-1.000000 -1.000000
-1.000000 -1.000000
-1.000000 -1.000000
-1.000000 -1.000000
911.586060 245.978882
-1.000000 -1.000000
-1.000000 -1.000000
920.993958 291.369598
-1.000000 -1.000000
554.418518 210.066330
929.540771 256.098694
-1.000000 -1.000000
-1.000000 -1.000000
551.764893 193.739243
-1.000000 -1.000000
-1.000000 -1.000000
-1.000000 -1.000000
536.153748 362.481110
-1.000000 -1.000000
649.246399 175.769653
-1.000000 -1.000000
528.151733 131.246948
-1.000000 -1.000000
-1.000000 -1.000000
632.772156 140.571213
-1.000000 -1.000000
444.210449 187.586227
903.423157 353.216797
-1.000000 -1.000000
-1.000000 -1.000000
-1.000000 -1.000000
952.313110 192.875427
-1.000000 -1.000000
-1.000000 -1.000000
-1.000000 -1.000000
-1.000000 -1.000000
-1.000000 -1.000000
-1.000000 -1.000000
507.340302 178.159012
636.782410 214.654770
-1.000000 -1.000000
-1.000000 -1.000000
-1.000000 -1.000000
-1.000000 -1.000000
555.942993 131.684265
-1.000000 -1.000000
-1.000000 -1.000000
-1.000000 -1.000000
944.548279 221.998154
-1.000000 -1.000000
-1.000000 -1.000000
-1.000000 -1.000000
-1.000000 -1.000000
-1.000000 -1.000000
-1.000000 -1.000000
-1.000000 -1.000000
-1.000000 -1.000000
-1.000000 -1.000000
240.059875 149.648529
-1.000000 -1.000000
-1.000000 -1.000000
-1.000000 -1.000000
-1.000000 -1.000000
-1.000000 -1.000000
-1.000000 -1.000000
677.315063 239.388641
-1.000000 -1.000000
-1.000000 -1.000000
-1.000000 -1.000000
-1.000000 -1.000000
-1.000000 -1.000000
-1.000000 -1.000000
-1.000000 -1.000000
-1.000000 -1.000000
562.546631 146.322327
-1.000000 -1.000000
-1.000000 -1.000000
-1.000000 -1.000000
-1.000000 -1.000000
-1.000000 -1.000000
487.257660 139.651611
-1.000000 -1.000000
634.489197 163.046890
-1.000000 -1.000000
-1.000000 -1.000000
-1.000000 -1.000000
-1.000000 -1.000000
-1.000000 -1.000000
767.232910 192.398926
-1.000000 -1.000000
-1.000000 -1.000000
-1.000000 -1.000000
877.745789 379.638214
-1.000000 -1.000000
545.171204 76.654137
642.228760 111.089233
-1.000000 -1.000000
-1.000000 -1.000000
-1.000000 -1.000000
-1.000000 -1.000000
-1.000000 -1.000000
-1.000000 -1.000000
-1.000000 -1.000000
-1.000000 -1.000000
-1.000000 -1.000000
573.273254 184.399048
-1.000000 -1.000000
-1.000000 -1.000000
571.171631 92.108887
-1.000000 -1.000000
-1.000000 -1.000000
231.372055 323.757324
-1.000000 -1.000000
-1.000000 -1.000000
783.246521 191.856812
585.501526 180.525253
-1.000000 -1.000000
-1.000000 -1.000000
-1.000000 -1.000000
-1.000000 -1.000000
-1.000000 -1.000000
937.267700 342.036804
-1.000000 -1.000000
-1.000000 -1.000000
905.887878 312.635101
-1.000000 -1.000000
-1.000000 -1.000000
669.147095 157.478806
-1.000000 -1.000000
559.453247 168.770416
-1.000000 -1.000000
-1.000000 -1.000000
-1.000000 -1.000000
477.364258 126.471420
-1.000000 -1.000000
-1.000000 -1.000000
-1.000000 -1.000000
-1.000000 -1.000000
-1.000000 -1.000000
-1.000000 -1.000000
-1.000000 -1.000000
-1.000000 -1.000000
-1.000000 -1.000000
-1.000000 -1.000000
-1.000000 -1.000000
-1.000000 -1.000000
252.521591 123.842712
-1.000000 -1.000000
-1.000000 -1.000000
-1.000000 -1.000000
-1.000000 -1.000000
-1.000000 -1.000000
-1.000000 -1.000000
-1.000000 -1.000000
-1.000000 -1.000000
-1.000000 -1.000000
-1.000000 -1.000000
-1.000000 -1.000000
-1.000000 -1.000000
-1.000000 -1.000000
-1.000000 -1.000000
538.220642 101.011467
-1.000000 -1.000000
939.445679 326.748108
-1.000000 -1.000000
-1.000000 -1.000000
-1.000000 -1.000000
-1.000000 -1.000000
-1.000000 -1.000000
-1.000000 -1.000000
-1.000000 -1.000000
474.037323 142.296402
-1.000000 -1.000000
-1.000000 -1.000000
-1.000000 -1.000000
-1.000000 -1.000000
-1.000000 -1.000000
-1.000000 -1.000000
-1.000000 -1.000000
-1.000000 -1.000000
-1.000000 -1.000000
-1.000000 -1.000000
-1.000000 -1.000000
576.363403 76.014679
-1.000000 -1.000000
-1.000000 -1.000000
-1.000000 -1.000000
-1.000000 -1.000000
-1.000000 -1.000000
-1.000000 -1.000000
-1.000000 -1.000000
950.203247 251.890274
523.964905 101.016586
-1.000000 -1.000000
-1.000000 -1.000000
-1.000000 -1.000000
-1.000000 -1.000000
-1.000000 -1.000000
-1.000000 -1.000000
-1.000000 -1.000000
543.812805 131.508392
-1.000000 -1.000000
-1.000000 -1.000000
-1.000000 -1.000000
-1.000000 -1.000000
594.030212 89.545937
-1.000000 -1.000000
-1.000000 -1.000000
-1.000000 -1.000000
-1.000000 -1.000000
-1.000000 -1.000000
-1.000000 -1.000000
679.721069 255.819122
913.610901 261.264923
-1.000000 -1.000000
-1.000000 -1.000000
-1.000000 -1.000000
575.559143 108.120750
-1.000000 -1.000000
-1.000000 -1.000000
-1.000000 -1.000000
224.570663 147.504456
-1.000000 -1.000000
374.856964 418.009399
-1.000000 -1.000000
-1.000000 -1.000000
-1.000000 -1.000000
894.942200 385.019409
-1.000000 -1.000000
-1.000000 -1.000000
-1.000000 -1.000000
538.461121 40.460155
-1.000000 -1.000000
-1.000000 -1.000000
-1.000000 -1.000000
-1.000000 -1.000000
680.020447 187.785645
-1.000000 -1.000000
-1.000000 -1.000000
-1.000000 -1.000000
-1.000000 -1.000000
-1.000000 -1.000000
907.661804 367.962036
-1.000000 -1.000000
282.486389 127.400314
-1.000000 -1.000000
-1.000000 -1.000000
-1.000000 -1.000000
-1.000000 -1.000000
656.977844 111.840508
493.832245 176.916138
616.496887 120.518776
934.623657 310.563873
-1.000000 -1.000000
-1.000000 -1.000000
-1.000000 -1.000000
-1.000000 -1.000000
-1.000000 -1.000000
-1.000000 -1.000000
599.109741 178.367401
635.680725 178.589462
-1.000000 -1.000000
-1.000000 -1.000000
-1.000000 -1.000000
-1.000000 -1.000000
-1.000000 -1.000000
-1.000000 -1.000000
-1.000000 -1.000000
-1.000000 -1.000000
551.700806 96.930771
-1.000000 -1.000000
-1.000000 -1.000000
845.482727 426.229767
-1.000000 -1.000000
648.512573 231.042465
-1.000000 -1.000000
-1.000000 -1.000000
-1.000000 -1.000000
235.905334 147.704727
-1.000000 -1.000000
-1.000000 -1.000000
-1.000000 -1.000000
500.059021 280.592560
-1.000000 -1.000000
-1.000000 -1.000000
-1.000000 -1.000000
-1.000000 -1.000000
-1.000000 -1.000000
-1.000000 -1.000000
889.001526 324.590485
-1.000000 -1.000000
-1.000000 -1.000000
-1.000000 -1.000000
-1.000000 -1.000000
-1.000000 -1.000000
-1.000000 -1.000000
592.193726 321.071869
-1.000000 -1.000000
-1.000000 -1.000000
-1.000000 -1.000000
-1.000000 -1.000000
-1.000000 -1.000000
-1.000000 -1.000000
-1.000000 -1.000000
-1.000000 -1.000000
-1.000000 -1.000000
-1.000000 -1.000000
-1.000000 -1.000000
-1.000000 -1.000000
-1.000000 -1.000000
-1.000000 -1.000000
-1.000000 -1.000000
-1.000000 -1.000000
-1.000000 -1.000000
-1.000000 -1.000000
-1.000000 -1.000000
-1.000000 -1.000000
-1.000000 -1.000000
-1.000000 -1.000000
-1.000000 -1.000000
-1.000000 -1.000000
673.974426 172.383652
-1.000000 -1.000000
520.941223 349.522766
568.065430 212.946716
-1.000000 -1.000000
-1.000000 -1.000000
850.363831 409.634735
-1.000000 -1.000000
-1.000000 -1.000000
588.108154 196.179871
-1.000000 -1.000000
-1.000000 -1.000000
-1.000000 -1.000000
-1.000000 -1.000000
-1.000000 -1.000000
490.399475 98.628525
663.510193 240.799866
-1.000000 -1.000000
956.527893 221.918671
-1.000000 -1.000000
-1.000000 -1.000000
-1.000000 -1.000000
-1.000000 -1.000000
619.334412 144.927536
-1.000000 -1.000000
-1.000000 -1.000000
-1.000000 -1.000000
-1.000000 -1.000000
-1.000000 -1.000000
620.568726 165.188080
-1.000000 -1.000000
-1.000000 -1.000000
-1.000000 -1.000000
-1.000000 -1.000000
-1.000000 -1.000000
-1.000000 -1.000000
-1.000000 -1.000000
-1.000000 -1.000000
-1.000000 -1.000000
-1.000000 -1.000000
618.753601 87.330910
-1.000000 -1.000000
-1.000000 -1.000000
-1.000000 -1.000000
-1.000000 -1.000000
613.467834 308.139923
-1.000000 -1.000000
-1.000000 -1.000000
-1.000000 -1.000000
835.996643 259.251221
-1.000000 -1.000000
-1.000000 -1.000000
-1.000000 -1.000000
-1.000000 -1.000000
-1.000000 -1.000000
-1.000000 -1.000000
-1.000000 -1.000000
-1.000000 -1.000000
-1.000000 -1.000000
-1.000000 -1.000000
-1.000000 -1.000000
-1.000000 -1.000000
-1.000000 -1.000000
-1.000000 -1.000000
-1.000000 -1.000000
578.980103 328.944946
-1.000000 -1.000000
-1.000000 -1.000000
-1.000000 -1.000000
-1.000000 -1.000000
-1.000000 -1.000000
-1.000000 -1.000000
-1.000000 -1.000000
-1.000000 -1.000000
-1.000000 -1.000000
-1.000000 -1.000000
604.769348 192.961395
-1.000000 -1.000000
-1.000000 -1.000000
-1.000000 -1.000000
-1.000000 -1.000000
-1.000000 -1.000000
-1.000000 -1.000000
-1.000000 -1.000000
512.120300 276.572174
804.258545 203.290863
-1.000000 -1.000000
-1.000000 -1.000000
-1.000000 -1.000000
-1.000000 -1.000000
915.960388 277.497925
-1.000000 -1.000000
-1.000000 -1.000000
-1.000000 -1.000000
-1.000000 -1.000000
-1.000000 -1.000000
-1.000000 -1.000000
930.242859 358.993866
-1.000000 -1.000000
-1.000000 -1.000000
-1.000000 -1.000000
-1.000000 -1.000000
-1.000000 -1.000000
-1.000000 -1.000000
-1.000000 -1.000000
-1.000000 -1.000000
-1.000000 -1.000000
-1.000000 -1.000000
-1.000000 -1.000000
-1.000000 -1.000000
-1.000000 -1.000000
592.925842 217.714294
-1.000000 -1.000000
-1.000000 -1.000000
-1.000000 -1.000000
-1.000000 -1.000000
-1.000000 -1.000000
-1.000000 -1.000000
-1.000000 -1.000000
-1.000000 -1.000000
-1.000000 -1.000000
-1.000000 -1.000000
-1.000000 -1.000000
-1.000000 -1.000000
-1.000000 -1.000000
-1.000000 -1.000000
960.254578 236.038727
-1.000000 -1.000000
-1.000000 -1.000000
624.269531 105.299080
-1.000000 -1.000000
-1.000000 -1.000000
851.239685 167.469803
-1.000000 -1.000000
-1.000000 -1.000000
-1.000000 -1.000000
-1.000000 -1.000000
214.106308 323.685883
-1.000000 -1.000000
-1.000000 -1.000000
871.752075 326.324738
-1.000000 -1.000000
-1.000000 -1.000000
-1.000000 -1.000000
-1.000000 -1.000000
-1.000000 -1.000000
-1.000000 -1.000000
606.887390 161.455627
-1.000000 -1.000000
470.612518 176.033615
620.243164 71.656769
589.871704 306.128601
-1.000000 -1.000000
-1.000000 -1.000000
-1.000000 -1.000000
-1.000000 -1.000000
-1.000000 -1.000000
-1.000000 -1.000000
-1.000000 -1.000000
-1.000000 -1.000000
-1.000000 -1.000000
664.442200 255.319016
-1.000000 -1.000000
871.745483 341.292786
-1.000000 -1.000000
664.585449 197.901627
-1.000000 -1.000000
625.380859 220.056702
-1.000000 -1.000000
-1.000000 -1.000000
-1.000000 -1.000000
-1.000000 -1.000000
-1.000000 -1.000000
-1.000000 -1.000000
-1.000000 -1.000000
-1.000000 -1.000000
-1.000000 -1.000000
-1.000000 -1.000000
-1.000000 -1.000000
-1.000000 -1.000000
-1.000000 -1.000000
-1.000000 -1.000000
-1.000000 -1.000000
-1.000000 -1.000000
-1.000000 -1.000000
577.306274 123.618690
-1.000000 -1.000000
-1.000000 -1.000000
-1.000000 -1.000000
907.969666 384.195038
-1.000000 -1.000000
-1.000000 -1.000000
-1.000000 -1.000000
897.119507 248.812973
-1.000000 -1.000000
-1.000000 -1.000000
-1.000000 -1.000000
-1.000000 -1.000000
-1.000000 -1.000000
-1.000000 -1.000000
-1.000000 -1.000000
-1.000000 -1.000000
603.788879 117.697845
612.456360 292.854309
-1.000000 -1.000000
-1.000000 -1.000000
-1.000000 -1.000000
900.826904 284.634277
532.515991 350.660339
-1.000000 -1.000000
-1.000000 -1.000000
-1.000000 -1.000000
-1.000000 -1.000000
-1.000000 -1.000000
-1.000000 -1.000000
-1.000000 -1.000000
-1.000000 -1.000000
-1.000000 -1.000000
-1.000000 -1.000000
-1.000000 -1.000000
-1.000000 -1.000000
-1.000000 -1.000000
-1.000000 -1.000000
-1.000000 -1.000000
-1.000000 -1.000000
-1.000000 -1.000000
299.939758 105.583961
-1.000000 -1.000000
859.110168 425.488892
864.385376 307.392883
-1.000000 -1.000000
-1.000000 -1.000000
-1.000000 -1.000000
-1.000000 -1.000000
-1.000000 -1.000000
-1.000000 -1.000000
-1.000000 -1.000000
-1.000000 -1.000000
-1.000000 -1.000000
-1.000000 -1.000000
-1.000000 -1.000000
-1.000000 -1.000000
-1.000000 -1.000000
-1.000000 -1.000000
-1.000000 -1.000000
-1.000000 -1.000000
-1.000000 -1.000000
-1.000000 -1.000000
-1.000000 -1.000000
-1.000000 -1.000000
-1.000000 -1.000000
694.405701 238.984863
886.146851 306.011932
-1.000000 -1.000000
583.326660 234.800446
-1.000000 -1.000000
-1.000000 -1.000000
-1.000000 -1.000000
-1.000000 -1.000000
-1.000000 -1.000000
-1.000000 -1.000000
-1.000000 -1.000000
-1.000000 -1.000000
-1.000000 -1.000000
-1.000000 -1.000000
-1.000000 -1.000000
-1.000000 -1.000000
-1.000000 -1.000000
936.985596 189.693878
-1.000000 -1.000000
-1.000000 -1.000000
-1.000000 -1.000000
-1.000000 -1.000000
-1.000000 -1.000000
-1.000000 -1.000000
-1.000000 -1.000000
-1.000000 -1.000000
-1.000000 -1.000000
-1.000000 -1.000000
605.123596 213.602112
875.496887 164.774872
-1.000000 -1.000000
-1.000000 -1.000000
-1.000000 -1.000000
-1.000000 -1.000000
-1.000000 -1.000000
-1.000000 -1.000000
-1.000000 -1.000000
-1.000000 -1.000000
-1.000000 -1.000000
611.709656 104.326195
-1.000000 -1.000000
-1.000000 -1.000000
-1.000000 -1.000000
-1.000000 -1.000000
-1.000000 -1.000000
622.200134 179.496735
-1.000000 -1.000000
-1.000000 -1.000000
-1.000000 -1.000000
-1.000000 -1.000000
710.491089 150.317169
-1.000000 -1.000000
652.905579 266.509674
885.786926 286.069244
-1.000000 -1.000000
