-1.000000 -1.000000
-1.000000 -1.000000
154.584869 205.871140
-1.000000 -1.000000
-1.000000 -1.000000
153.623901 190.917191
-1.000000 -1.000000
1234.420532 40.588108
-1.000000 -1.000000
-1.000000 -1.000000
-1.000000 -1.000000
100.642273 40.210579
169.559692 208.926727
-1.000000 -1.000000
1034.436646 171.494354
223.325699 204.251373
139.569473 205.840012
-1.000000 -1.000000
1219.391113 40.893734
145.704865 175.900787
238.377121 207.247025
169.598053 193.967010
1049.474976 175.561630
1019.374817 169.380402
227.484909 189.250198
138.629379 190.882889
-1.000000 -1.000000
-1.000000 -1.000000
-1.000000 -1.000000
-1.000000 -1.000000
-1.000000 -1.000000
522.048462 41.024040
-1.000000 -1.000000
507.046356 41.008141
242.454880 192.270096
253.299774 210.172729
-1.000000 -1.000000
-1.000000 -1.000000
-1.000000 -1.000000
781.994507 159.081039
-1.000000 -1.000000
1233.311279 103.972458
492.096466 40.218628
-1.000000 -1.000000
242.601120 177.304886
-1.000000 -1.000000
-1.000000 -1.000000
779.866882 174.038315
1034.359741 186.486954
-1.000000 -1.000000
1236.686768 77.947990
-1.000000 -1.000000
1041.834351 105.077629
766.965881 159.026169
1019.195435 184.412308
764.861328 174.005386
266.259491 225.255142
1026.813721 104.000511
168.660782 178.962204
251.253632 225.215668
1049.347534 190.550858
809.936157 208.398941
248.182983 240.255112
268.259705 210.257477
264.207336 240.266464
124.567535 207.747055
824.915039 208.457306
130.704086 175.804993
1027.336426 40.877625
1064.668457 173.606079
227.749786 174.281494
536.998047 40.963432
1042.001221 89.962975
-1.000000 -1.000000
839.913879 208.478516
743.783508 97.641602
154.529938 220.673584
1026.857178 88.936646
152.456299 235.670044
144.808029 160.877548
757.874084 189.071899
773.835632 189.018143
139.529556 220.700943
137.472992 235.703720
-1.000000 -1.000000
1004.247375 165.084305
751.973450 159.087494
1056.882690 107.091293
236.330856 222.271225
535.117676 56.105766
242.733261 162.308975
-1.000000 -1.000000
1042.122192 74.813080
749.885376 174.066483
811.929810 193.348267
826.913635 193.465302
758.656677 96.669052
122.523575 229.732849
1221.479248 88.948303
841.944092 193.479675
-1.000000 -1.000000
-1.000000 -1.000000
233.236404 237.297119
533.257263 71.071472
167.419891 235.558899
-1.000000 -1.000000
742.920837 196.180771
1236.265991 160.225586
845.887573 223.633270
-1.000000 -1.000000
1011.789978 97.855072
212.420197 189.226212
1026.938843 73.931618
283.095947 211.489487
1057.220703 69.753319
794.956970 391.231415
1221.753174 73.882767
743.717773 82.618607
793.966003 376.225342
1057.175537 88.823792
-1.000000 -1.000000
1218.298340 103.861923
726.467407 374.837646
697.987915 315.664856
1011.719788 82.866920
425.234436 221.321472
668.214478 464.334839
298.250061 217.086731
85.171387 52.866554
216.320755 219.148254
793.609863 406.184967
281.121094 226.430344
699.758667 300.625122
520.107971 55.977879
425.279480 429.253967
518.238220 70.976456
1066.667114 148.572220
683.222595 470.351685
1064.594238 188.616638
1225.008911 144.389801
1049.564209 160.750015
1215.981812 129.325531
701.531372 285.567566
257.336914 195.067520
426.224030 206.136871
440.179901 222.409256
298.039398 201.842133
1066.678833 133.643234
296.878021 232.742920
-1.000000 -1.000000
773.814575 204.102158
240.615646 340.154633
1004.060913 180.274567
758.586487 81.629158
228.138062 159.258575
779.627319 371.330566
780.727356 391.364014
1204.661133 144.410660
830.901917 223.543930
1050.749878 127.481316
664.256653 449.299835
410.291382 426.010101
1204.521118 159.353424
441.256470 207.286850
725.569702 389.831024
1034.170166 201.486404
1018.991150 199.402435
115.753250 40.977718
241.000641 355.217072
225.841461 345.990662
683.225281 455.403412
1051.640747 145.602829
395.311218 426.892670
710.368652 378.758636
647.964722 183.252808
-1.000000 -1.000000
668.249573 479.279968
257.003082 338.434875
1200.773438 129.426926
1220.872437 159.409103
322.318909 229.353943
425.207367 236.461075
129.861282 160.758377
789.267151 421.137177
588.172852 183.085541
712.868896 315.652405
604.459351 449.719452
808.517761 406.144684
809.889893 391.131470
758.798035 204.164749
428.344055 444.252563
322.094940 214.429123
779.593079 406.332062
1035.753784 120.282768
1042.308472 59.707813
123.615494 192.811676
582.924133 211.105698
441.294586 192.232361
1034.548706 149.657913
1079.575806 171.657150
447.164490 430.334015
808.887878 376.131348
589.485596 443.524689
714.639404 300.615631
598.037781 199.072723
401.405151 442.037231
345.051971 445.432220
685.286743 485.322357
462.137421 430.422821
663.032654 185.355103
271.843018 336.580139
647.854980 198.294678
1071.759277 108.387665
608.217957 183.156174
514.204651 86.207069
226.173889 361.020996
426.256073 191.079681
698.253845 470.507111
-1.000000 -1.000000
506.487244 180.631744
619.518372 441.861694
212.455658 174.223328
729.462402 107.743652
691.103760 330.732697
122.601158 244.730545
-1.000000 -1.000000
698.245911 455.530243
649.631287 213.433350
840.936707 100.250931
589.465942 458.506348
612.937927 209.009232
574.575378 449.527344
447.274292 445.294220
294.538300 349.653839
598.005798 214.065445
498.239777 217.512115
257.479034 180.209976
1053.327026 205.590485
255.584213 353.414276
604.513672 464.697235
531.125916 86.183334
337.460114 233.191589
625.871216 188.251587
835.111511 178.473267
411.306061 206.121582
710.459412 393.721741
634.427185 449.031189
283.209656 196.740967
813.136047 178.381424
716.432983 285.605591
491.596222 180.560059
825.868164 100.285027
619.552063 456.901947
573.100891 196.029434
477.244904 217.520844
462.252045 445.391144
266.573822 255.683334
497.401611 202.579971
440.156250 237.563232
612.906189 224.008423
656.106934 164.290375
483.828125 432.558868
678.100708 187.300888
788.882385 189.110123
773.612061 99.487953
803.983704 421.184326
471.390259 202.604477
636.136841 165.393097
514.352783 446.009979
337.399353 218.220840
567.872070 211.131104
503.223389 71.043732
1081.654053 134.661011
1011.714233 112.751961
794.997375 206.346176
695.231689 379.676178
629.711609 213.280563
573.201233 180.985397
294.386932 334.660706
664.724365 202.550049
386.425079 441.944519
241.317596 370.202545
505.117218 56.124752
525.310242 176.667862
272.627625 351.561584
655.679382 231.467117
330.949646 199.242966
603.349976 479.748383
582.853699 226.087357
1081.606934 151.576233
588.330139 474.586029
544.434143 425.248199
649.409058 446.140167
210.786133 344.838348
572.667542 434.597687
547.442871 448.256104
608.261536 164.280899
636.312134 150.508987
631.680359 228.313019
347.871735 460.459686
295.455292 364.650940
210.849457 359.806396
750.335022 373.112061
447.754395 277.777710
589.323425 163.961716
700.215637 485.505615
280.571869 366.661987
856.006958 100.173462
451.171875 464.225311
604.285400 145.341858
558.007812 180.907959
1189.567017 144.233246
225.481094 331.004150
842.002075 85.154938
695.310425 394.675262
571.200562 162.015411
706.216064 330.801239
668.607422 257.231537
513.252319 428.976624
670.576965 217.554535
1225.077515 175.377151
652.578369 247.263702
557.864563 195.946793
679.826965 202.540573
775.536255 424.236481
476.603668 179.729736
670.611389 232.460510
410.511261 221.112808
506.896790 233.726883
257.654297 165.345367
736.928528 157.996017
635.306885 412.921204
1027.162598 58.832474
509.613495 156.871216
532.438782 448.119354
483.938049 447.533722
330.109528 446.284515
653.381836 464.181274
589.502747 136.185593
620.396790 426.826202
1189.441528 159.108658
559.497192 416.457855
214.175674 233.946777
662.133606 149.376953
826.939514 85.200684
840.166260 70.166290
620.355286 411.924225
528.434021 420.158142
527.396667 155.982651
685.218628 165.238510
556.144653 161.966125
640.193115 394.018433
512.180481 195.710266
572.452271 464.502197
597.778442 229.020782
539.379822 401.403320
634.465576 464.010834
393.322449 411.842682
492.023773 234.564743
411.328033 191.191818
429.095917 466.090332
638.345947 427.969666
555.331177 141.267502
604.400879 126.128792
425.157166 251.711533
683.290039 149.304276
408.300476 411.076843
499.294128 86.248299
304.153748 319.908661
765.463745 386.265533
558.213013 380.948517
499.425873 443.825653
485.755127 143.833801
619.394897 144.420929
672.628967 276.332886
564.665771 226.163620
477.756073 285.173126
461.471039 187.427887
512.600342 141.955276
280.584961 241.719986
626.432373 478.952423
513.114075 210.660568
556.380493 401.545135
725.647705 404.834473
468.918243 415.644287
484.806580 158.678986
70.596291 67.512611
734.841553 181.165649
477.522552 399.919922
477.041077 232.485916
815.930359 223.467087
653.594788 262.217499
543.036926 176.838486
527.117004 191.756897
570.346375 136.294235
498.422760 428.817444
521.618530 234.919540
728.007568 319.648499
763.510559 403.257355
250.066833 255.297073
513.412354 460.993408
650.479797 411.093262
691.714539 414.419006
540.223083 141.343811
309.289520 348.824921
622.472351 102.145439
380.492798 426.807831
571.363159 401.665222
662.030212 334.451019
462.653931 281.080566
687.326355 500.286438
749.500427 388.108032
571.258423 479.506714
352.528809 233.969009
743.993652 112.935272
685.624207 217.536072
500.268280 397.929840
456.322845 202.258881
637.144714 379.005920
476.724518 128.819748
626.650635 243.063644
577.656921 119.265984
1185.462769 128.952698
528.098572 206.754745
537.697876 230.874664
233.125000 252.315308
483.651733 417.704956
697.484131 125.330605
593.611328 104.132141
542.945984 206.848999
743.602661 67.619888
453.994873 415.697998
265.765228 368.481110
774.620056 356.169006
470.072296 462.360809
731.265015 130.559616
624.492310 126.257568
286.236511 381.752930
605.235718 408.727966
139.506638 250.705612
543.188904 377.772644
572.839539 368.951202
604.375854 434.656616
670.468750 494.160248
712.546753 129.250122
461.963684 125.750267
735.385254 360.035614
749.705933 321.990173
303.841278 305.054901
698.413635 144.405655
644.304504 479.058777
414.122101 466.037781
743.103455 337.049774
561.761536 103.224709
372.392578 592.933044
289.059021 319.588654
542.938171 191.922531
686.002319 533.065063
573.007263 383.928558
606.939819 393.844360
655.463135 277.291565
621.968689 380.864960
349.580780 475.395752
711.330933 364.106781
484.922455 462.575134
432.927216 276.658478
342.122162 430.492065
503.858093 100.935867
656.300537 355.294006
709.887634 226.416107
398.231262 457.028992
682.535889 121.410408
729.341370 92.752342
332.993378 461.342834
1079.659668 186.694824
462.162628 226.512650
476.676666 300.203247
626.574280 258.116760
346.284119 202.876938
652.387085 370.166016
857.022095 85.071007
758.904968 112.131195
459.805695 399.803650
697.473267 110.502281
534.444092 257.131592
557.972839 366.011719
352.499207 218.925568
558.663940 118.281372
624.993103 395.909515
777.564453 335.123291
436.212585 414.562378
466.139160 107.840401
637.413574 101.222740
543.441162 126.453598
745.600403 405.073883
491.231689 382.987122
713.249084 470.600433
664.240356 434.387451
492.679810 294.288879
706.544861 421.493591
503.797363 123.131790
715.197937 487.617554
490.966400 249.513931
682.520935 106.543091
574.508118 416.656097
773.400330 84.292564
470.737976 143.808914
518.732605 100.992783
480.989685 107.828690
685.613586 232.420807
729.628845 303.756104
315.184082 449.406097
519.513123 252.832962
713.570068 144.401840
714.518921 106.486801
370.636566 442.774628
305.617371 289.988159
794.045471 361.215454
-1.000000 -1.000000
576.757568 103.249840
665.265198 134.410675
753.276794 358.037567
515.278748 403.076599
710.894470 211.723724
532.468994 473.081787
640.367859 277.272156
485.828827 87.906403
661.846191 319.390533
825.154419 70.220520
777.482910 320.276947
751.412903 305.957886
639.423218 135.645935
391.215088 472.056244
371.605835 457.785950
-1.000000 -1.000000
679.122925 440.244263
498.526794 412.743927
429.387634 176.125000
637.027283 364.054443
440.018066 252.598328
487.771515 270.258789
514.538940 475.982300
621.793152 365.840088
476.365570 385.009277
447.880951 292.782318
506.110840 373.126190
655.445007 393.216919
318.771698 314.141815
357.422546 593.763672
475.840607 315.165649
542.565735 111.321449
575.530640 353.851166
688.797546 548.073425
662.455200 119.605568
547.286621 463.263367
273.576508 321.489288
663.746765 304.356812
548.125610 478.252167
310.182770 363.830353
519.554199 270.631042
589.480774 425.500916
762.207947 339.042053
542.818237 357.712158
562.432434 256.012604
1068.699219 203.692032
410.579224 236.293091
710.459961 166.464005
269.593475 383.536987
778.072205 305.229401
461.110046 321.950409
288.765411 304.860687
624.254822 493.886200
679.204407 306.470856
714.335449 184.821777
100.184616 52.911381
320.498169 291.026031
479.133087 359.091278
652.510498 103.448029
301.215515 379.733978
709.007874 241.180252
655.504822 494.071045
534.457764 271.812134
587.645020 368.856628
491.625824 309.290527
1019.490295 155.001526
471.086365 89.818832
154.407288 250.690140
461.628723 382.850098
351.351746 490.206146
210.393692 330.132568
427.045532 399.619385
726.011353 213.684921
1020.744812 128.000565
728.398926 344.869751
414.443237 176.242615
563.465210 241.096054
324.036011 349.050598
667.534790 104.508347
490.593414 324.297974
746.025635 127.613960
455.909149 140.767578
226.046387 375.964569
607.209229 494.852112
683.443909 247.339996
725.143250 228.350952
322.480225 244.164688
107.482750 224.731125
469.767120 158.615051
521.205933 373.217957
620.673462 350.835632
713.366150 455.601257
518.763000 124.208275
494.866028 358.076782
446.840912 125.653641
515.273010 388.083923
608.716187 243.918930
210.075317 374.405914
448.912994 479.106781
575.487305 338.930878
639.410706 120.342903
758.503784 66.633896
327.219086 431.303925
588.118591 489.746765
847.921387 244.748047
373.159149 635.482605
217.957962 249.148972
581.718750 240.924072
676.338928 415.114471
683.963135 291.442017
357.409424 578.822327
1011.495667 68.129662
724.206238 243.170105
553.381287 331.694366
640.872253 349.213348
549.351929 272.754395
371.512817 472.874451
526.967163 358.329895
694.801086 202.842606
602.723999 378.787109
406.280243 480.997589
372.362183 578.016052
536.459717 342.748932
451.200348 107.714798
318.984253 329.022125
835.799377 115.314156
623.537109 335.094269
387.288879 597.011597
694.350830 437.585419
378.503021 411.736389
640.252808 493.899017
579.619202 255.909546
729.479248 426.832947
586.090759 398.783203
493.785400 343.130798
254.790543 394.342194
560.479797 350.703156
625.374084 275.131622
488.464661 70.812988
509.858154 353.322174
855.187622 70.117348
504.718567 267.574036
433.606323 140.635910
365.585632 427.688354
335.212250 286.212646
731.427917 288.795105
568.455383 323.830658
290.648071 289.885773
646.739075 334.235779
428.929810 480.875610
464.409027 358.851044
587.872009 383.748901
810.850586 100.458618
453.678436 163.469833
713.303162 346.890991
433.394836 161.482361
707.234741 502.611389
740.165710 239.214722
538.397156 327.732910
411.999298 396.536682
672.423767 509.046783
590.523560 349.727783
358.291901 658.239075
444.870300 399.844940
1087.444092 40.661781
850.877930 115.277954
707.346497 255.842941
318.046051 464.337402
608.509888 259.013489
388.101410 627.524170
1072.247070 74.805649
475.921906 252.413406
324.874695 363.966095
353.762177 511.813599
792.081665 346.137817
208.177826 204.194702
273.279541 306.950623
741.076965 224.547470
325.709900 482.079163
834.620483 130.346939
475.986755 477.452484
850.005920 178.520187
583.430420 323.988220
109.483780 209.614746
667.278870 370.247772
605.532166 350.882904
533.406799 487.856567
671.114014 355.575348
519.539856 299.519989
700.912415 533.317810
564.451843 273.637909
708.833801 562.422852
610.253052 275.076904
499.550598 475.795197
397.088593 396.262634
521.416687 333.577301
594.669067 89.366547
692.990479 180.621613
449.633026 361.648376
69.646690 82.948097
479.178741 344.114136
-1.000000 -1.000000
695.200500 364.991547
640.447815 304.236145
1011.785767 40.924850
358.199982 638.299011
160.463638 163.933075
519.374146 314.507294
833.057312 245.449005
818.613892 420.953857
679.884338 399.161499
357.691986 259.679688
760.839478 418.165131
446.386200 321.653259
579.485168 273.716492
1072.302124 89.918800
456.254547 92.692970
83.508987 118.338280
547.577698 88.257629
239.773819 391.981323
628.313538 320.171967
697.583801 95.669601
367.219696 226.800308
342.503204 578.650940
646.427979 319.344757
820.703186 115.357033
320.274994 276.188751
534.398438 298.659119
562.939880 88.274475
426.820709 384.538666
338.557678 678.787109
349.777527 276.475006
248.193832 447.412720
758.307373 291.025970
792.127747 331.075195
446.812103 376.741577
312.332458 434.478455
729.335999 77.759171
462.371735 337.859314
373.063599 650.522522
745.563232 429.963745
194.516022 345.900970
687.672546 563.033264
463.667633 492.322510
553.219360 316.698212
595.502197 275.908417
625.298767 304.173279
792.800232 316.302887
352.909973 563.888733
334.991272 271.449615
-1.000000 -1.000000
598.450623 334.950623
687.526062 262.259583
367.348785 241.827469
505.542358 490.630615
85.778870 67.849808
434.553101 361.599274
342.410889 593.376587
335.319824 301.136261
445.836884 493.932404
490.733734 490.556519
756.029785 227.748627
194.608475 360.865906
355.566101 526.827820
-1.000000 -1.000000
350.018005 291.357849
333.645538 318.238098
811.987671 85.376747
355.467712 549.153870
752.038269 143.770020
797.919556 174.149429
606.792175 509.886475
776.965637 290.082825
673.789490 547.918945
759.146912 242.569702
722.131775 502.593201
1086.826416 119.559517
549.071533 493.284210
461.023438 241.439850
373.189972 620.379639
269.614075 398.414398
569.149109 494.649475
609.593079 87.340034
577.904358 88.342445
193.407990 375.807098
671.313538 525.867493
338.015350 256.737885
433.103790 291.586304
436.036224 106.731865
433.281189 306.505341
709.457214 436.569336
395.505188 215.040787
373.323486 665.476013
645.105286 508.837341
1003.194214 195.348206
760.991089 126.936447
446.518463 346.681885
40.597263 576.520996
841.990417 163.390030
590.043396 504.990173
613.326965 319.151855
315.848602 378.975250
1226.958862 58.662598
275.231354 290.036896
391.177979 486.853760
682.436523 578.026550
85.617104 98.443718
305.377960 275.175720
372.542633 259.855286
622.932922 508.732513
682.451172 91.646820
387.891632 642.525452
854.790833 208.531708
456.360626 77.701202
739.343506 254.070618
418.069519 161.469727
284.150757 396.625031
364.609314 274.705750
722.361389 257.966736
250.887482 462.612701
361.190491 203.877411
276.815826 449.610443
418.047760 144.622910
431.326324 321.623413
792.577942 301.332825
289.191132 590.236694
460.910400 256.402222
-1.000000 -1.000000
760.620972 433.124481
239.736450 325.529572
737.170349 502.778809
849.762634 130.310547
98.519753 115.296829
441.147980 91.666603
767.022644 143.898453
312.575073 419.444427
278.386841 41.207920
563.467407 293.763977
182.134384 233.442337
314.277527 199.071838
327.467987 416.205658
40.181351 593.401855
373.241760 487.661926
107.675491 239.614670
703.556580 577.311584
598.342834 315.013519
285.298676 464.767151
224.719498 390.759613
431.423553 346.593353
337.952332 563.804382
827.090210 163.467255
715.876160 546.537781
581.431763 308.942139
637.328796 86.413040
79.433128 133.242371
391.074341 229.793503
730.290588 487.797974
-1.000000 -1.000000
728.639526 471.784424
777.903992 275.096558
419.137207 495.705048
419.707245 369.565796
293.727631 575.358337
94.266830 198.078690
718.472412 577.620300
767.332275 257.914581
338.895325 349.198181
715.913574 531.659058
358.239471 623.075317
85.758217 83.513405
418.299408 281.628326
496.571930 505.503693
778.342407 240.667999
245.421356 432.268860
667.526062 89.585815
301.000458 394.757477
687.113770 515.363831
194.435532 331.007904
606.293091 300.088959
490.108673 55.648945
294.021027 538.853760
736.055603 517.789368
364.817474 289.605133
343.476166 654.316284
686.828979 345.986572
782.027222 143.741989
672.356506 562.868347
431.647614 125.831856
-1.000000 -1.000000
270.433411 464.601501
-1.000000 -1.000000
460.442017 507.156769
258.526917 321.608704
40.303059 289.366974
652.487000 88.521370
782.710571 259.105286
1072.359253 59.762367
589.856750 520.013123
819.521606 130.346420
714.448059 91.696747
761.254395 276.060516
279.038330 573.502869
806.401672 346.093201
579.447815 288.893311
700.163269 592.780640
743.834229 469.906158
333.828217 333.084564
274.145477 591.336792
444.785095 508.851898
350.166626 306.376709
1209.514648 174.410278
401.936859 381.332703
1083.841553 205.734039
291.443848 449.911926
277.262482 538.613770
380.818665 212.110474
338.842834 512.502319
723.652527 562.830994
-1.000000 -1.000000
290.820770 553.707947
82.360672 148.063309
232.741699 446.682312
550.390381 73.212219
410.512909 251.719345
254.115753 477.887024
330.671265 378.659363
285.056824 479.753815
808.892517 360.867188
745.820435 484.855957
719.209045 593.926697
-1.000000 -1.000000
754.690918 502.857056
266.583038 552.907104
587.351746 570.175720
396.240601 200.318787
340.536285 527.672058
822.942566 406.352051
300.048523 248.103165
308.013702 538.038269
728.945557 456.768188
514.218140 505.697266
303.923462 592.276611
996.794922 40.980408
343.460297 636.526062
399.192688 176.521698
363.661591 412.575958
100.601601 97.396187
303.023834 465.085297
387.234192 582.070801
788.130981 226.158005
-1.000000 -1.000000
379.572723 281.855316
646.095032 523.760010
327.479034 578.241760
792.553040 276.098541
1131.962280 348.701385
310.711761 479.963165
382.184326 397.063385
310.690857 556.941040
155.496826 444.182892
263.936523 571.808716
754.589355 520.796814
-1.000000 -1.000000
570.406555 568.893250
985.283203 277.494568
793.324585 240.875534
278.054749 428.810211
818.170837 246.351303
697.483826 80.707962
1116.657104 347.865753
320.066833 261.517975
470.997772 74.950233
-1.000000 -1.000000
169.058670 250.598251
738.663025 563.285522
563.146362 509.630463
606.726685 524.738953
235.566696 462.018555
94.272469 132.858475
685.196472 593.343750
657.077087 571.738403
396.188080 244.928101
806.375366 331.205688
323.311798 678.764648
369.718781 563.124329
642.153564 572.616516
-1.000000 -1.000000
418.197479 296.409851
-1.000000 -1.000000
-1.000000 -1.000000
-1.000000 -1.000000
140.330276 444.124664
-1.000000 -1.000000
533.157837 502.984009
-1.000000 -1.000000
283.781738 255.946671
441.190338 76.749214
84.989021 162.753464
100.761017 82.463966
753.293884 536.084229
648.368042 540.716248
985.217407 292.521637
552.645996 566.771973
247.445038 412.136871
340.503387 543.239258
370.941772 502.397552
775.861267 114.739861
155.211319 429.298615
125.574348 443.811981
769.515381 506.084656
-1.000000 -1.000000
760.922363 487.966187
797.323608 259.023071
379.660309 296.664185
418.098938 510.713074
358.249908 608.421021
807.302795 316.776978
607.436340 573.279907
336.231720 496.618469
755.539734 447.848846
298.113678 186.996643
1115.564697 362.787537
260.996277 429.383942
657.116272 556.712219
766.527527 601.877380
788.928223 435.760437
1005.451782 126.855240
333.847717 621.104675
325.708282 529.670288
259.348816 590.138794
773.144714 69.146179
548.054626 508.303589
327.274475 592.486450
1133.820801 363.660248
737.967712 532.988953
365.050201 304.358582
270.247650 479.765991
261.693909 533.929871
623.820984 523.604614
416.541229 354.405212
223.403976 405.130249
565.649719 73.299957
759.156067 465.097229
-1.000000 -1.000000
-1.000000 -1.000000
217.117676 442.782349
570.443298 553.952637
290.466400 275.060577
810.115662 70.373764
-1.000000 -1.000000
403.024353 161.592010
455.850006 567.956421
140.068130 429.232056
588.268982 555.211609
293.473450 41.127453
754.097473 551.156311
387.453979 260.019806
775.399414 439.054474
162.239151 678.900940
262.566528 412.744995
390.078278 612.629822
324.019318 513.236206
224.058914 317.111694
587.462708 585.162842
-1.000000 -1.000000
570.410034 583.966370
403.301300 501.796570
773.132446 225.750732
-1.000000 -1.000000
471.770416 559.132141
478.559692 505.391296
737.892212 548.007324
733.145569 577.870789
1131.953979 333.806000
1147.262207 348.517181
624.337097 571.401184
759.507568 579.325867
1057.063965 235.948395
92.573624 183.233932
428.899445 557.728577
498.090546 520.228516
847.866821 260.118469
-1.000000 -1.000000
1063.421021 220.758041
552.686584 551.747131
97.127495 147.880722
715.590759 608.916687
238.841339 477.380066
871.006836 99.978920
699.518738 607.760132
769.535950 522.966919
381.342957 197.519806
734.216187 592.801025
401.840302 366.460480
642.340210 557.482849
321.431366 496.510406
308.116760 578.354614
-1.000000 -1.000000
416.331055 311.339081
1116.834961 333.044739
348.192932 321.484589
342.057312 415.436035
528.962646 517.718628
1206.560913 88.516792
804.633850 159.143906
125.590569 429.064240
402.503082 146.661453
388.165894 501.675262
339.779572 363.926025
285.888428 494.834656
405.851074 595.304199
534.108276 562.563904
-1.000000 -1.000000
413.046753 555.613037
769.253906 616.675903
443.794800 552.770935
429.747070 572.531494
254.685104 493.010162
730.209351 441.788422
746.196655 276.213348
532.102661 547.618835
982.441711 262.099152
293.765228 518.665283
403.510376 281.852997
470.701263 573.998596
325.546417 545.393616
411.883087 570.513611
-1.000000 -1.000000
496.009552 559.244690
552.649353 581.909668
328.728271 658.135437
607.399048 588.162048
238.560043 311.424835
682.259216 76.676094
807.253662 301.881866
144.792023 678.968262
297.583221 427.570557
387.730743 657.549316
823.531311 376.494812
-1.000000 -1.000000
327.516327 401.165131
257.902954 307.260010
482.759338 531.119751
-1.000000 -1.000000
221.596146 419.484375
625.409912 545.441772
353.463013 349.441437
176.619598 678.878540
129.768036 413.371490
511.994446 560.248718
-1.000000 -1.000000
-1.000000 -1.000000
99.812737 166.740921
156.160492 414.597809
652.478394 73.534668
513.738953 520.450195
775.519897 491.104462
783.710632 506.682251
769.422302 538.335571
426.053894 91.859512
170.750458 443.989960
-1.000000 -1.000000
824.341675 391.435699
-1.000000 -1.000000
40.330883 673.300964
1012.137939 300.444458
606.453125 547.391235
278.174927 412.960449
1149.123169 363.529327
570.026428 524.603333
751.527527 593.791992
783.765076 522.414429
838.040710 407.561371
158.712921 459.022003
636.520264 71.452202
497.894989 535.315796
269.826904 501.839996
367.592621 387.791840
1000.347473 273.450287
-1.000000 -1.000000
405.467651 612.868286
728.943359 62.664776
278.957306 516.616455
370.679535 525.089600
515.870850 543.384583
88.560341 568.916565
415.894867 674.761475
881.329529 255.771484
621.670349 72.414520
-1.000000 -1.000000
111.205925 265.833679
731.251343 273.853638
403.360321 267.238220
-1.000000 -1.000000
987.116333 307.634369
773.992065 465.153259
996.535461 99.528427
865.911377 115.050316
866.176331 256.609161
781.706421 601.987122
239.544830 492.457397
455.905090 534.137634
-1.000000 -1.000000
92.845894 405.811920
684.465820 608.406372
147.694809 642.060364
667.277100 74.615387
307.980927 518.394287
300.669495 496.006165
430.905914 674.700989
207.739532 316.560242
176.014145 420.296783
147.954086 657.141663
996.546692 84.507652
263.819061 517.370789
358.963745 363.668549
589.401123 540.335938
730.736938 608.816101
387.218811 380.948456
551.983643 537.090149
201.340698 612.063843
594.758057 74.376472
1162.372681 348.569122
838.167175 422.899994
1027.711182 255.677948
297.978729 411.410797
696.884705 633.615540
431.333466 535.938477
-1.000000 -1.000000
807.437256 275.290558
387.958252 567.211670
535.031921 577.582031
-1.000000 -1.000000
370.565765 545.235657
-1.000000 -1.000000
1038.476318 216.604675
670.074219 593.140503
84.510216 477.075500
774.649048 581.624878
573.562378 539.317078
551.710571 58.210506
-1.000000 -1.000000
-1.000000 -1.000000
-1.000000 -1.000000
389.551880 673.314880
396.174164 552.375427
245.438766 507.224182
412.507050 534.679626
-1.000000 -1.000000
783.659851 537.873230
492.027527 574.356262
115.239754 411.134705
835.341919 678.959839
345.359375 378.456818
93.189178 228.091080
-1.000000 -1.000000
163.191803 657.181946
784.584961 616.960510
1015.379883 285.429474
695.558716 647.744812
625.191101 586.501099
120.428139 359.577667
641.967529 587.813965
530.659973 532.689392
-1.000000 -1.000000
107.496506 183.219727
416.457031 339.566406
450.925537 674.769531
219.423843 462.372040
143.466980 459.048218
213.415558 154.199203
185.789413 444.208405
259.729706 292.361389
401.639984 351.380127
1147.212524 333.554688
769.068420 559.941528
379.805145 311.458191
110.684776 445.486633
1055.814575 250.840347
126.189209 266.783356
1122.759766 259.494934
191.164108 391.939606
201.096893 597.276611
187.091446 615.725098
1031.637085 240.664581
397.481628 537.493347
821.195923 332.027527
402.371063 627.694031
-1.000000 -1.000000
1015.229492 270.505096
126.795425 643.361816
418.147614 267.415955
86.153580 554.690857
167.109680 642.020142
383.983154 182.778580
512.119507 575.471619
493.535431 661.552917
-1.000000 -1.000000
1162.937378 260.800751
1027.225952 300.493744
1203.412842 105.203300
92.200516 422.463562
-1.000000 -1.000000
687.637207 677.574341
176.237167 389.075897
250.993393 556.058533
1072.393188 237.987823
368.149536 349.015839
-1.000000 -1.000000
110.276482 280.571991
-1.000000 -1.000000
91.408020 391.237030
1078.914795 220.858124
1092.597900 242.406311
84.568825 492.726013
191.367966 317.209503
-1.000000 -1.000000
833.133484 260.605438
974.521240 165.043076
328.957794 636.188660
120.695892 374.920258
114.821289 167.941757
-1.000000 -1.000000
1147.128052 309.583130
176.851883 405.400665
1162.299316 302.015747
157.465347 474.237976
420.871948 108.378204
171.882843 615.268921
870.184509 70.028458
1132.059814 318.898315
343.084869 400.437927
190.947067 420.530701
84.541077 243.039078
-1.000000 -1.000000
248.630066 570.964050
864.768677 130.136703
146.727768 626.763489
127.229301 281.641449
216.256500 609.032776
-1.000000 -1.000000
257.275269 605.946777
789.633850 491.569244
120.654884 463.474335
714.475708 76.719513
454.642853 582.883118
244.225037 521.996094
690.722839 662.285950
1097.241455 261.407623
-1.000000 -1.000000
421.664154 659.647339
-1.000000 -1.000000
1164.199585 363.371613
508.446350 661.442383
95.905251 368.764709
96.039978 436.932251
711.974915 633.842834
132.752625 658.360779
788.223145 100.479179
275.095062 275.307678
389.726196 516.380859
92.759651 213.017197
822.129395 318.007690
200.156830 445.270142
474.433990 661.262695
141.016586 266.758698
1034.458862 315.393890
305.133972 606.938782
1118.657227 276.334290
981.299744 41.008522
751.251831 608.572937
84.823540 258.217590
118.912964 539.291870
373.656067 363.869995
871.993713 84.857613
199.252747 582.123108
946.673523 257.256073
1142.918823 258.514923
416.113892 130.012573
838.316040 438.062317
114.661285 298.392639
173.910873 458.892548
246.142929 536.862244
131.549255 628.442200
103.810951 353.326935
183.163498 248.405304
1181.541504 113.664368
175.813492 359.292450
394.339264 295.460541
360.658936 189.260666
733.612610 623.708069
895.953857 255.787979
94.494278 583.686523
145.204605 512.621399
474.941895 60.118092
161.963409 399.565857
176.156067 374.270386
470.786652 588.978699
129.503601 298.229706
204.852051 300.469818
710.465393 647.886353
142.358429 474.038574
119.433769 524.627747
109.217407 129.940353
803.687866 435.791809
-1.000000 -1.000000
1093.704224 226.998093
-1.000000 -1.000000
962.189026 258.250732
363.493286 333.975311
289.159729 605.007507
997.871643 258.278259
783.599609 553.343933
822.149963 303.064178
120.663277 478.158905
770.828918 631.633728
243.604462 590.644287
1100.063965 356.458466
1100.195435 276.388855
1022.790710 225.692932
-1.000000 -1.000000
856.224365 402.233124
-1.000000 -1.000000
387.538086 162.012512
439.128784 587.528442
222.581177 302.759338
135.276047 353.393311
345.649933 188.134933
215.848618 594.492371
1162.607178 333.678925
118.670708 313.139221
107.557121 396.233734
186.540283 601.084961
406.569794 659.773926
146.546921 527.514282
1162.004761 286.688477
571.268066 598.892273
885.410767 306.115509
588.305786 600.128113
426.000275 77.069893
101.584534 476.479340
122.286362 396.494812
1238.806519 560.347290
117.737869 555.691467
178.454773 657.042114
1132.855591 235.112305
117.135864 628.611511
-1.000000 -1.000000
702.423523 677.872131
726.409424 644.238586
959.818726 165.015442
161.571548 385.136047
241.661209 608.246460
860.453674 301.482574
787.686218 464.224457
-1.000000 -1.000000
931.031494 256.290466
103.020340 569.069641
222.101013 477.736176
705.725220 662.457092
805.720215 115.361794
-1.000000 -1.000000
-1.000000 -1.000000
124.982849 509.456329
273.985504 606.191589
190.340714 302.258759
823.708557 441.417206
92.513496 609.088440
151.196915 542.370544
142.086609 283.307404
789.703552 582.405029
149.710571 353.635590
1116.985474 318.132904
365.210144 319.203156
1013.476746 315.389557
402.163544 642.629089
86.219337 536.304016
827.082214 657.713806
198.046082 463.173279
-1.000000 -1.000000
1101.048706 341.583252
100.518616 555.147522
144.444611 308.280792
307.715729 678.716125
110.917862 430.710236
84.621483 507.668488
120.419479 344.475555
184.412537 218.917603
452.997131 659.615295
112.467644 643.327698
393.916687 310.274353
916.010620 257.089813
1042.096924 300.374939
171.281403 596.909302
182.423950 641.882935
803.310364 662.466248
436.775208 659.659180
1118.376465 377.579590
-1.000000 -1.000000
876.513306 290.941895
553.432556 596.844543
1087.007202 104.132141
799.699646 616.162720
314.177002 630.399536
859.330139 318.729279
609.994385 603.095154
85.282333 333.980499
856.528137 193.503448
134.770020 542.478455
95.726936 277.316895
1190.936646 174.057541
669.824158 608.182129
111.947708 151.565689
1133.548340 378.377869
382.762939 348.939117
398.751587 336.497772
122.150871 494.449646
681.985657 632.413147
198.248749 248.796051
1045.861694 430.116699
1144.735840 273.118958
971.903198 180.202255
651.792847 58.543247
798.623596 524.403442
1177.481567 348.744141
881.096375 240.760727
173.093414 473.885651
785.783264 631.904846
1162.513306 316.996063
105.993996 462.137482
888.520752 321.432465
328.675415 184.414871
142.846207 497.719452
113.513275 112.472923
175.850922 344.352295
798.571411 508.444458
201.076187 480.077881
161.460052 370.077179
-1.000000 -1.000000
567.006348 58.288162
1030.430542 285.488464
-1.000000 -1.000000
753.985596 623.341125
621.745361 57.393253
103.765167 313.220520
-1.000000 -1.000000
1049.444824 315.428253
91.385460 452.210388
871.765686 402.715668
424.045044 587.416504
962.137573 243.318680
117.610664 329.169678
118.445221 658.393799
654.755371 602.958862
85.005447 313.071838
937.240295 241.342422
837.996033 392.313538
-1.000000 -1.000000
858.106567 384.853882
865.849243 241.526993
173.446945 581.890747
107.452621 609.316467
155.844955 267.383179
1146.830200 289.370270
1052.884644 409.014221
823.089233 346.978851
1148.784668 378.367279
900.273804 306.437744
1225.418335 190.547882
99.770866 295.316528
1024.518799 429.909973
1165.872803 436.301422
770.211914 678.851929
1179.074951 364.187683
109.248444 583.870422
680.892761 646.804565
259.409729 277.849823
1117.509644 237.039169
770.089478 646.650818
860.344116 286.637756
247.876617 623.428223
1061.071411 429.305206
551.969543 40.899113
135.768829 370.880524
147.628784 399.693481
977.258118 247.195007
1099.875977 371.273987
377.952179 333.954834
639.607056 602.809021
-1.000000 -1.000000
1030.308594 270.542969
785.017517 646.692749
97.816521 650.115173
156.647003 612.040405
102.257629 491.836487
796.705078 601.079163
99.927246 337.142212
104.510391 539.918701
717.407410 677.996460
-1.000000 -1.000000
903.586182 321.613495
1070.973022 252.959763
636.564941 56.459969
492.059265 589.305603
804.499207 130.228180
189.609863 263.152008
891.240662 290.974060
578.511230 662.018555
162.118439 527.547180
-1.000000 -1.000000
189.762802 287.661011
-1.000000 -1.000000
836.018738 323.953979
847.680298 287.910309
213.991928 578.925049
788.355042 664.083618
1116.738403 303.351593
455.641541 62.919575
800.890198 633.064636
1012.644043 255.562683
132.744659 557.783203
971.907532 316.344238
865.332825 418.000031
454.351776 597.781006
822.368774 284.501678
1101.560791 530.529724
857.102539 333.246094
105.077988 512.154602
1111.880493 548.837891
176.677902 324.769745
798.408325 540.110229
563.662415 676.218628
437.761688 62.252304
-1.000000 -1.000000
276.979584 621.037476
229.767685 507.296967
160.798721 512.682983
417.232178 644.663391
969.956848 289.957489
878.284607 386.064301
1021.819031 459.011505
493.588898 646.939270
386.522003 147.292908
895.963013 240.807617
1044.344238 582.608765
994.734436 457.013428
624.562500 601.471680
720.767029 662.270996
-1.000000 -1.000000
156.871201 282.071686
-1.000000 -1.000000
-1.000000 -1.000000
133.470078 323.120972
-1.000000 -1.000000
1042.863647 444.986786
1100.344482 291.786011
944.826782 166.025864
846.892395 302.432465
918.771057 319.343781
185.043518 204.033875
228.975388 574.947632
986.425110 180.304703
945.729675 328.175598
-1.000000 -1.000000
1136.988770 529.622742
606.689636 59.357632
1101.718750 326.967651
174.464691 264.504730
675.833252 662.195496
773.296204 663.007141
135.332001 338.450897
1068.156616 409.361969
85.621300 348.392273
217.907516 264.049652
237.644699 296.900238
509.809753 590.362671
835.259766 145.305634
158.025650 489.252380
-1.000000 -1.000000
1150.507812 434.902191
223.361374 492.485138
1188.267456 98.360611
1164.991699 245.619827
-1.000000 -1.000000
1055.788086 265.835541
102.801498 625.161255
1197.053467 678.591553
957.302612 181.180664
697.152283 65.697784
1057.270020 288.592926
925.351746 439.566803
943.489929 441.781982
988.330750 322.685760
1016.574707 240.563370
836.388794 338.818634
115.664017 97.773216
1131.847046 291.796997
197.004288 233.782928
299.384766 621.655762
563.707642 660.950928
537.627808 592.575134
1192.992310 432.896240
398.100494 131.432358
-1.000000 -1.000000
121.887352 612.406738
148.530823 323.068848
1069.205811 664.591858
142.464096 611.351501
1096.932373 550.986694
85.654366 625.477905
979.941833 457.061005
914.083923 242.069016
-1.000000 -1.000000
1026.221680 335.202942
1059.660767 582.688171
508.498779 646.854736
117.302727 569.634460
524.508850 661.630493
1237.302856 425.192657
1140.140869 544.840698
894.007629 386.114441
926.573975 424.582336
1233.868042 242.822403
1221.225952 423.807983
-1.000000 -1.000000
147.943542 557.316711
1052.903320 665.737732
787.905273 84.593369
887.067871 401.369263
860.040344 271.214172
802.667175 449.179199
949.092773 351.505920
1170.789795 421.283356
1165.939209 451.391418
1192.529175 350.451996
-1.000000 -1.000000
803.106934 647.854492
919.307312 641.462891
166.069992 542.335754
742.011475 638.576599
1117.578369 528.477478
956.935974 313.099243
1038.083984 415.124573
209.293304 627.447021
887.241028 336.002319
-1.000000 -1.000000
926.539612 334.269958
1113.605835 567.667236
219.803726 284.160522
156.079849 597.880981
368.335785 175.449997
909.768860 449.527496
228.523422 522.279419
1044.388794 597.964478
1085.081787 657.356506
269.644592 636.239868
1127.027710 402.950256
1103.150879 386.154572
1163.944824 378.206238
917.550964 304.327911
1057.903442 445.044983
925.661377 664.630676
758.460205 662.371338
1149.924683 402.736664
1152.247437 419.683289
983.724976 442.169464
1082.341675 358.360260
1009.582092 440.767761
1193.442505 258.827942
1075.058838 341.986664
916.940613 516.964661
173.897522 566.961975
477.251404 646.596008
1169.019409 678.911804
906.396240 425.175934
839.001404 377.271393
996.724182 342.842987
-1.000000 -1.000000
1165.305054 230.278915
926.378601 454.768524
1050.109253 385.731476
744.190552 52.741821
-1.000000 -1.000000
842.359192 661.875793
1151.774902 528.934021
828.928772 642.783997
1148.312866 243.251312
174.374603 280.025452
1196.450684 418.595520
204.151947 285.662689
84.983727 522.610840
946.582275 426.728729
193.050461 658.690369
249.625305 637.973999
872.201660 333.848907
-1.000000 -1.000000
941.680725 312.838257
863.119934 368.402710
838.595337 453.131134
1102.042480 312.290222
1155.714111 615.940491
233.001068 623.244568
593.412598 676.379333
802.604370 464.461243
214.167114 507.423065
1037.901733 459.992676
269.564758 651.902283
877.972839 369.649353
931.552185 521.793396
1238.913940 639.786743
1009.044800 663.388855
954.768799 288.608093
1214.124268 409.158386
1087.321167 88.555046
1059.407959 597.990601
1044.243774 567.425598
931.984863 543.014832
1086.982300 535.456726
314.512421 649.999695
150.110168 338.325195
961.015991 331.569580
1068.813599 317.920288
667.382385 59.608788
976.874390 232.186371
1086.127441 642.538940
958.364197 228.148727
660.886108 662.689819
1178.553833 260.756866
840.747864 362.137054
1029.420532 582.511047
902.295105 516.320740
1034.887939 385.593262
902.392212 336.252930
417.493866 629.751831
963.989441 455.925568
233.861649 267.172424
123.791161 584.070679
1206.768311 73.027168
213.102112 522.368652
875.210815 275.362946
230.188400 537.425720
-1.000000 -1.000000
978.320068 343.492676
814.729736 617.118042
845.905823 573.339355
1009.702332 426.117828
948.771606 456.822388
288.663605 651.193176
-1.000000 -1.000000
-1.000000 -1.000000
1155.047852 554.231323
-1.000000 -1.000000
1072.253662 286.628204
116.009155 83.021004
1127.962402 645.132568
-1.000000 -1.000000
1189.803467 447.696289
591.356201 59.375259
930.807983 349.097992
1076.474365 428.754913
868.125854 433.269836
839.591431 55.120937
432.308746 644.620789
1063.696899 612.818176
1165.903564 403.713348
1082.069946 552.792053
1140.774780 615.876343
1010.023926 649.396301
1025.220093 648.382446
1206.769531 243.804642
1224.623169 227.723618
811.638184 601.516785
1194.003784 364.882965
476.613403 40.914692
1195.532837 403.751068
851.727966 437.739777
904.200623 642.328003
667.075623 623.162964
1101.135742 645.661194
1004.404846 149.550705
-1.000000 -1.000000
191.882477 567.353210
993.635437 243.192841
1229.262451 622.412048
456.931183 644.785217
1208.327515 258.897522
947.460938 520.562927
1069.727051 644.622498
917.184814 537.294678
869.858582 447.945709
1081.866577 612.104553
1083.248901 407.548950
-1.000000 -1.000000
593.829712 661.310730
967.009949 272.765472
975.588257 481.299927
1150.678223 450.062744
1135.797485 434.463989
138.150299 586.328308
961.765625 441.118103
890.200867 275.841156
910.344177 664.463013
1179.320557 243.608719
947.710449 541.782288
893.566040 370.723724
844.070374 646.752930
-1.000000 -1.000000
1234.265503 335.695892
884.379578 355.038910
964.166687 358.812439
1137.433350 418.772614
990.712708 475.466705
942.409729 181.113358
844.411194 558.557190
1082.813965 627.216614
1170.746704 616.042236
1074.667480 583.290161
1022.490967 609.173462
1065.298218 385.827881
665.930542 647.304565
900.313477 493.654297
1098.961426 512.325989
1238.016479 410.114685
1106.040527 401.814270
994.855835 425.404755
1150.226196 569.164001
1177.781860 334.031281
158.452530 581.740417
1101.928223 660.540710
898.159912 476.266754
1225.215088 638.287170
1224.692017 212.661270
1152.749878 630.652466
1059.744019 567.507141
985.962402 580.461914
1041.325439 341.059174
1178.997925 379.530273
1206.924194 228.887024
175.640472 309.885345
922.999817 624.131165
1082.850708 568.859924
1029.007446 567.387878
159.212936 308.190338
-1.000000 -1.000000
994.201660 664.576721
1022.710327 410.501770
939.480957 289.372711
891.104614 425.449738
1238.861938 394.959564
798.331970 555.395081
962.428284 564.005188
-1.000000 -1.000000
1050.184937 650.640564
176.352386 527.496155
894.677307 448.232361
1067.466309 627.901611
1040.439331 612.996948
538.752930 661.442383
1070.694214 267.877960
817.412476 454.410248
175.577118 294.740814
936.539734 226.119171
1194.822876 388.298462
1148.404175 228.056793
235.234451 552.098938
438.695618 602.420105
197.285995 640.884155
971.202148 195.223831
1014.088379 581.332397
1238.921021 655.148865
123.812103 135.555389
1212.463257 393.881775
-1.000000 -1.000000
1037.388428 664.637329
1098.822510 567.890991
921.300659 279.416809
930.185608 165.998825
946.444275 564.101196
1208.159912 438.084656
1129.853149 219.919220
979.849304 426.710388
