211.805191 219.659637
165.087814 208.199463
257.839874 265.936615
190.341843 252.648743
280.757996 229.491226
332.179993 276.544739
128.340668 249.910706
301.408844 274.305786
360.068970 203.207397
386.902588 132.487549
350.536591 226.865829
369.328003 180.251984
341.265503 251.879639
169.840744 120.152077
378.250031 155.443985
403.205475 127.381287
186.365356 212.107697
441.405365 206.943298
163.228806 158.526321
159.990494 144.027145
179.648819 94.772713
151.780487 168.610229
125.957291 239.357010
411.719238 147.967926
456.002411 240.008392
449.272919 224.486145
133.598816 284.099701
428.023499 182.507004
377.866791 173.124146
214.738907 250.915970
255.073883 227.408951
387.975342 149.267120
168.783920 240.462921
420.201813 165.508163
153.719498 183.326645
194.525192 299.358459
265.125610 381.325531
369.481262 197.272736
360.330597 220.811996
217.764160 376.959778
146.136749 206.093384
239.296219 309.238708
327.765594 212.059357
341.306946 268.334625
334.281342 298.488220
430.687073 320.749573
136.459305 338.346161
428.659546 178.865753
427.127991 410.148926
234.788467 253.136581
299.686371 368.028168
283.128174 263.194366
-1.000000 -1.000000
156.490494 339.963318
188.255630 352.301422
418.069244 149.944122
-1.000000 -1.000000
313.081879 163.013367
275.269775 363.861176
350.165009 245.395508
186.319946 443.016083
230.128799 361.880096
175.785934 346.804779
133.037781 213.673660
136.750778 229.956573
243.482712 332.193146
413.091736 267.218414
185.842529 389.384277
392.768555 272.614563
173.145477 135.920120
318.014038 372.889832
178.475693 113.899902
433.986542 326.969482
372.099731 379.427704
-1.000000 -1.000000
240.639786 422.284241
398.937714 430.030884
390.529022 284.429596
141.741302 190.481369
196.930969 323.860443
422.939270 367.308380
-1.000000 -1.000000
372.826782 278.518402
-1.000000 -1.000000
351.826599 389.390320
153.303116 432.635101
130.281982 429.648499
-1.000000 -1.000000
386.731262 380.352844
192.784134 415.136993
385.130676 231.246658
449.767059 276.985443
401.958801 335.021423
406.484711 227.112808
387.750397 429.148804
401.526947 218.359039
189.422760 364.283478
-1.000000 -1.000000
368.254120 290.408569
436.437195 385.917023
234.659348 374.544678
366.196411 397.038452
-1.000000 -1.000000
400.990326 386.480652
435.537109 203.361328
429.284515 430.719604
410.189209 279.957794
440.805603 288.210938
433.136322 185.807877
407.012756 369.770264
407.726990 298.683197
-1.000000 -1.000000
110.168747 267.346710
351.526520 304.828888
172.513260 438.522614
423.996246 222.992294
440.400726 359.122467
139.710739 371.812347
367.284943 358.239014
371.946564 308.257996
-1.000000 -1.000000
-1.000000 -1.000000
231.596146 400.015533
-1.000000 -1.000000
383.968170 221.656036
-1.000000 -1.000000
397.359283 184.069168
388.522827 200.056992
404.425690 192.387314
450.949127 238.256027
443.270752 220.748077
351.755066 404.140442
-1.000000 -1.000000
166.723053 390.420502
375.745697 253.844406
267.167206 95.582245
301.435333 230.471649
294.284180 361.506195
303.602448 428.893707
386.015350 394.628662
282.640198 425.386292
288.688293 332.543793
-1.000000 -1.000000
397.199646 329.483276
307.786102 337.602997
306.883728 110.016624
141.154419 307.716614
351.564911 435.065338
-1.000000 -1.000000
-1.000000 -1.000000
420.482697 384.071289
395.720642 248.367096
-1.000000 -1.000000
410.576843 180.339447
412.935272 244.075684
236.723099 235.026474
423.706665 394.315674
318.251648 365.193207
280.617737 399.955688
192.037094 375.566620
-1.000000 -1.000000
455.274506 285.704468
165.702927 250.260941
262.624268 395.242828
-1.000000 -1.000000
369.889954 405.202423
-1.000000 -1.000000
198.931473 344.988678
243.908630 354.450989
405.165344 394.688568
390.211243 332.277527
358.611053 430.749695
254.035812 254.550034
161.878372 313.724884
390.882477 348.096741
212.681396 261.223236
-1.000000 -1.000000
186.574356 242.130585
431.494659 377.074463
361.815735 338.832306
138.525314 398.458679
200.055939 310.269867
388.600769 416.545197
145.032928 294.893951
331.222076 320.446655
221.125107 230.718521
-1.000000 -1.000000
355.983490 355.060486
416.978363 437.417908
319.762054 109.662743
416.243378 239.918610
217.197922 303.084106
-1.000000 -1.000000
383.272003 285.448395
-1.000000 -1.000000
-1.000000 -1.000000
239.418793 387.181427
150.020370 425.143463
130.539398 382.791840
-1.000000 -1.000000
174.934418 338.018738
320.383820 227.390762
262.237091 311.534302
310.231384 250.036133
402.688080 281.134094
371.735657 257.447662
424.671875 274.378693
-1.000000 -1.000000
-1.000000 -1.000000
386.832184 423.198883
-1.000000 -1.000000
142.829880 332.101410
272.197449 408.722168
239.172852 445.028076
-1.000000 -1.000000
355.284943 342.320282
194.164871 436.938110
393.404724 219.041977
213.565414 328.072754
-1.000000 -1.000000
168.237015 300.737640
424.742889 343.380371
173.950058 429.467743
422.256439 323.524628
-1.000000 -1.000000
-1.000000 -1.000000
-1.000000 -1.000000
391.014526 327.128510
411.801147 213.531555
205.253189 419.988770
213.933914 390.367798
265.644379 335.815674
161.021652 405.656464
297.663544 264.429321
-1.000000 -1.000000
403.100769 209.172928
430.747192 301.366455
135.747635 237.469543
387.132385 212.624695
-1.000000 -1.000000
396.368164 236.267288
380.177887 404.019806
246.729126 317.259613
376.112793 332.768433
353.611359 429.649567
352.302094 340.502625
-1.000000 -1.000000
423.839905 320.726959
414.117126 395.342682
327.897339 218.063187
373.579163 241.022644
380.447723 307.262146
-1.000000 -1.000000
455.792542 262.899353
-1.000000 -1.000000
393.132721 250.971115
344.803650 415.829529
309.406494 322.654907
365.227020 240.947769
-1.000000 -1.000000
414.970062 297.862396
419.328857 345.312195
279.792938 273.295380
444.191101 344.205414
-1.000000 -1.000000
280.328217 319.014435
356.299347 417.522003
420.101288 412.678070
-1.000000 -1.000000
218.568604 348.378845
-1.000000 -1.000000
289.338440 75.132301
386.561920 331.938477
357.127869 335.152588
337.474579 322.333771
-1.000000 -1.000000
189.359818 93.158958
424.102325 169.678452
126.868118 261.182526
392.466309 423.207581
318.663300 239.805145
-1.000000 -1.000000
410.405579 321.245789
419.696991 417.317902
271.325897 97.801163
348.210785 371.127625
359.703705 398.999115
-1.000000 -1.000000
394.340271 387.608063
-1.000000 -1.000000
-1.000000 -1.000000
426.028595 377.952240
381.872864 424.181641
276.286407 372.565552
384.143555 355.897369
264.493744 358.760925
163.381332 133.382568
-1.000000 -1.000000
382.940460 449.298431
226.130768 326.774689
248.675949 436.780090
420.114014 410.689209
215.258347 438.661011
428.113190 232.382278
349.063354 433.399109
202.039215 104.251472
382.756348 192.968246
-1.000000 -1.000000
390.432281 317.206085
308.863586 233.718124
318.144562 413.390900
-1.000000 -1.000000
180.884277 319.739014
324.580078 65.711678
363.294220 386.648926
423.616669 437.629517
303.474304 128.503540
400.860687 177.876587
-1.000000 -1.000000
-1.000000 -1.000000
-1.000000 -1.000000
216.980667 364.095032
325.381927 297.678802
369.045502 438.559723
167.375214 227.199020
385.861877 181.410477
415.030975 325.206696
199.617798 87.550911
169.485443 144.638107
437.252838 417.719727
398.852722 375.428589
-1.000000 -1.000000
-1.000000 -1.000000
-1.000000 -1.000000
418.770081 356.977875
-1.000000 -1.000000
421.378723 414.055023
320.428467 142.486420
-1.000000 -1.000000
-1.000000 -1.000000
302.490997 253.510941
-1.000000 -1.000000
-1.000000 -1.000000
315.462830 121.837730
218.568588 397.122162
410.864746 230.477341
390.410309 235.957687
153.738724 157.101883
-1.000000 -1.000000
335.251221 247.684250
142.623550 384.340363
-1.000000 -1.000000
383.074402 374.896729
130.928955 438.349243
379.111298 339.440582
138.633331 249.535263
-1.000000 -1.000000
325.426727 273.796265
391.481140 337.427307
424.212158 323.852631
117.577995 235.066681
343.525391 342.222290
-1.000000 -1.000000
308.493683 257.636963
441.451508 196.169357
152.802368 140.206406
406.785797 336.726593
-1.000000 -1.000000
432.721375 363.273895
195.547531 102.910469
-1.000000 -1.000000
-1.000000 -1.000000
171.454163 92.039207
465.082794 263.135406
416.861603 452.922028
418.271179 176.199905
178.822205 122.322639
-1.000000 -1.000000
334.321106 263.157745
371.427338 345.950623
-1.000000 -1.000000
440.968262 327.058014
314.491119 402.535431
187.005722 399.443726
228.895950 429.005096
416.603821 247.767120
458.292572 233.389862
-1.000000 -1.000000
161.939835 167.203308
117.329834 267.537750
413.821442 422.350220
321.627747 125.166801
135.728394 347.249725
378.139343 432.051605
162.531509 116.816978
263.273254 366.122650
363.920410 323.104675
-1.000000 -1.000000
352.938568 215.133499
363.743744 172.471222
362.962097 193.450882
410.456482 353.975433
462.983856 234.937836
-1.000000 -1.000000
432.612793 399.557556
-1.000000 -1.000000
230.297195 352.609619
325.989746 244.600357
356.727844 232.303329
144.407974 164.409241
127.207390 226.750076
357.823212 349.312134
-1.000000 -1.000000
-1.000000 -1.000000
366.136475 208.027527
-1.000000 -1.000000
270.190857 429.116455
422.392853 309.076080
408.065552 442.399292
261.336426 98.129265
284.699188 98.779854
261.949585 226.096207
385.583710 162.099350
335.109039 243.425232
385.024689 327.071198
-1.000000 -1.000000
388.389069 425.273956
323.628967 111.332787
347.308502 256.104675
-1.000000 -1.000000
