211.099487 231.323425
169.917130 215.765656
254.111481 278.094360
194.505798 257.604584
271.038635 249.817535
316.593903 302.927399
139.629425 251.824203
293.130615 292.605408
344.913574 223.752808
373.082672 144.381287
335.092712 249.612915
354.754547 198.251617
325.588379 276.710815
183.235962 110.595810
363.940796 170.843658
394.816559 134.857269
188.217575 220.781464
446.286041 197.371323
176.802719 150.765366
172.852020 136.874527
192.696976 84.156960
164.542770 163.111908
136.937485 241.029831
403.630219 150.977570
468.238342 223.702332
458.216095 211.177795
145.369110 285.276764
427.059937 178.393463
364.865723 188.978058
216.312790 259.360443
249.234390 242.675995
375.133118 162.712845
175.423477 243.991119
415.768768 165.210648
166.597916 178.042831
199.933823 306.803925
266.188599 393.193359
356.056488 215.592331
346.456818 241.390747
225.056641 383.132355
158.048691 203.545380
239.573273 321.149963
319.281433 225.059036
326.512848 293.915405
319.936371 322.440674
446.771393 304.604797
153.491745 336.930420
427.512299 173.971222
451.482147 388.832367
234.269516 263.264099
295.040955 385.693268
276.346710 279.322388
-1.000000 -1.000000
171.315582 340.829681
197.533463 356.661804
411.962646 151.471329
-1.000000 -1.000000
309.443481 166.859848
274.012543 378.503601
336.078644 268.440247
202.969894 442.955475
234.393463 371.142456
187.519028 349.514008
144.903336 212.932648
148.657242 229.165695
245.831253 342.901184
419.231689 260.974426
199.726135 392.137329
393.524902 273.925293
187.006592 126.227959
311.029175 392.336700
193.138992 102.591278
451.798645 318.868011
373.749725 385.764465
-1.000000 -1.000000
250.921844 428.465912
415.804382 429.394836
389.231567 287.515808
154.117966 187.685120
205.142380 329.413849
435.724762 355.197174
-1.000000 -1.000000
368.316132 287.557526
373.063507 454.319275
348.830994 402.016693
176.553650 428.401276
156.659409 422.460602
441.621643 442.070526
391.952454 379.507385
209.826996 415.901764
378.176361 240.462784
464.234894 255.589035
409.955750 334.847321
404.728180 228.603500
404.253571 434.294281
397.332428 220.980011
199.487289 368.780792
-1.000000 -1.000000
362.223389 301.310333
459.944519 365.211548
239.438675 383.371460
368.530396 402.736115
-1.000000 -1.000000
411.942627 379.511322
438.351318 195.640457
455.664032 409.266113
414.104675 275.501801
456.238831 272.229980
434.296143 180.559052
417.147980 363.094482
413.345062 295.114868
203.390762 454.494537
122.782036 269.278748
338.057343 328.178833
192.443008 436.158661
427.383850 217.927261
460.223358 340.105194
158.890518 369.126038
367.867401 367.079498
369.101776 317.228912
-1.000000 -1.000000
-1.000000 -1.000000
239.834274 407.368378
423.206726 449.319183
375.809143 230.452621
-1.000000 -1.000000
388.816803 192.622681
380.306641 205.920120
400.698456 194.416290
461.597778 222.952957
449.879822 209.580185
350.307953 415.167114
-1.000000 -1.000000
186.460419 390.233643
369.712158 263.644867
273.328705 90.098549
288.976471 253.258530
290.060303 376.730804
304.829010 443.869751
393.481659 392.884705
286.805054 437.322906
284.071930 349.421539
-1.000000 -1.000000
404.504272 325.688629
300.852081 357.530334
299.501984 118.145409
157.237625 308.187500
355.709351 443.031403
164.313110 453.670624
-1.000000 -1.000000
437.060516 369.905792
394.818756 250.205887
-1.000000 -1.000000
406.736755 182.280197
414.607178 240.767242
234.545914 247.397476
446.318878 375.653503
310.859558 383.345337
281.814880 413.075836
204.270065 380.676361
-1.000000 -1.000000
472.147552 263.329071
173.723953 253.923691
265.516510 405.819946
-1.000000 -1.000000
374.554443 409.760345
-1.000000 -1.000000
208.657028 349.924225
248.075729 363.570465
418.091003 386.929474
395.171875 331.581909
365.294464 435.152344
250.333267 266.929352
175.285980 316.426056
398.576569 348.709839
215.267090 269.583618
-1.000000 -1.000000
190.551529 246.279831
452.376495 357.958191
360.554199 348.411987
162.789017 394.062531
206.695023 316.815186
403.405212 405.716217
159.000076 296.333374
319.784058 343.670929
220.946243 241.490555
-1.000000 -1.000000
354.368988 371.181183
437.667786 420.922089
312.232880 116.796234
420.594727 234.359955
220.245026 313.194489
-1.000000 -1.000000
379.456909 292.426086
-1.000000 -1.000000
406.740173 250.490204
245.489273 396.620941
173.313065 418.549744
152.597488 380.237396
381.006592 263.905304
186.362228 338.680939
310.665009 242.893829
260.036957 327.477875
299.319214 269.437378
404.704498 280.298187
363.689911 269.872101
430.782471 266.534393
-1.000000 -1.000000
-1.000000 -1.000000
399.928070 418.261322
-1.000000 -1.000000
160.468384 329.718689
275.873199 423.694550
251.358261 449.628967
-1.000000 -1.000000
351.233917 355.328156
213.163437 438.024780
386.935089 225.272812
218.249680 334.112274
-1.000000 -1.000000
179.271851 304.630005
441.199341 327.563019
192.337082 425.181793
433.634888 310.783081
-1.000000 -1.000000
-1.000000 -1.000000
-1.000000 -1.000000
396.755890 324.327209
409.486603 213.562027
220.480469 421.711395
223.212067 395.490387
262.936218 345.551331
182.038284 403.450378
288.661102 282.468597
-1.000000 -1.000000
399.458649 211.512451
445.299469 287.555847
147.322830 238.305099
378.563538 221.821350
-1.000000 -1.000000
395.197723 239.454010
387.729797 403.346191
247.450104 329.262482
374.997925 339.002441
358.010925 435.352417
345.623810 354.734100
-1.000000 -1.000000
438.071411 305.187714
430.657928 381.590881
318.834686 232.417374
369.146942 251.382721
378.974976 312.840698
-1.000000 -1.000000
470.522766 242.280258
-1.000000 -1.000000
389.646454 255.206146
344.307922 427.867340
300.302582 343.720459
354.818604 256.259064
460.804565 292.051971
422.694122 290.699066
431.845367 332.922241
273.734985 289.269867
461.868927 325.558655
-1.000000 -1.000000
274.398010 337.291138
362.030151 424.038574
439.810486 393.775604
-1.000000 -1.000000
223.964508 354.101166
-1.000000 -1.000000
287.763428 73.650291
388.957031 332.565247
353.304688 342.615051
327.298981 344.491913
-1.000000 -1.000000
202.457977 81.869072
421.478668 167.195587
136.233871 263.421417
408.563507 415.594208
308.662537 257.919342
-1.000000 -1.000000
417.657471 314.820312
440.332703 402.299194
281.976776 94.529327
344.036407 385.178589
361.733215 406.165710
-1.000000 -1.000000
404.934113 382.620026
-1.000000 -1.000000
-1.000000 -1.000000
443.150665 362.163940
391.754059 420.728729
277.029114 388.170959
388.059540 355.189270
264.215881 369.410919
177.066650 124.495956
453.464020 447.555389
395.259399 442.894287
229.561127 336.322815
258.085938 438.833099
441.040771 386.990814
228.495605 439.366150
431.549469 231.509506
350.533997 442.184875
221.462585 90.888557
372.051422 205.598297
-1.000000 -1.000000
396.053619 315.754059
296.544983 255.553314
315.015900 430.908020
-1.000000 -1.000000
189.431564 325.224426
316.996307 69.017303
362.689026 395.397552
448.921173 416.406586
297.868256 134.184235
394.238342 183.129486
-1.000000 -1.000000
-1.000000 -1.000000
-1.000000 -1.000000
223.469193 371.816101
310.336456 322.318207
376.367218 441.242706
174.028259 232.604492
374.630951 193.042847
424.350189 312.250488
215.983170 72.658936
182.904297 136.496170
462.954773 395.023499
406.362457 371.817749
455.140106 439.320282
362.052338 452.214142
-1.000000 -1.000000
431.472351 343.957916
422.360474 408.886078
444.220245 395.746552
316.298401 146.770264
-1.000000 -1.000000
390.428009 145.121201
292.536530 272.422241
-1.000000 -1.000000
-1.000000 -1.000000
308.601410 129.299667
228.210190 402.746490
412.135223 228.918564
385.486847 242.868179
166.814102 150.367462
-1.000000 -1.000000
319.077179 272.356079
164.811523 382.127014
-1.000000 -1.000000
387.770844 373.108673
158.759369 432.927002
380.559723 340.501160
149.966141 249.956207
-1.000000 -1.000000
309.519104 299.799408
399.245209 338.345215
438.510712 310.714935
128.246262 236.912292
337.670898 362.044006
-1.000000 -1.000000
298.168213 279.292206
443.394104 186.739243
165.093094 132.930389
414.543427 331.301544
-1.000000 -1.000000
448.402039 348.164154
211.637177 86.675873
-1.000000 -1.000000
-1.000000 -1.000000
184.981476 80.519791
478.723602 238.936188
437.741638 437.395203
412.996002 175.749634
192.388290 112.315140
-1.000000 -1.000000
319.152283 288.599701
370.933075 353.627747
-1.000000 -1.000000
458.315552 308.532898
310.776642 418.767548
201.942963 402.756104
239.878510 435.335236
421.614380 242.176727
467.320679 214.322388
-1.000000 -1.000000
175.096100 160.973282
131.376022 270.924225
433.141174 407.458221
316.492371 130.213348
153.155884 346.281738
388.468689 430.676758
175.528854 107.208153
263.594910 378.532745
361.435699 333.667419
424.269104 191.391571
338.777527 234.422958
348.425385 190.007355
348.838593 211.946716
419.860657 348.451477
470.454742 214.956482
-1.000000 -1.000000
456.599670 377.943970
-1.000000 -1.000000
234.089371 362.374542
316.385071 262.127380
342.071808 254.882370
156.602814 159.411896
139.132935 226.131165
356.964478 362.826996
-1.000000 -1.000000
-1.000000 -1.000000
351.744202 228.460083
345.478546 453.590668
276.065186 439.789490
435.951782 294.417328
425.793640 434.291748
267.399139 92.097557
291.829376 94.941727
256.026276 243.453842
372.114563 176.615051
321.375702 266.197327
388.255310 327.622131
410.908844 264.513245
403.701050 419.837830
317.545349 117.215813
332.307037 280.945740
-1.000000 -1.000000
