-1.000000 -1.000000
-1.000000 -1.000000
-1.000000 -1.000000
279.711731 256.681641
-1.000000 -1.000000
397.780090 151.696548
273.520782 239.858688
297.908905 260.626923
-1.000000 -1.000000
-1.000000 -1.000000
-1.000000 -1.000000
-1.000000 -1.000000
313.902557 294.062317
-1.000000 -1.000000
328.739227 299.371948
-1.000000 -1.000000
-1.000000 -1.000000
397.041168 137.096970
341.459747 310.694641
279.104370 274.128296
262.583893 259.519531
-1.000000 -1.000000
318.978638 262.021210
189.071152 235.164322
309.753387 279.452454
-1.000000 -1.000000
300.719055 243.875092
148.536209 294.351044
386.773529 146.907043
274.127686 223.624680
-1.000000 -1.000000
368.985992 383.670715
-1.000000 -1.000000
156.827225 229.242157
398.425018 168.091370
407.144318 369.022583
312.694489 310.134949
393.237030 364.949066
359.227905 379.295349
429.197357 438.636505
148.629929 279.664673
188.896973 215.332825
431.359161 349.326385
257.093353 242.177063
438.764099 353.623932
231.332291 247.879883
386.072540 133.232178
383.890198 384.939880
215.239334 370.185883
324.746857 315.640686
133.653625 295.606628
-1.000000 -1.000000
156.009048 212.130630
416.049316 437.942535
293.050293 294.584930
422.102203 370.622070
249.900146 376.984161
193.481720 253.329697
210.599945 241.647934
155.231949 266.657806
218.256058 355.091156
-1.000000 -1.000000
133.852905 280.822784
224.445663 328.820892
138.776871 266.741577
320.691711 247.746490
-1.000000 -1.000000
427.579742 361.069794
211.236542 222.663925
-1.000000 -1.000000
-1.000000 -1.000000
335.035431 325.076477
-1.000000 -1.000000
346.301239 377.256775
207.998337 323.076996
229.029999 226.955841
-1.000000 -1.000000
330.318115 282.910828
237.959808 405.735901
370.149841 371.050323
395.663239 438.617859
156.182343 247.844116
251.461914 360.262177
188.469910 370.454590
379.317963 363.578705
-1.000000 -1.000000
388.056122 159.786545
401.551880 382.313232
267.829712 380.787506
362.390472 397.016296
408.461487 356.380737
436.518555 370.357513
349.754608 289.857758
-1.000000 -1.000000
244.673431 267.894531
262.442566 276.350189
199.623764 354.571442
151.916870 309.471863
174.780441 255.652725
287.120361 350.131378
254.110474 336.167969
398.732025 121.296432
419.946655 341.397766
363.025299 412.469788
356.990692 361.691162
395.389374 350.254761
349.402802 393.977203
127.791473 260.250763
269.449097 364.362396
398.890961 403.208862
320.646606 225.870239
189.736038 326.146759
345.877350 331.089874
284.613586 381.089478
278.736389 399.107849
159.951279 196.708420
430.232361 425.255341
434.732452 385.353394
179.760086 355.979980
298.906067 226.631958
212.388870 260.296478
215.299164 438.604553
257.209412 404.856415
380.218262 398.629089
431.865051 334.602142
441.162628 339.976837
211.630798 385.978210
359.904144 334.697906
-1.000000 -1.000000
140.749741 231.994385
352.521759 410.524323
406.559570 156.816101
326.239258 340.044708
302.591248 323.465393
418.721710 421.017151
337.090118 230.548874
182.779587 198.287048
402.635895 423.860168
-1.000000 -1.000000
284.607697 308.199860
118.235397 274.762909
392.646759 172.575729
418.450012 384.508545
373.465363 153.737915
339.368683 214.477829
-1.000000 -1.000000
256.387756 223.932190
197.211639 438.817810
381.005280 344.828491
430.426453 407.711945
179.419113 384.838135
395.072784 334.835052
372.415924 208.463638
376.316284 192.843719
157.140167 375.024292
386.761871 432.941162
211.277237 403.184143
118.648285 298.555023
369.335968 219.128693
386.512756 119.148964
180.546295 400.618561
274.242615 289.915070
406.974213 140.451233
397.294556 317.722137
207.095581 207.635422
456.155975 231.608078
375.975311 181.851700
357.238922 206.645416
359.528137 244.926132
432.832764 308.138336
373.773865 307.031952
-1.000000 -1.000000
-1.000000 -1.000000
372.839111 139.456375
362.097626 190.440598
338.795166 407.440582
244.203842 317.221924
377.012207 292.250305
335.424927 256.116302
189.335938 272.214233
356.446716 262.646973
316.599487 328.628326
263.564423 417.112030
239.359955 432.231354
365.117981 351.760559
445.612000 225.016830
437.244720 280.687622
374.176025 163.342270
352.317261 276.211304
342.548981 202.878418
231.943405 210.413712
241.283127 282.949524
335.013611 265.291412
392.689270 188.596863
137.336945 312.244659
-1.000000 -1.000000
404.791565 175.092926
366.796783 420.129578
213.837845 305.073395
350.213715 433.333893
427.512878 396.729614
414.450378 173.510880
335.936096 390.910858
279.434753 210.536270
408.995422 198.309387
361.374542 180.289276
173.352982 295.707153
366.172485 320.510254
411.518402 296.875153
380.394958 321.416077
351.834381 315.615051
-1.000000 -1.000000
460.668182 216.940781
293.213470 401.936615
-1.000000 -1.000000
362.660767 287.293793
420.564514 305.093292
439.913391 323.035461
388.983948 202.070557
406.168945 323.091553
449.611084 275.679718
408.198517 394.865997
149.821472 358.564545
-1.000000 -1.000000
139.425369 217.030289
439.977020 268.289856
146.913895 387.637909
418.437164 214.766022
411.089752 276.822754
382.632935 282.561646
306.639740 379.827637
358.605560 161.963486
194.314072 98.027969
443.257568 306.207764
113.833649 257.315247
443.132812 249.889069
412.350952 122.760300
402.067383 288.170074
422.435974 284.101227
386.826660 215.567291
428.934753 187.894516
362.999847 301.008514
195.381012 305.216339
428.718903 293.020905
-1.000000 -1.000000
179.864334 97.178322
150.173645 406.359253
420.035950 154.476105
355.672058 154.370529
374.668213 241.265259
400.338470 271.594666
399.597687 183.843033
304.775970 213.352768
450.908722 209.598480
219.664337 276.003937
390.182312 311.810822
120.541336 241.840637
176.950775 135.244583
161.898727 135.286713
143.069687 203.436401
157.640182 345.188629
344.434418 187.145523
136.095261 373.644714
164.247589 106.004768
279.935791 418.672302
235.262711 303.153046
427.037262 227.373520
412.718109 228.750778
179.129028 282.957672
380.326843 264.022827
190.347733 110.487442
433.959198 167.546738
-1.000000 -1.000000
161.735123 160.030670
197.573013 85.441841
369.528687 258.743134
373.988403 126.126167
398.257660 206.529724
176.786377 160.132858
434.992523 259.870453
429.073242 271.511414
431.884827 213.995239
208.879639 289.235229
394.853546 280.325134
146.483398 159.047379
394.366241 297.998505
174.979187 117.146500
130.328140 390.968323
183.279968 84.624031
382.643433 243.601181
323.593506 355.675964
409.869904 249.323318
160.873672 173.359756
159.715454 118.352982
192.662186 135.162872
133.672211 358.423096
166.417206 91.251747
430.385071 144.548904
119.056320 228.032822
320.553070 385.162323
340.097717 423.482483
145.398529 172.251343
425.477020 242.433243
176.333237 174.099487
394.283783 221.950409
-1.000000 -1.000000
345.002869 150.154419
324.935242 412.877319
107.010902 270.930328
316.025665 399.544037
440.492249 197.671600
438.072754 148.211365
145.438889 143.363327
161.031570 185.511429
140.088882 341.120087
298.652039 108.328995
169.606277 78.448761
298.431213 419.791840
409.090485 210.600327
315.212921 135.481964
398.542389 240.969070
-1.000000 -1.000000
135.182907 410.300079
-1.000000 -1.000000
314.816193 112.094353
300.673828 137.308914
143.240585 191.299667
-1.000000 -1.000000
317.415619 207.961594
299.427917 122.064339
446.469879 178.356812
208.306381 100.073486
405.652863 223.036514
-1.000000 -1.000000
282.958649 123.368973
204.908813 111.070602
347.807281 141.117386
456.157013 198.249802
106.956192 289.806488
178.454880 185.444092
327.603210 170.911560
286.817200 141.135071
211.085587 86.231491
121.874283 324.368378
465.999878 204.436005
121.910622 211.963013
313.782806 97.399200
196.067917 71.203857
327.452148 153.739899
120.953781 379.562958
313.481171 152.040558
126.435539 195.099640
200.903992 193.740662
328.162750 120.680168
195.175354 148.113388
310.744873 169.320709
313.414185 199.066772
298.988495 152.516235
296.309814 168.979126
-1.000000 -1.000000
403.386322 106.017738
104.943710 242.357513
389.338470 105.955063
114.513817 430.491516
348.321564 126.504929
128.063721 181.425690
-1.000000 -1.000000
329.673737 104.944374
315.992004 185.118332
303.814240 206.287140
445.967834 152.609985
301.125336 184.186798
276.406464 112.345833
119.515419 424.879608
435.067963 129.115280
124.880981 345.703766
99.297859 289.310028
209.978455 71.300560
139.614502 132.173782
289.623871 96.235603
129.559097 165.638962
463.120972 181.382614
118.646698 365.325989
256.499756 207.758514
446.915619 144.359497
99.664467 258.806763
121.060692 437.687256
229.673096 196.623047
193.235352 163.956482
255.010971 121.575172
271.679535 97.435371
286.147919 86.111000
97.499275 275.472046
254.825684 94.337471
271.987610 79.254463
103.530777 229.387222
285.013306 181.406738
147.876923 107.566757
244.679459 87.408028
221.627060 108.229385
-1.000000 -1.000000
448.359558 143.209412
296.054993 200.425262
181.618011 65.803902
305.770294 87.220222
329.196686 89.450066
288.912079 71.042244
-1.000000 -1.000000
274.168243 152.970871
192.514786 177.124985
154.062653 87.075203
370.595093 115.162193
219.287689 132.963974
301.306885 78.214676
155.242096 81.496788
228.650085 190.651108
277.434418 164.591125
-1.000000 -1.000000
209.752792 121.387794
204.354019 182.315689
-1.000000 -1.000000
258.827576 195.089523
-1.000000 -1.000000
-1.000000 -1.000000
199.282516 60.113667
287.127106 160.253525
126.536469 156.650208
-1.000000 -1.000000
108.144012 208.297562
-1.000000 -1.000000
