-1.000000 -1.000000
-1.000000 -1.000000
-1.000000 -1.000000
270.005798 272.071289
-1.000000 -1.000000
377.821777 150.254974
263.940613 256.331573
286.080048 275.177338
-1.000000 -1.000000
-1.000000 -1.000000
-1.000000 -1.000000
-1.000000 -1.000000
299.504639 309.072327
-1.000000 -1.000000
314.100769 315.280396
-1.000000 -1.000000
-1.000000 -1.000000
376.722839 135.526962
327.597717 325.315430
269.739075 287.802521
253.620560 271.084991
-1.000000 -1.000000
303.919830 277.731628
187.695450 242.624863
295.901886 293.646027
427.328156 435.300140
287.697784 260.035828
163.457901 303.608368
364.364990 147.905487
264.243561 240.662720
410.193237 435.397644
372.221375 381.553589
-1.000000 -1.000000
159.759064 238.614059
379.210144 165.451553
416.250336 351.817047
298.186432 325.070374
397.510895 352.111725
359.317444 381.185150
453.124939 406.785004
162.355728 288.907898
187.768478 226.253281
442.548401 321.948914
247.651566 255.394623
455.825928 323.499084
227.406891 259.269257
363.219849 133.570694
388.421143 376.876587
223.171646 373.806580
312.090332 331.193726
148.674942 303.820465
442.686188 432.495941
158.329224 222.784592
437.962250 409.614258
282.369354 308.762604
432.531311 347.640411
254.682281 383.138245
191.757370 258.882141
208.417969 252.712631
164.448486 275.156616
225.114334 358.607056
-1.000000 -1.000000
147.656616 289.132843
228.359055 335.993622
149.417862 274.648102
304.869019 263.735596
428.309479 420.874420
438.173370 335.287720
208.702438 236.500549
395.908997 434.921509
452.471222 420.714661
325.771881 340.217377
-1.000000 -1.000000
344.956879 380.025665
213.713623 331.673187
225.042511 242.773865
-1.000000 -1.000000
315.137360 299.744904
248.598297 411.278564
373.350494 367.107452
413.921692 420.173553
159.701675 255.205505
255.450317 366.655365
200.304459 373.985962
382.453217 355.434113
-1.000000 -1.000000
365.681671 161.971680
410.055664 365.994873
270.742859 387.382507
364.106476 397.374451
417.446320 337.476349
454.445984 339.233398
335.341125 302.786835
-1.000000 -1.000000
238.171753 276.742004
253.604599 287.809753
209.417221 358.692688
168.308777 318.550537
175.868668 261.670410
287.897003 363.693054
256.047882 346.496490
378.112091 120.384659
428.548187 318.292755
367.218842 413.470306
355.501984 364.322754
400.151031 337.084412
349.509827 396.102234
137.014908 267.181244
271.499268 371.026947
411.222717 388.068665
304.092590 241.523834
197.790802 331.623413
338.056030 343.942413
286.651978 390.086975
283.417908 406.848938
161.401337 207.465714
454.912201 391.818237
455.447937 354.628845
191.394287 358.808777
284.117065 243.661316
210.407700 268.912109
236.001144 437.666565
265.062836 410.518860
386.163116 390.745605
443.530365 306.863892
457.683655 309.065491
221.401657 389.423767
355.098206 341.445435
-1.000000 -1.000000
144.598694 239.140778
354.607697 412.178772
390.078827 152.951355
320.939087 355.935822
293.454498 339.081085
439.536194 394.296631
320.053040 242.486862
181.978012 210.233032
422.621918 402.996582
-1.000000 -1.000000
279.365723 323.938202
131.325195 281.807159
371.605835 175.047256
430.489014 361.681030
349.487854 158.031387
320.781982 225.957840
-1.000000 -1.000000
246.569168 239.039246
220.561661 438.179108
383.430023 338.809814
454.543457 373.027588
194.032608 388.325439
399.329803 321.572754
352.827789 217.000977
355.502197 201.193298
178.288727 375.904236
401.553589 416.698914
226.109680 408.784821
133.890839 304.908905
350.297424 229.388916
364.575745 119.163673
200.718246 404.644562
265.710693 303.406738
389.192596 137.748627
400.754120 305.899536
204.228165 220.855530
459.803284 209.678207
354.323395 188.320190
337.574951 216.156158
342.365997 256.954742
444.386261 281.592438
367.510193 309.682465
-1.000000 -1.000000
202.709412 438.302094
348.501251 143.319458
340.844391 200.101303
339.589722 410.732605
246.061554 330.137421
368.097321 293.861847
319.734772 270.472168
187.946274 278.151306
340.939178 274.455139
309.576477 345.097412
274.930817 422.712830
256.319824 435.333466
366.669220 350.485626
447.151611 204.112595
445.656433 254.675781
350.411255 170.504028
338.210052 288.668304
322.762207 213.147324
226.049072 226.705322
236.241928 292.257019
319.026367 282.500275
372.254211 191.905457
153.879135 319.686768
-1.000000 -1.000000
389.570496 169.239975
375.851746 419.225403
217.464676 316.145996
358.921173 429.200317
445.391754 366.676056
403.241638 165.615189
334.700439 394.654480
268.561615 227.321609
399.090485 188.982086
339.441345 187.667053
181.716629 304.639618
362.116302 324.588287
413.084290 281.538971
379.656067 318.226318
339.893280 327.598633
-1.000000 -1.000000
460.535614 193.973404
297.463104 411.550171
-1.000000 -1.000000
351.096924 295.246155
426.678711 284.701508
455.389404 293.171936
369.909637 206.208038
412.849976 309.294098
458.786163 247.132263
419.913208 376.854431
172.209854 360.254059
-1.000000 -1.000000
143.123886 224.127838
446.395660 240.956192
173.776154 389.137207
411.439697 200.242691
408.051880 263.056458
372.064575 280.010986
302.871338 389.524780
334.899567 170.150482
195.072113 90.746567
457.242889 277.606598
122.719315 263.597809
446.449554 224.397949
393.707367 121.949364
400.547852 276.987518
422.061584 266.604706
367.940826 220.471085
418.755310 172.433365
352.925934 308.882843
201.272552 314.943420
433.881042 270.955383
-1.000000 -1.000000
180.323929 90.288132
179.911377 406.287689
406.645203 149.927887
332.961731 158.755539
357.830292 248.908051
394.934814 261.240997
383.502075 181.434158
288.247528 230.291321
448.323761 188.759125
219.770660 285.984894
389.289703 305.637573
127.783035 248.399094
179.031677 131.455109
164.094131 131.480148
145.945328 209.254471
175.563538 345.867279
323.020264 197.119110
160.585373 374.441315
164.855637 99.931473
290.473724 426.933929
235.439651 315.479218
423.884003 209.362061
406.279999 217.879150
184.567078 291.252594
369.525787 263.854675
191.307175 104.454597
421.553223 156.565353
183.311615 438.489471
165.024734 157.620285
197.995071 77.071419
355.613495 265.829956
349.130463 128.895035
382.882599 205.012909
180.053604 157.596466
436.397736 234.907913
428.321136 250.601349
426.409607 194.144485
212.717056 299.990845
389.039398 272.166382
149.976028 156.740143
391.681946 290.572021
175.776474 113.307220
157.457321 390.268158
183.293762 76.552643
369.335693 246.654816
319.845795 371.911560
405.443787 238.898315
164.748276 171.891113
160.679703 114.622765
194.451202 131.323166
156.092361 359.234497
166.321640 84.898285
412.292786 136.387131
126.236786 233.577087
318.535980 393.733551
344.744446 426.097443
149.570129 171.538605
422.194611 227.848358
180.007233 172.197235
380.268738 222.235245
-1.000000 -1.000000
328.936432 146.312592
328.387451 421.349152
119.562340 278.292053
315.766449 408.743927
430.820679 176.512039
422.501068 138.380920
148.216125 141.081711
162.578644 195.105560
160.248123 343.224762
282.728302 107.698891
168.992172 70.848396
305.894196 430.243042
398.720337 201.341095
299.046326 138.638199
388.854675 236.845383
-1.000000 -1.000000
164.949280 407.706238
-1.000000 -1.000000
297.628021 115.152222
284.383270 138.665176
147.491318 195.584122
167.162079 437.607147
302.328156 220.228333
282.714172 122.315437
435.697449 161.327972
209.428787 91.894867
394.649414 216.745956
-1.000000 -1.000000
267.919830 116.672722
205.912949 104.568443
331.182373 136.180069
449.826080 176.335846
121.614494 298.028503
178.734955 196.116180
313.656830 172.159760
270.195923 137.858826
212.137970 77.688225
140.069305 328.098511
464.121216 181.214294
127.968178 217.836273
297.062286 99.933701
196.315674 62.528202
312.655365 155.149063
145.888428 376.731506
298.378326 153.759216
131.958130 197.962997
198.400803 205.956940
311.433380 123.831406
197.437698 145.121765
296.765869 171.005768
299.795898 206.600433
283.702637 153.967087
282.124390 170.284760
-1.000000 -1.000000
382.723206 105.343109
112.628075 248.496582
368.496124 105.218040
143.162003 394.223572
330.692139 120.685707
132.981705 182.689880
-1.000000 -1.000000
311.995850 108.400368
303.252075 187.040009
285.544342 221.486084
434.721497 142.500610
288.380554 185.906815
265.312042 103.030952
149.954697 408.615875
413.798920 121.372536
145.629944 346.185699
113.510742 299.470123
211.125000 62.747276
142.382416 128.713409
279.958038 93.555847
133.415558 167.166199
452.496155 157.905136
141.759323 363.892578
246.747910 223.403564
427.638916 128.490540
108.277969 263.868500
153.881393 423.669708
222.092850 211.899643
196.465607 160.887390
248.435699 108.690346
264.522278 89.256424
279.399597 81.216743
108.150955 281.468170
248.609344 85.291748
264.688568 74.029617
110.920464 234.271698
272.567291 183.910751
148.812378 103.379662
239.803467 73.409546
223.923035 97.475792
132.630997 406.321442
428.774811 126.937332
283.146118 207.473877
181.601044 57.373806
295.588806 87.828697
311.733765 93.095451
280.947205 65.711678
466.702698 166.224594
254.654938 132.452148
194.584946 176.802719
152.703705 83.445984
346.107666 117.935089
223.478394 118.021530
295.486816 74.810432
154.400970 74.814064
220.047699 203.524200
260.846619 158.074585
-1.000000 -1.000000
211.152985 115.921379
198.411499 192.224304
-1.000000 -1.000000
246.406723 209.258118
-1.000000 -1.000000
-1.000000 -1.000000
203.797760 50.201168
271.324005 158.757538
130.269485 156.582825
-1.000000 -1.000000
113.929665 215.362305
-1.000000 -1.000000
