210.517365 217.241669
162.384567 207.288788
257.649933 263.021118
188.210190 251.665039
281.544708 225.307083
334.927948 269.407562
124.438797 249.798996
301.294617 269.234406
361.377502 198.322754
386.645752 130.507996
352.334229 221.251755
370.062408 176.181808
343.547913 245.549255
163.156784 124.113983
378.535797 152.367508
402.360291 125.751778
184.637344 210.756256
436.271393 209.404892
157.049698 161.862366
153.834778 147.161743
172.636719 99.089981
146.070007 170.964905
122.180313 239.426987
410.159729 147.467438
449.782867 244.413651
443.196747 227.853729
129.202698 283.941833
424.720062 183.664017
377.902374 169.579178
213.079926 248.945648
254.922653 224.139175
387.601257 146.567871
165.746384 240.017654
417.806000 166.082062
148.100098 185.582123
192.785629 297.401764
264.882050 377.316803
370.031097 192.855545
361.544708 215.698395
215.918945 374.875519
141.404617 207.619766
239.126724 305.542999
327.870880 208.782303
343.561493 261.542511
336.608704 291.742798
424.025909 324.427673
132.256866 338.656128
425.345276 180.382004
419.616364 414.337158
233.481995 250.650787
300.856354 362.445984
283.509674 258.769958
-1.000000 -1.000000
152.758682 339.442627
186.176971 350.827942
415.785950 149.500580
-1.000000 -1.000000
311.079529 162.711594
275.555481 359.365112
351.859161 239.320221
183.536819 442.085602
229.076355 359.430481
172.618576 345.708984
128.446823 214.722610
132.331345 230.750732
242.343246 328.862732
408.450653 268.961853
183.179367 388.194611
390.015503 272.334747
166.466202 139.910080
319.639313 366.682434
171.248093 118.286285
426.973816 330.442596
370.895660 376.977203
-1.000000 -1.000000
238.681625 419.644043
-1.000000 -1.000000
388.638184 283.384613
136.531418 192.272110
194.378830 322.145966
417.487701 369.821747
-1.000000 -1.000000
371.961731 276.021301
-1.000000 -1.000000
352.232574 385.249298
148.507858 432.894165
124.631821 430.579895
-1.000000 -1.000000
384.404510 379.704285
189.206497 414.099701
384.522736 229.113907
442.639587 282.301361
398.222015 335.438385
404.217102 226.821808
383.350067 428.363007
399.530060 217.804306
187.133423 362.749512
-1.000000 -1.000000
368.200623 287.343964
428.458496 390.143250
233.654388 371.645813
365.089539 394.502716
-1.000000 -1.000000
397.004181 387.188293
431.368378 205.374374
421.317017 435.176422
406.477722 280.853394
433.522919 292.077576
428.919281 186.969330
402.943085 370.698700
404.339630 299.111786
-1.000000 -1.000000
106.348427 267.250916
353.930603 298.257355
168.413559 438.076019
419.630737 224.179688
432.990936 363.157013
135.358948 372.185791
366.283905 355.443726
371.440521 305.462067
-1.000000 -1.000000
-1.000000 -1.000000
230.282181 397.535828
-1.000000 -1.000000
383.419922 219.485214
-1.000000 -1.000000
396.125000 182.324173
387.483459 198.225632
401.957367 192.182480
444.710724 242.568848
438.043365 224.221878
351.994629 400.438141
-1.000000 -1.000000
162.168503 390.148407
375.329346 251.226059
261.397766 98.338142
302.424957 225.104919
295.062286 356.535400
304.043732 423.888977
383.326477 394.185150
282.208008 421.228485
289.311615 327.483826
-1.000000 -1.000000
393.597504 329.731689
309.305695 331.815216
305.104584 109.188248
136.731491 307.851440
350.711090 431.478577
-1.000000 -1.000000
-1.000000 -1.000000
414.673035 386.962708
393.451111 247.895920
-1.000000 -1.000000
408.068817 180.082367
409.903442 245.307724
235.696167 231.780273
416.259216 398.095520
319.759949 359.334564
280.723053 395.829071
189.249405 373.665649
-1.000000 -1.000000
447.720337 291.112030
162.516983 249.681442
262.071991 391.407410
-1.000000 -1.000000
368.488831 402.889435
-1.000000 -1.000000
196.208908 343.048004
242.659164 351.246368
400.732635 395.635284
387.294312 331.838989
357.102051 428.209381
253.395752 251.397797
158.286148 313.109650
387.343567 345.515228
210.815933 259.172363
-1.000000 -1.000000
184.401596 241.680023
424.295685 380.838837
361.121460 335.657074
133.065659 399.108002
197.863358 308.302643
384.214844 417.919281
140.919525 294.771820
333.648041 313.731171
219.673599 228.410553
-1.000000 -1.000000
355.600708 347.854095
410.577728 441.262726
318.108521 108.620308
412.132507 241.689438
215.681580 300.337677
-1.000000 -1.000000
382.128967 283.692047
-1.000000 -1.000000
-1.000000 -1.000000
238.138596 383.901367
144.680801 425.872437
125.641983 383.408875
-1.000000 -1.000000
171.253113 337.098419
321.123016 223.281235
262.097870 307.130524
311.643158 245.230392
399.638489 281.241730
371.953064 254.517166
420.185089 276.285065
-1.000000 -1.000000
-1.000000 -1.000000
383.056946 423.339264
-1.000000 -1.000000
138.054031 332.401611
271.897308 404.154388
236.998932 442.565582
-1.000000 -1.000000
355.490784 338.253937
190.186981 435.462372
392.235596 217.454819
212.244415 325.853699
-1.000000 -1.000000
164.752899 299.900879
418.258972 347.529724
169.388763 429.434784
416.425323 326.583496
-1.000000 -1.000000
-1.000000 -1.000000
-1.000000 -1.000000
387.826721 327.268158
409.101593 213.740555
202.081573 418.558716
211.766068 388.473877
265.633636 331.497620
156.334015 405.823547
298.500244 259.756348
-1.000000 -1.000000
400.715363 208.113708
424.114807 304.467010
131.608276 237.871262
386.379639 208.087921
-1.000000 -1.000000
393.914185 235.296478
377.823730 403.099579
246.086700 313.611694
374.710754 331.325867
352.538116 427.102448
352.838593 336.491486
-1.000000 -1.000000
417.827667 324.176880
408.736603 397.714600
328.199280 214.428787
373.540680 238.205566
379.392670 305.061218
-1.000000 -1.000000
448.474884 268.263977
-1.000000 -1.000000
391.472473 250.532883
345.240326 411.621460
311.470032 316.680054
365.949097 237.271698
-1.000000 -1.000000
410.826080 298.931152
414.058136 348.894257
279.925171 269.085541
436.821533 347.809784
-1.000000 -1.000000
282.680908 313.011810
354.838135 414.522705
413.233582 416.738831
-1.000000 -1.000000
216.806442 345.946106
-1.000000 -1.000000
284.664032 76.938225
384.255585 331.378265
357.047394 331.814270
339.673218 315.734924
-1.000000 -1.000000
182.301208 97.604546
420.961975 170.310913
123.905228 260.850098
387.767426 423.912567
319.458191 235.650558
-1.000000 -1.000000
406.160461 323.148285
412.806305 420.474365
265.411102 100.927528
348.906494 366.597443
358.866669 396.054749
-1.000000 -1.000000
390.324585 387.922577
-1.000000 -1.000000
-1.000000 -1.000000
419.881958 381.157776
378.985779 424.091766
276.285767 367.584076
382.158600 355.305542
264.344269 354.766327
156.890579 137.055466
-1.000000 -1.000000
379.843536 449.143616
224.846954 323.634003
247.052399 435.359619
412.931366 415.560944
212.751755 437.220184
423.894684 233.201599
348.550873 430.149811
193.531906 109.287109
382.607178 189.913330
-1.000000 -1.000000
387.256714 317.641754
310.451141 228.496368
319.261017 407.709564
-1.000000 -1.000000
178.488281 317.975189
321.317688 65.653191
362.777832 383.676697
415.898804 441.742340
301.518982 128.310287
399.341949 176.530579
-1.000000 -1.000000
-1.000000 -1.000000
-1.000000 -1.000000
215.262756 361.245819
328.505920 290.587585
367.242889 436.607880
164.152740 225.218079
385.534027 178.982574
410.498901 327.168884
191.960480 93.080833
163.239395 147.944275
429.259949 422.363586
395.391571 375.825073
-1.000000 -1.000000
-1.000000 -1.000000
-1.000000 -1.000000
-1.000000 -1.000000
-1.000000 -1.000000
414.369049 418.022858
318.440826 142.462479
-1.000000 -1.000000
-1.000000 -1.000000
303.369507 248.599777
-1.000000 -1.000000
-1.000000 -1.000000
313.881042 120.796021
216.608932 395.163696
407.971039 230.614334
389.225189 234.118835
147.685638 160.050079
-1.000000 -1.000000
337.712616 241.436035
137.577194 384.631317
-1.000000 -1.000000
380.978912 373.977417
126.706261 439.271271
377.304443 338.071655
134.853378 249.170380
-1.000000 -1.000000
327.905426 267.282471
388.090698 336.884674
418.250580 327.189972
113.818024 235.244583
344.733124 336.970459
-1.000000 -1.000000
309.663422 253.328522
437.559113 198.960587
146.690735 143.559158
403.115814 337.523956
-1.000000 -1.000000
426.543243 366.613495
187.798599 108.898567
-1.000000 -1.000000
-1.000000 -1.000000
164.390701 96.412979
458.414642 269.118500
-1.000000 -1.000000
415.775696 176.520828
172.112244 126.329201
-1.000000 -1.000000
336.629547 256.297699
370.522766 343.573090
-1.000000 -1.000000
433.898499 331.073883
315.664032 397.474274
183.899246 397.847504
227.161148 426.578003
412.303711 248.952087
-1.000000 -1.000000
-1.000000 -1.000000
156.069855 170.002960
113.218918 267.141998
407.894226 423.985443
319.681519 124.861801
131.757034 347.306732
375.175018 430.581665
156.067047 120.600243
263.113708 362.299927
363.311859 319.899750
-1.000000 -1.000000
354.203339 209.929794
364.509369 168.731964
363.853943 188.862900
406.131714 353.470795
460.100830 242.435165
-1.000000 -1.000000
424.794922 403.770874
-1.000000 -1.000000
229.445618 349.439423
326.951721 240.102707
358.520813 225.585693
138.647217 166.919449
122.770615 227.591125
357.491211 344.141235
-1.000000 -1.000000
-1.000000 -1.000000
367.359314 202.575302
-1.000000 -1.000000
-1.000000 -1.000000
416.426453 312.199036
402.453278 442.212250
255.861008 100.753105
278.836273 102.198845
262.029724 222.127670
386.289459 157.855911
337.549530 237.128479
382.928101 325.453735
-1.000000 -1.000000
384.171570 425.401794
321.691559 110.471733
349.648773 249.039185
-1.000000 -1.000000
