205.880539 237.563751
166.221207 222.905731
250.117859 281.138031
192.477936 261.496735
263.248444 255.082596
309.878662 306.151520
140.269684 257.716919
288.001984 294.919464
332.509460 223.762894
355.085968 140.894989
324.470032 250.796158
340.599792 196.932648
316.927490 279.000153
174.594727 111.911446
347.895782 168.654434
378.476624 127.376793
183.912964 227.550842
436.999329 177.817535
171.105896 152.895935
166.213867 139.302734
182.075836 84.006599
159.576614 166.388855
137.003204 247.285126
387.067566 141.200638
463.974152 200.297272
451.094788 189.165268
148.847473 289.761200
415.293091 163.562363
350.329651 186.577820
213.223831 262.832611
242.360565 247.904907
358.560089 159.287460
173.855423 248.330902
401.572845 152.815659
162.476913 181.173904
201.851318 310.688202
270.538910 393.054657
343.215759 214.462769
335.120544 241.439957
231.829483 383.626038
155.541931 207.959732
240.188461 324.291870
309.545166 223.853699
319.361084 296.336151
314.484863 324.445953
448.563507 282.020966
161.670151 339.530731
415.767914 155.997025
461.622253 362.376648
230.650375 266.751495
297.344971 385.658997
271.001221 281.620575
252.662643 454.400726
178.743500 343.077026
203.846497 358.228882
396.027039 139.954544
-1.000000 -1.000000
297.209595 165.409286
277.356293 379.079681
327.003052 269.591187
218.038010 441.113800
239.454941 372.235260
193.799133 351.223541
143.044647 218.392639
147.897263 234.437546
248.010666 344.329773
414.595673 244.335739
210.582336 392.925629
388.602997 262.090393
179.629150 127.516022
312.557648 391.787537
184.040482 102.759544
455.792236 298.696045
376.882202 377.006989
-1.000000 -1.000000
261.940155 426.433289
427.436737 411.722443
384.787781 277.097687
150.685226 192.142471
208.979340 331.710541
440.284363 334.095062
-1.000000 -1.000000
363.072052 280.483917
383.938934 443.891418
351.473877 396.983765
192.820404 427.140839
173.604324 421.403687
454.687866 417.446899
395.835449 365.955597
222.664825 414.760986
369.909790 234.795700
462.565613 230.125427
413.193420 327.660461
396.395233 217.836670
414.925903 417.328918
386.949341 210.604721
206.715988 370.112030
410.272461 448.503143
357.951050 295.615051
468.010925 338.978241
245.273849 384.221985
373.302612 393.147003
-1.000000 -1.000000
417.656189 361.880524
428.236908 177.562973
468.163788 382.351227
410.403503 260.023956
455.901184 249.871399
422.564026 163.480988
421.116516 346.069031
411.733398 280.941681
219.464203 452.671844
125.003563 276.076508
332.905701 328.501190
207.706345 434.292358
419.649536 203.079269
465.392181 315.374146
170.620026 370.871094
369.985199 360.466919
367.062164 311.340302
432.096924 445.648590
-1.000000 -1.000000
249.399780 407.512360
435.625549 428.906921
365.659180 223.922684
-1.000000 -1.000000
375.095917 186.090607
368.500854 198.450912
389.358337 183.759567
456.050232 200.499619
442.117645 189.385849
354.960358 409.507660
-1.000000 -1.000000
198.371368 390.859894
362.612030 257.546143
260.073486 86.013893
279.569366 257.938293
291.568329 376.279327
313.797241 441.422760
399.294342 378.644867
296.396698 434.968811
283.864319 350.475189
-1.000000 -1.000000
405.593079 310.696014
301.069824 358.503082
282.231964 117.568626
163.106033 312.280029
364.493011 434.989197
184.547729 452.070190
457.629852 430.589661
443.567657 347.746216
388.200348 239.163223
-1.000000 -1.000000
393.993805 172.215347
407.805634 226.792984
229.686325 251.560608
455.541290 350.680725
311.291290 382.387634
288.990936 412.614990
212.931793 381.614410
-1.000000 -1.000000
471.532867 237.367950
172.981628 258.201202
271.777008 404.976685
-1.000000 -1.000000
381.000702 399.674774
-1.000000 -1.000000
214.572174 351.927032
252.392578 365.003021
425.412811 369.066498
395.559570 319.301575
374.209198 424.506866
245.565292 269.779175
180.981491 319.913513
400.960236 336.356812
212.882050 272.939636
-1.000000 -1.000000
187.960724 250.162552
459.340302 332.734985
360.987122 341.577026
177.414993 394.463409
209.501389 319.233826
412.880402 387.466553
163.534317 300.675964
316.400085 345.029907
216.289612 245.998016
-1.000000 -1.000000
355.845123 366.360901
449.423492 396.494049
294.770264 115.059372
413.967316 218.294998
221.173721 316.476562
-1.000000 -1.000000
374.818298 284.449066
-1.000000 -1.000000
400.353516 236.150024
252.704865 396.688995
188.374481 416.575165
165.458740 382.444733
373.900391 254.448059
191.862900 340.069824
302.146820 243.194061
259.519684 330.056580
292.974365 271.630432
400.196472 267.279968
356.689270 265.164764
426.437927 249.369965
-1.000000 -1.000000
485.091309 219.265167
408.887115 401.872131
439.702698 451.687317
167.778046 331.521484
284.161774 423.381805
264.818573 448.473724
-1.000000 -1.000000
350.840454 351.119293
228.221527 436.506073
376.655212 216.991028
221.029404 336.101318
-1.000000 -1.000000
183.100403 308.492065
444.930756 307.198700
206.380890 422.682007
434.134064 291.455505
41.961597 418.394775
-1.000000 -1.000000
366.840302 451.125732
396.796356 310.260254
398.801117 201.991852
233.358917 420.135162
231.398193 395.661133
263.148712 345.887482
195.864990 403.109833
282.439087 284.958038
-1.000000 -1.000000
388.227631 201.017288
445.793457 266.724182
147.523895 243.792328
367.022675 215.070679
-1.000000 -1.000000
388.233124 228.774292
394.984650 389.358917
248.503082 330.984283
373.984772 330.728149
365.739868 426.214844
343.964844 351.235687
-1.000000 -1.000000
439.565552 283.010590
438.504242 359.517059
309.422546 232.375641
362.349731 245.863129
377.448608 303.896851
453.024689 442.285156
467.692810 218.266876
-1.000000 -1.000000
382.811157 246.566833
350.677612 421.637604
299.022766 345.657867
346.679077 252.981918
461.779755 267.851501
422.064545 273.365601
435.400818 312.472137
269.206329 291.589264
465.799927 301.156891
-1.000000 -1.000000
274.666718 339.206696
369.869415 413.769012
449.086487 369.600586
-1.000000 -1.000000
227.811447 354.411652
-1.000000 -1.000000
269.810577 70.620094
387.791565 321.428467
352.090363 336.074829
326.257904 342.494141
-1.000000 -1.000000
192.208282 80.625420
407.850952 152.929382
137.369476 268.957428
419.075104 397.598694
301.027283 259.739166
-1.000000 -1.000000
417.364502 298.290619
451.258240 382.671509
270.565369 90.992477
346.031952 381.045593
365.585968 399.369781
-1.000000 -1.000000
409.619049 367.765472
424.116943 451.392578
-1.000000 -1.000000
448.676056 338.947479
400.477631 404.748749
281.121643 388.553741
390.837036 343.250244
266.632202 367.876221
169.677338 125.918427
467.796570 420.972504
406.330017 426.509003
232.048752 338.688293
269.596008 436.500305
450.462891 362.081757
241.297989 435.443573
424.203491 215.649017
357.452576 435.157715
214.444443 87.151833
359.707977 199.956512
-1.000000 -1.000000
396.362396 301.244080
288.469696 258.871643
320.488159 429.281067
464.697632 445.560394
193.374420 327.769196
296.449768 66.653564
365.718964 388.370026
461.242126 390.497864
282.477173 132.953842
381.615051 174.098389
-1.000000 -1.000000
42.698254 425.522552
-1.000000 -1.000000
228.859146 372.732300
304.657715 324.011566
385.496979 428.941925
171.531830 237.385239
361.022827 188.586380
424.969543 293.015930
205.285095 68.151711
176.450348 138.001831
474.006836 366.376099
410.113434 356.602295
469.350159 412.157867
373.241577 442.172760
-1.000000 -1.000000
435.545776 323.102478
431.559662 390.813080
455.361969 371.286469
303.425293 144.963333
-1.000000 -1.000000
374.290436 137.556076
285.097168 274.974030
279.808105 447.558563
423.651581 440.137146
293.139282 128.156235
237.693176 403.567261
404.785919 215.825531
377.895935 234.865433
161.078201 152.600876
-1.000000 -1.000000
309.045349 274.704437
177.987366 383.805420
-1.000000 -1.000000
391.020935 355.525055
176.842773 431.754089
381.555939 329.612122
150.612213 256.232635
405.578644 438.615387
301.692017 303.187042
402.792450 326.757111
441.182617 290.953369
127.786026 243.592545
338.148865 360.538818
-1.000000 -1.000000
292.111145 282.696106
432.519073 167.323547
157.612350 135.128937
415.554810 314.082275
-1.000000 -1.000000
452.726135 325.326080
202.204285 85.003296
-1.000000 -1.000000
-1.000000 -1.000000
173.302658 80.294037
474.916718 211.890732
450.478455 411.746796
398.746765 162.855072
184.390961 112.823357
-1.000000 -1.000000
311.688568 290.668762
371.241974 344.790802
-1.000000 -1.000000
460.353912 283.320190
315.453247 417.874298
213.780624 403.509430
252.285034 434.625916
415.965820 227.476349
460.590576 189.954269
-1.000000 -1.000000
170.178253 163.124420
134.240814 277.696564
443.218323 383.672302
301.988922 127.393127
162.316422 349.034637
398.180481 415.710571
166.046326 108.396179
267.188965 379.732025
360.586578 326.642792
412.763000 174.964676
324.013000 230.423798
332.787628 188.645233
335.082550 210.505676
422.989838 332.140350
466.342102 190.925034
-1.000000 -1.000000
465.891144 351.466431
-1.000000 -1.000000
238.483948 364.013733
310.093445 258.060913
333.855377 254.718979
150.749908 162.378357
138.022247 231.768845
359.120361 355.128693
-1.000000 -1.000000
384.433319 151.864319
341.058441 227.385620
354.093750 447.020752
285.879913 437.089294
436.100647 272.399963
437.600677 414.546509
253.470581 89.466171
280.075287 89.759293
250.271988 250.141327
358.714478 172.359024
312.538849 267.059052
387.980194 314.265106
405.734985 248.560989
414.915466 405.364594
301.802643 115.358749
325.234955 282.592499
-1.000000 -1.000000
