206.155151 237.222305
166.388596 222.567871
250.271591 280.930267
192.529999 261.278992
263.718872 254.824875
310.229279 306.026276
140.182953 257.411133
288.253235 294.727692
333.238953 223.766525
356.167694 141.091370
325.128387 250.764862
341.472382 197.037399
317.380157 278.903351
175.089722 111.855141
348.816223 168.775330
379.462494 127.832230
184.087067 227.219299
437.486694 178.974945
171.409714 152.713486
166.589050 139.214478
182.707230 84.092087
159.810791 166.245377
136.960648 247.006561
388.012024 141.754211
464.242310 201.732422
451.516754 190.492645
148.644699 289.638123
416.007202 164.509262
351.229370 186.724533
213.382401 262.567047
242.677994 247.668854
359.560181 159.436188
173.907654 248.073669
402.412140 153.530334
162.656342 180.975800
201.551575 310.523438
270.268311 393.197418
344.012817 214.513016
335.817902 241.431381
231.311295 383.714508
155.641205 207.747528
239.971634 324.179840
310.047638 223.954544
319.780609 296.204437
314.766876 324.270050
448.537445 283.383392
161.099869 339.500824
416.350159 157.044098
461.111206 364.033173
230.760925 266.523163
297.106720 385.736267
271.292419 281.417786
251.753448 454.543274
178.261627 343.015106
203.407806 358.208771
396.975342 140.649734
-1.000000 -1.000000
297.881470 165.398560
276.994293 379.064636
327.489288 269.520020
217.084885 441.326019
239.057846 372.206482
193.388397 351.268250
143.099716 218.182693
147.878174 234.164490
247.889999 344.297821
414.932739 245.401749
209.780060 392.928223
388.896362 262.904663
179.998184 127.436989
312.503906 391.985565
184.566635 102.770164
455.612549 299.932373
376.638763 377.550171
-1.000000 -1.000000
261.281616 426.637787
426.738892 412.820648
385.007294 277.787354
150.879272 191.954086
208.779175 331.665497
440.016541 335.469299
-1.000000 -1.000000
363.356750 281.008240
383.286102 444.636932
351.239288 397.391479
191.797760 427.343628
172.495071 421.616669
453.879669 419.027557
395.582672 366.853851
221.844757 414.942566
370.297577 235.070419
462.645325 231.638245
413.000031 328.088928
396.836517 218.387894
414.295380 418.401367
387.577332 211.197495
206.176376 370.151001
409.523010 449.574036
358.175110 296.068237
467.591583 340.555511
244.788345 384.237885
373.057495 393.780090
-1.000000 -1.000000
417.369232 363.048187
428.843323 178.695816
467.400787 384.011963
410.557312 261.082458
455.968872 251.146057
423.232666 164.547974
420.887421 347.169403
411.832428 281.744415
218.380569 452.906616
124.832626 275.753632
333.244049 328.456879
206.751999 434.630615
420.182312 203.818146
465.129852 316.883636
169.807999 370.796844
369.817871 360.844696
367.172028 311.658722
431.334747 447.012878
-1.000000 -1.000000
248.698441 407.532410
434.915070 430.237030
366.109741 224.383865
-1.000000 -1.000000
375.854614 186.395721
369.196899 198.955994
390.019592 184.430069
456.353058 201.765137
442.560120 190.586884
354.664581 409.900024
-1.000000 -1.000000
197.622925 391.011780
363.041290 257.896698
260.973145 86.502014
280.152252 257.709412
291.456848 376.390320
313.178162 441.677490
398.804688 379.604431
295.811401 435.253510
283.857819 350.467834
-1.000000 -1.000000
405.531830 311.619354
300.968567 358.506256
283.248749 117.714218
162.656799 312.104187
363.970947 435.526886
183.242035 452.243378
456.806519 432.248871
443.134064 349.205566
388.530487 239.814468
-1.000000 -1.000000
394.734497 172.729736
408.259399 227.599411
229.942230 251.478241
454.998047 352.178497
311.271027 382.506317
288.440491 412.609894
212.307022 381.741180
-1.000000 -1.000000
471.583588 238.963333
173.013489 257.983154
271.493347 405.193481
-1.000000 -1.000000
380.685333 400.295532
-1.000000 -1.000000
214.198471 351.777130
252.054520 364.879761
424.987732 370.146301
395.539825 319.952026
373.617798 425.297852
245.749161 269.579895
180.494202 319.724915
400.828979 337.019592
212.995667 272.758148
-1.000000 -1.000000
188.075180 249.935699
459.004822 334.321777
360.938141 342.055420
176.474838 394.523254
209.283218 319.238098
412.323120 388.727448
163.224380 300.475708
316.484222 345.062805
216.491806 245.773224
-1.000000 -1.000000
355.734558 366.559540
448.733093 398.042999
295.743896 115.206856
414.352966 219.320221
221.208694 316.449860
-1.000000 -1.000000
375.142273 285.019958
-1.000000 -1.000000
400.721619 237.125580
252.227158 396.860809
187.501419 416.954865
164.630630 382.637787
374.322906 255.129593
191.588333 340.124786
302.580444 243.205460
259.724335 330.098938
293.218201 271.505859
400.560364 268.081848
357.098938 265.466492
426.790375 250.392914
-1.000000 -1.000000
485.208771 220.875473
408.418427 402.912720
438.816711 453.056824
167.317719 331.572784
283.681061 423.666168
263.919861 448.500000
-1.000000 -1.000000
350.878540 351.357239
227.314987 436.624146
377.219910 217.443192
220.751938 335.997009
-1.000000 -1.000000
182.772171 308.287628
444.697937 308.342407
205.617188 423.054230
434.191284 292.579895
38.498795 420.982666
-1.000000 -1.000000
366.164612 451.546265
396.856537 311.155060
399.550751 202.578537
232.516937 420.332458
230.983017 395.766083
263.171051 345.926849
194.880630 403.201935
282.822357 284.797577
-1.000000 -1.000000
389.031525 201.540756
445.793152 267.946747
147.465149 243.569229
367.761292 215.366318
-1.000000 -1.000000
388.598511 229.417297
394.481842 390.197144
248.440613 330.970184
374.074158 331.295624
365.288330 426.843018
344.074127 351.477509
-1.000000 -1.000000
439.518402 284.446930
438.020111 360.898102
309.908356 232.363098
362.683655 246.195068
377.430664 304.463623
452.052795 443.956055
467.860291 219.533813
-1.000000 -1.000000
383.201874 246.940125
350.176514 422.030487
298.939362 345.604736
347.088715 253.217285
461.740082 269.366119
421.987152 274.394745
435.111694 313.661957
269.464966 291.445190
465.576202 302.570465
-1.000000 -1.000000
274.281128 339.289642
369.384186 414.623627
448.578522 371.108337
-1.000000 -1.000000
227.618240 354.524933
-1.000000 -1.000000
270.397644 70.374809
387.883301 322.077454
352.233368 336.641968
326.053833 343.050995
-1.000000 -1.000000
192.800674 80.790581
408.652374 153.798645
137.285583 268.762543
418.397278 398.756042
301.408020 259.589966
-1.000000 -1.000000
417.396729 299.412476
450.540588 383.942657
271.165344 91.227882
345.792145 381.294647
365.341217 399.911560
-1.000000 -1.000000
409.359711 368.746033
423.339081 452.616058
-1.000000 -1.000000
448.477753 340.424164
399.956055 405.817841
280.971863 388.787476
390.588013 343.979919
266.440063 368.088348
170.106842 125.873466
467.032196 422.605194
405.610382 427.672455
231.836929 338.301270
268.896729 436.672089
449.930725 363.664764
240.536102 435.646515
424.757507 216.659836
357.079407 435.616974
214.708450 87.427536
360.377380 200.348633
-1.000000 -1.000000
396.298340 302.183258
288.776825 258.814362
320.199097 429.435059
463.658020 447.476959
193.050720 327.463165
297.627167 66.971085
365.526642 388.881836
460.554108 392.089020
283.432770 132.974228
382.251770 174.625610
-1.000000 -1.000000
39.237041 427.805969
-1.000000 -1.000000
228.491669 372.856323
305.205963 324.022247
384.993958 429.799194
171.651871 237.319275
361.831757 188.762787
424.908691 294.176331
205.740860 68.489609
176.747604 138.051422
473.406555 368.182007
409.937347 357.607574
468.565704 413.873932
372.533508 442.670227
-1.000000 -1.000000
435.274475 324.302368
431.075317 392.234650
454.627625 372.763214
304.062592 145.061523
-1.000000 -1.000000
375.179810 138.060562
285.498352 274.769531
279.087006 447.441895
422.922424 441.365601
293.919861 128.179779
237.093384 403.534119
405.311035 216.453049
378.243622 235.339996
161.386429 152.509628
-1.000000 -1.000000
309.688110 274.637848
177.145050 383.957306
-1.000000 -1.000000
390.861877 356.783081
176.384445 432.797455
381.528442 330.446625
150.525299 255.852264
404.869598 439.591553
302.172241 302.990051
402.519287 327.674438
440.974762 292.042847
127.770309 243.275040
337.988953 360.607208
-1.000000 -1.000000
292.358154 282.835388
433.106781 168.647049
158.206772 135.093170
415.565674 315.247192
-1.000000 -1.000000
452.538147 326.771667
202.800079 84.980568
-1.000000 -1.000000
-1.000000 -1.000000
174.082611 80.305061
475.167023 213.467422
449.783051 413.680847
399.428894 163.686325
184.748993 112.868141
-1.000000 -1.000000
312.164734 290.642609
371.256561 345.592560
-1.000000 -1.000000
460.333649 284.787811
315.210876 417.903503
212.949142 403.542053
251.422668 434.749695
416.287659 228.305557
461.016052 191.357300
-1.000000 -1.000000
170.330841 163.137680
134.183105 277.489441
442.594574 385.074005
302.803650 127.575035
162.659775 350.782257
397.582764 416.782806
166.617813 108.340462
266.814453 379.652161
360.554626 327.222321
413.402374 176.344452
325.324219 230.183609
333.764832 188.873749
335.975006 210.619202
422.877960 333.202515
466.739746 192.356766
-1.000000 -1.000000
465.534119 353.423126
-1.000000 -1.000000
238.085114 363.602661
310.460449 258.986328
333.982483 254.895859
151.177353 162.321136
138.048019 231.517761
358.941071 355.733002
-1.000000 -1.000000
385.024506 153.116425
341.446136 227.542633
353.445526 447.376678
285.435486 437.977020
435.956635 273.920929
436.867157 415.693176
254.336334 89.562492
280.774200 90.071846
250.642273 250.122437
359.175385 172.727768
312.658051 267.333862
387.968079 315.235107
406.121063 249.759933
414.187714 405.993500
302.574219 115.356018
325.172638 282.582001
-1.000000 -1.000000
