210.638779 217.710922
162.631363 207.443970
257.691528 263.269196
188.386261 251.739517
281.475342 225.702667
334.782013 270.114105
124.794228 249.807861
301.783691 269.770905
361.282135 198.850952
386.640808 130.830063
352.176453 221.776764
370.035950 176.590302
343.386627 246.149872
163.804031 123.750542
378.555542 152.657120
401.696838 126.020363
184.728745 210.899399
436.719208 209.120026
157.651321 161.404144
154.426956 146.826019
173.319244 98.731422
146.619171 170.802155
122.528267 239.487198
410.224335 147.465881
450.284454 243.966721
443.743530 227.506317
130.907745 284.218353
425.043335 183.576523
377.977417 169.939346
213.298889 249.086319
254.911591 224.453644
387.651337 146.835846
165.940872 240.013794
418.006775 165.953339
148.661636 185.305023
192.683533 297.673859
264.972260 377.791992
369.981079 193.358978
361.454193 216.190704
216.252731 375.123688
141.778656 207.461227
238.793716 306.087463
327.765625 209.212982
343.449158 262.231628
336.526886 292.374451
424.647736 323.983795
132.573608 338.609833
425.672577 180.230316
420.317657 414.024200
233.647980 250.867203
300.631317 362.996033
283.557312 259.181671
-1.000000 -1.000000
153.050827 339.457733
186.338196 350.945099
416.011780 149.569321
-1.000000 -1.000000
311.262512 162.627808
275.403473 359.852417
351.687622 239.978561
183.682724 442.179382
229.126831 359.606201
173.019073 345.900482
128.866257 214.595505
132.752533 230.668472
242.539444 329.209198
408.970795 268.924347
183.395340 388.265625
390.391296 272.427643
167.029984 139.468536
319.574493 367.439423
171.925247 117.875427
427.702820 329.818939
371.075897 377.213196
-1.000000 -1.000000
238.876205 419.969055
-1.000000 -1.000000
388.783447 283.538269
137.059509 192.028900
194.656052 322.302338
418.067627 369.631287
-1.000000 -1.000000
372.146820 276.361450
-1.000000 -1.000000
352.209900 385.696045
148.837891 432.869659
125.040474 430.520233
-1.000000 -1.000000
384.664886 379.814117
189.580688 414.236267
384.397919 229.209274
443.348389 281.867828
398.602966 335.201447
404.457245 226.766525
383.675385 428.189606
399.623169 217.915421
187.338760 362.941376
-1.000000 -1.000000
368.123474 287.715240
429.256500 389.620117
233.722153 371.980927
365.219635 394.855042
-1.000000 -1.000000
397.525085 387.152832
431.673035 205.157028
422.123047 434.205994
406.894958 280.816162
434.408478 291.519287
429.297699 186.862167
403.420807 370.575775
404.590973 298.914978
-1.000000 -1.000000
106.851692 267.285370
353.776978 298.926880
168.964951 438.201813
420.089386 223.868622
433.695831 362.849884
135.765106 372.055359
366.368927 355.532745
371.392670 305.616882
-1.000000 -1.000000
-1.000000 -1.000000
230.315521 397.678040
-1.000000 -1.000000
383.327972 219.754425
-1.000000 -1.000000
396.288300 182.379929
387.529907 198.581696
402.197357 192.501465
445.236145 242.093918
438.496338 223.759079
351.909363 400.764252
-1.000000 -1.000000
162.764450 390.269440
375.373810 251.469009
262.004456 98.065773
302.587219 225.726501
295.029968 357.101715
303.860168 424.363983
383.528809 394.213959
282.190277 421.629669
289.275909 328.005524
-1.000000 -1.000000
393.946960 329.731934
309.031372 332.377930
305.257721 109.338501
137.119324 307.805634
350.765991 431.775391
-1.000000 -1.000000
-1.000000 -1.000000
415.203796 386.760529
393.631775 247.930695
-1.000000 -1.000000
408.340363 180.004837
410.326538 245.120453
235.745331 232.253967
416.920166 397.646729
319.615784 359.977997
280.580292 396.074005
189.555481 373.941467
-1.000000 -1.000000
448.459991 290.427124
162.831558 249.702896
262.230408 391.906982
-1.000000 -1.000000
368.610931 403.008636
-1.000000 -1.000000
196.446259 343.153656
242.790329 351.548798
401.305359 395.468842
387.598907 331.806061
357.158417 428.513794
253.659042 251.680969
158.434891 313.145294
387.738739 344.376160
211.103073 259.363831
-1.000000 -1.000000
184.546448 241.589951
424.968781 380.526947
361.120422 336.014313
133.557755 399.035767
198.073990 308.566559
384.530884 417.982941
141.494232 294.778748
333.185699 314.495270
219.790695 228.608841
-1.000000 -1.000000
355.640717 347.136719
411.130646 440.763214
318.170685 108.733093
412.467346 241.633377
216.044739 300.827667
-1.000000 -1.000000
382.291321 283.932068
-1.000000 -1.000000
-1.000000 -1.000000
238.265030 384.351379
145.319702 425.881042
126.106842 383.345917
-1.000000 -1.000000
171.751785 337.201630
320.944641 223.949524
262.377319 307.825165
311.451385 245.525543
400.060638 281.263611
371.979095 254.642944
420.854553 276.158813
-1.000000 -1.000000
-1.000000 -1.000000
383.374329 423.276001
-1.000000 -1.000000
138.569626 332.459656
271.840851 404.706360
237.215149 442.797211
-1.000000 -1.000000
355.484009 338.562744
190.541122 435.568420
392.342773 217.620697
212.276276 326.010315
-1.000000 -1.000000
165.174988 299.922577
418.818817 347.090637
169.945328 429.481842
417.012207 326.281433
-1.000000 -1.000000
-1.000000 -1.000000
-1.000000 -1.000000
388.186859 327.344788
409.560425 213.619659
202.350769 418.713531
212.209198 388.672607
265.659546 332.103546
156.712433 405.724731
298.593262 260.206635
-1.000000 -1.000000
400.903320 208.251114
424.654694 303.981354
131.946640 237.778091
386.325317 209.576828
-1.000000 -1.000000
394.077057 235.320465
377.927368 403.115997
246.077225 314.076172
374.808136 331.622650
352.633362 427.460358
352.834961 336.873413
-1.000000 -1.000000
418.375763 323.810028
409.152344 397.362488
328.131805 214.764221
373.481354 238.461838
379.371216 305.142639
-1.000000 -1.000000
449.224762 267.612335
-1.000000 -1.000000
391.726807 250.513046
345.045715 411.854614
311.146271 317.201630
365.768250 237.448975
-1.000000 -1.000000
411.230103 298.582977
414.477753 348.520142
280.043427 269.505859
437.501007 347.267090
-1.000000 -1.000000
281.612488 314.045319
354.962585 414.932312
413.905121 416.377563
-1.000000 -1.000000
217.038040 346.151825
-1.000000 -1.000000
285.110535 76.849030
384.583344 331.395996
357.050171 332.356934
339.201569 316.535980
-1.000000 -1.000000
182.893799 97.184410
421.250092 170.221039
124.157295 260.936676
388.150391 423.811066
319.284485 236.048813
-1.000000 -1.000000
406.549408 323.147552
413.478271 419.869080
265.977783 100.599442
348.824005 366.877747
358.933685 396.468994
-1.000000 -1.000000
390.788239 387.957336
-1.000000 -1.000000
-1.000000 -1.000000
420.624664 380.820129
379.213776 424.059174
276.537476 368.635223
382.303528 355.324646
264.388977 355.184998
157.435303 136.711288
-1.000000 -1.000000
380.153534 449.120636
225.006805 324.147186
247.167725 435.252563
413.575745 415.329437
213.113770 437.332062
424.328339 233.797531
348.580933 430.494934
194.350464 108.704239
382.524841 190.021408
-1.000000 -1.000000
387.460938 317.849213
310.129364 229.217728
319.197235 408.319458
-1.000000 -1.000000
178.586594 318.309479
321.739502 65.797035
362.902771 384.026947
416.652130 441.230164
301.740387 128.299652
399.501923 176.463058
-1.000000 -1.000000
-1.000000 -1.000000
-1.000000 -1.000000
215.413315 361.491852
328.421417 291.369293
367.437592 436.990662
164.497223 226.037445
385.525177 179.162933
410.864014 327.165527
192.703735 92.584595
163.735596 147.615204
429.995392 421.832123
395.921478 375.767029
-1.000000 -1.000000
-1.000000 -1.000000
-1.000000 -1.000000
-1.000000 -1.000000
-1.000000 -1.000000
415.048553 417.569336
318.593048 142.158371
-1.000000 -1.000000
-1.000000 -1.000000
303.389740 249.056580
-1.000000 -1.000000
-1.000000 -1.000000
313.961945 120.890816
216.875107 395.333008
408.467468 230.435791
389.386749 234.173477
148.300949 159.708252
-1.000000 -1.000000
337.546295 242.023712
137.984879 384.679749
-1.000000 -1.000000
381.203003 374.077209
125.389626 438.964630
377.413544 338.620911
135.082397 249.184509
-1.000000 -1.000000
327.893402 267.856354
388.388794 336.750580
418.823456 326.775757
114.194885 235.245987
344.377960 336.908295
-1.000000 -1.000000
309.554077 253.413757
437.939972 198.409164
147.272598 143.240982
403.517334 337.356384
-1.000000 -1.000000
427.256226 366.317017
188.481583 108.066032
-1.000000 -1.000000
-1.000000 -1.000000
165.096115 96.089195
459.222565 268.515686
-1.000000 -1.000000
416.142975 176.493423
172.670639 125.928528
-1.000000 -1.000000
336.508118 257.073120
370.641418 343.963135
-1.000000 -1.000000
434.621094 330.571167
315.672882 397.851166
184.158127 398.033783
227.201584 426.992462
412.708679 248.722153
-1.000000 -1.000000
-1.000000 -1.000000
156.595596 169.751175
114.027206 267.252838
408.374512 424.262695
319.795197 124.834396
130.636795 347.121552
375.342346 430.690613
156.701141 120.245224
263.145966 362.668671
363.321869 320.622040
-1.000000 -1.000000
354.134949 210.450485
364.433319 169.163498
363.815155 189.352692
406.457520 353.272552
459.757477 240.737946
-1.000000 -1.000000
425.502960 403.621429
-1.000000 -1.000000
229.419632 349.881775
326.759491 240.631729
358.311523 226.473083
139.289459 166.714325
123.228981 227.585648
357.522583 343.800934
-1.000000 -1.000000
-1.000000 -1.000000
367.196167 203.435471
-1.000000 -1.000000
269.489227 425.661591
416.937134 311.964355
403.005524 441.861115
256.465668 100.521622
279.290833 101.771606
261.935486 222.652008
386.150299 158.490814
337.311310 237.916794
383.158295 325.819611
-1.000000 -1.000000
384.513062 425.258301
321.783142 110.599937
349.431641 250.101868
-1.000000 -1.000000
