212.836411 225.063797
169.123520 210.648392
256.780701 272.386993
193.488647 254.519135
277.123810 239.859406
324.740662 291.374878
135.074615 249.602249
298.262482 284.649078
354.553741 215.025360
383.799713 139.735641
344.278198 239.780457
364.640900 190.774414
334.217499 265.947876
180.553879 113.579918
374.292145 164.579300
400.574188 133.928940
188.756638 215.303940
447.343231 205.213623
173.387909 153.001419
169.945663 138.779236
190.779495 87.902588
161.171783 164.168472
132.597565 238.724899
411.625366 151.665710
464.852783 234.880325
457.140991 220.953415
139.458084 283.382172
431.066254 182.998978
374.257996 182.631531
216.620255 254.988449
253.602402 234.595657
385.102631 157.521011
173.274872 241.346741
421.686554 167.656006
162.876663 179.236771
197.393784 302.794159
264.613098 388.510834
365.160553 208.062546
355.081268 232.747772
220.583130 380.394867
154.260864 203.208710
239.400192 315.567932
325.590729 219.490158
334.474152 282.848755
327.240631 312.270264
440.457306 315.742401
144.486938 336.725098
431.596588 179.122864
439.684998 403.016266
235.638519 258.191467
296.343231 378.495239
280.632721 272.127625
-1.000000 -1.000000
163.376495 339.844910
192.122955 354.460876
419.024811 153.146774
-1.000000 -1.000000
314.423950 165.393311
273.671173 372.451477
344.194611 258.592651
192.239044 443.471924
231.388885 367.279510
181.211945 347.927032
140.807190 211.641907
144.267319 228.174149
244.392929 338.289124
418.459320 266.580963
191.405609 390.773254
394.960175 275.630707
183.890991 129.392776
313.488861 384.587311
190.159180 106.577850
444.293640 324.130096
372.499268 384.933655
-1.000000 -1.000000
243.939163 426.430298
406.363525 434.125641
391.374298 288.146912
150.380829 187.532349
200.932129 326.564789
429.704987 364.477386
-1.000000 -1.000000
371.698944 285.124847
-1.000000 -1.000000
349.571411 397.983612
162.833633 430.413086
141.664703 425.544220
429.938080 453.692932
389.088013 382.549500
199.575882 415.865265
383.479767 237.599014
459.635742 269.264618
406.659576 336.437286
408.189117 229.952698
395.054688 436.481964
402.149445 221.757874
193.827225 366.722168
-1.000000 -1.000000
366.106567 297.695770
449.084534 379.036072
236.016251 379.566864
366.616577 402.293945
-1.000000 -1.000000
406.422180 386.007507
440.298065 202.346024
442.345886 423.521484
414.068817 280.241211
450.833313 283.191681
437.350037 186.206009
412.352356 369.133270
411.821838 299.434174
-1.000000 -1.000000
116.953598 266.725952
344.765167 318.582764
180.396667 437.566223
428.446442 222.945496
451.633728 352.867950
148.183212 369.811584
367.389130 364.468109
370.956940 314.586945
-1.000000 -1.000000
-1.000000 -1.000000
234.056290 404.288605
-1.000000 -1.000000
382.255463 227.845123
-1.000000 -1.000000
396.241119 190.052933
387.095581 204.186615
405.602570 195.271500
459.455933 233.548416
449.703369 218.020798
349.802795 411.858154
-1.000000 -1.000000
175.265182 389.946960
374.355560 260.700958
274.620239 92.663025
296.150635 242.513275
291.358948 370.856659
302.024384 438.387115
389.310455 396.444275
282.679535 432.997650
286.127197 342.465851
-1.000000 -1.000000
401.664368 330.225006
303.653870 349.284607
307.322021 114.127792
149.365616 307.007355
351.797241 441.678589
-1.000000 -1.000000
-1.000000 -1.000000
429.222137 380.174866
397.355194 251.487671
-1.000000 -1.000000
412.006531 183.253708
415.961029 244.594452
236.921890 241.263504
435.497375 388.444458
313.860931 376.371094
279.502106 407.943695
197.065338 378.340363
-1.000000 -1.000000
466.334290 277.708923
170.832703 251.294083
262.770172 401.688751
-1.000000 -1.000000
371.153412 410.043915
-1.000000 -1.000000
203.302414 347.614410
245.341049 359.796509
411.397583 393.852264
393.404541 334.569366
360.378632 435.690826
253.365631 261.260193
168.449722 314.444824
395.349335 351.554382
214.992142 265.350586
-1.000000 -1.000000
189.738846 243.443771
442.658936 370.986877
361.286285 345.818970
149.363464 395.677582
203.466675 313.546051
395.293701 413.161713
152.474106 294.694977
325.583557 333.896179
222.308792 235.787994
-1.000000 -1.000000
354.835571 366.825287
426.969238 432.724335
320.084503 113.759041
421.057281 239.679138
218.845398 308.117798
-1.000000 -1.000000
382.453583 290.830627
-1.000000 -1.000000
408.739624 254.223679
241.186371 392.728119
159.648773 421.499908
140.250366 380.590149
385.108124 263.716858
180.773788 338.142212
317.033783 236.003296
261.059143 320.215240
305.575226 260.977051
405.340118 283.125458
368.915314 265.749939
429.848785 273.123566
-1.000000 -1.000000
-1.000000 -1.000000
392.595032 424.040710
-1.000000 -1.000000
151.489746 330.108521
272.292450 417.626831
243.071198 448.417053
-1.000000 -1.000000
353.059143 350.954437
201.608917 438.237122
392.551208 224.146408
215.717834 331.246735
-1.000000 -1.000000
173.961182 302.035889
434.362823 338.141693
181.508331 427.814453
429.533569 319.824615
-1.000000 -1.000000
-1.000000 -1.000000
-1.000000 -1.000000
394.723724 328.297302
413.615356 215.599442
211.158875 421.449402
217.513168 393.361359
264.250305 342.125366
169.984268 404.375916
294.107819 274.432526
-1.000000 -1.000000
404.278931 212.616669
440.071960 297.390900
142.737244 236.517227
385.541412 219.287933
-1.000000 -1.000000
397.975464 240.205673
383.078156 406.553040
246.896667 324.002319
376.162476 337.524567
354.379547 434.774048
349.044800 349.381744
-1.000000 -1.000000
432.353546 315.850586
422.469452 391.858154
325.270172 226.174316
372.947968 248.113800
380.228027 312.403564
-1.000000 -1.000000
466.091980 255.439957
-1.000000 -1.000000
393.258057 254.641159
343.026489 424.414062
304.319580 334.830078
361.404480 250.373718
454.816254 303.839264
420.276398 297.255127
426.574219 342.092926
277.566254 282.127716
454.601135 338.324249
-1.000000 -1.000000
276.726044 329.421021
357.665375 423.450348
429.990326 406.644012
-1.000000 -1.000000
220.917557 351.884949
-1.000000 -1.000000
293.313568 73.641312
388.682831 334.477936
355.318909 341.806244
332.273834 335.359070
-1.000000 -1.000000
200.552261 86.001968
426.561676 171.036896
132.064987 260.929932
399.689148 422.482880
314.948090 249.763779
-1.000000 -1.000000
415.273987 320.214294
429.728088 412.897797
280.343384 95.454552
345.357635 380.461975
359.892181 404.935608
-1.000000 -1.000000
399.720764 387.894226
-1.000000 -1.000000
-1.000000 -1.000000
435.295990 373.367584
385.748444 425.190552
275.687988 381.864197
386.095978 357.716339
263.756805 365.848572
174.097183 127.190887
-1.000000 -1.000000
387.646240 448.935944
227.620758 331.943604
251.332092 438.103027
430.739044 402.598145
219.845703 440.481873
432.532898 233.890564
348.375061 440.109589
216.125839 96.363792
379.926117 201.083862
-1.000000 -1.000000
394.126862 319.105621
303.669891 245.426071
314.885681 424.275940
-1.000000 -1.000000
185.048203 322.450897
326.127594 67.459038
362.333893 393.228516
436.087036 430.553589
304.397369 131.602249
400.641968 182.711060
-1.000000 -1.000000
-1.000000 -1.000000
-1.000000 -1.000000
219.473495 368.218842
317.748657 311.792206
371.061890 442.819702
172.122391 229.095551
383.202789 188.845306
420.827423 321.518219
212.700348 78.829491
179.687088 139.025131
450.358582 410.316467
402.744446 376.291870
441.634064 453.305664
-1.000000 -1.000000
-1.000000 -1.000000
425.769104 353.708099
-1.000000 -1.000000
432.822754 408.313629
321.776947 144.968948
-1.000000 -1.000000
399.593231 143.101425
298.580658 264.090637
-1.000000 -1.000000
-1.000000 -1.000000
315.843994 126.014526
222.012131 400.290100
413.734131 232.288788
389.650391 241.619629
163.516357 152.072845
-1.000000 -1.000000
328.196228 261.748688
152.649429 382.496490
-1.000000 -1.000000
385.181122 377.300201
143.529709 435.537170
380.282654 342.729004
145.317184 248.165237
-1.000000 -1.000000
317.814362 287.834930
395.746429 339.933533
432.724854 320.134033
124.191330 234.409103
340.208374 354.576599
-1.000000 -1.000000
304.179230 269.057129
445.752380 194.069565
162.587006 134.874878
411.457886 337.230408
-1.000000 -1.000000
441.188965 359.150970
208.413605 92.756889
-1.000000 -1.000000
-1.000000 -1.000000
182.760468 84.633987
475.053253 254.015121
426.464355 449.133484
419.147736 178.132690
189.651367 115.620758
-1.000000 -1.000000
327.184174 277.700378
371.202362 352.429016
-1.000000 -1.000000
451.489502 321.263275
311.164703 412.472534
192.960754 401.317871
232.291534 433.013885
421.638489 247.284637
466.277100 226.613251
-1.000000 -1.000000
171.486923 162.664978
125.050156 267.700653
423.157562 418.322571
322.695312 128.317780
144.069000 346.448364
381.939026 434.351624
173.109055 110.028450
262.592499 373.324219
362.845642 330.718079
-1.000000 -1.000000
347.545502 226.728851
358.959808 182.918732
358.139557 204.315216
415.624969 354.249786
469.687134 227.796875
-1.000000 -1.000000
445.109070 392.214996
-1.000000 -1.000000
231.395309 358.289856
322.224213 254.327606
350.549896 245.696594
153.652267 160.357773
134.930817 224.692947
356.842560 360.591919
-1.000000 -1.000000
-1.000000 -1.000000
360.908783 219.982254
-1.000000 -1.000000
271.149017 435.793182
431.228485 304.796326
416.333466 442.387329
268.800140 94.133881
292.486542 96.322296
260.194000 234.719986
381.835327 171.426071
328.863861 256.388428
387.804810 329.758331
411.459930 268.618988
395.045349 425.480255
324.682343 115.133423
340.459564 270.451019
-1.000000 -1.000000
