-1.000000 -1.000000
-1.000000 -1.000000
-1.000000 -1.000000
280.408600 244.460419
-1.000000 -1.000000
394.062653 149.876175
274.114899 227.972061
299.836090 249.169205
-1.000000 -1.000000
-1.000000 -1.000000
-1.000000 -1.000000
-1.000000 -1.000000
319.868805 278.280579
-1.000000 -1.000000
335.259888 282.158142
-1.000000 -1.000000
-1.000000 -1.000000
393.476959 134.516220
347.159119 294.790497
279.890533 260.967957
263.091278 251.222061
-1.000000 -1.000000
322.892792 248.529053
183.897934 233.454575
314.764648 264.647461
-1.000000 -1.000000
303.073914 230.174957
136.253372 292.001556
384.397095 143.445374
274.669464 211.436035
-1.000000 -1.000000
367.719666 378.038574
-1.000000 -1.000000
148.014389 227.313416
394.187042 167.459808
396.722473 372.049133
319.122314 293.214691
386.245667 364.373199
358.911163 371.906464
409.295929 438.768677
136.679230 277.053497
183.562988 212.048676
413.709137 357.168945
257.629517 234.137558
418.688324 362.830383
227.349869 241.491577
383.399414 129.684967
378.830597 381.766266
211.703934 365.241699
330.366272 298.003235
121.133636 294.224915
-1.000000 -1.000000
147.000580 209.769211
-1.000000 -1.000000
295.407104 280.121490
407.175354 376.528778
248.271988 368.652069
189.261734 250.401337
206.087784 236.121063
145.827560 264.273346
214.803696 349.958771
-1.000000 -1.000000
121.662476 279.066650
221.387390 323.523529
127.417206 264.914734
324.516663 233.472672
-1.000000 -1.000000
410.824219 368.403687
206.481201 216.233078
-1.000000 -1.000000
-1.000000 -1.000000
339.398224 307.910156
-1.000000 -1.000000
347.546753 368.363159
203.576828 317.282562
225.444580 218.855072
-1.000000 -1.000000
336.200226 264.943909
233.700287 397.990051
368.852264 365.854858
385.031006 437.720398
147.047501 245.397202
249.890198 352.060455
182.122589 366.612427
375.216370 360.195648
-1.000000 -1.000000
385.678894 156.610840
391.672974 384.164337
266.887817 371.371552
361.671570 390.687866
397.808411 359.891571
416.125275 379.216827
354.682617 276.119385
-1.000000 -1.000000
244.050781 260.688110
263.220886 265.798920
194.138977 350.217590
139.592361 307.315979
167.833450 253.224152
287.625854 339.350464
252.817001 326.360107
395.758087 118.244492
406.221771 347.258148
362.144867 405.201904
357.270111 354.481262
387.802948 349.672302
350.328094 385.068634
116.463425 259.149139
268.765411 355.235840
388.804626 404.086273
323.506897 212.148636
183.736938 322.514771
350.066437 316.221893
284.332123 369.242859
277.751343 388.094086
149.979904 194.363449
409.232941 432.482208
412.759735 395.370514
173.456894 352.917633
301.416565 212.695023
207.810944 254.239655
209.368744 437.336151
254.845749 396.677734
375.473907 395.387207
413.858917 340.919739
420.782379 349.777039
207.794861 381.581299
362.224274 324.105011
-1.000000 -1.000000
130.984283 231.525772
353.069000 401.723602
401.722717 156.370117
330.161194 322.945221
305.435120 306.552124
401.823334 427.087646
339.798676 218.245575
176.392914 194.433136
389.772736 425.581177
-1.000000 -1.000000
285.499542 292.820068
106.083893 274.044037
389.898285 170.200668
404.246399 390.104218
372.501923 147.879120
341.664703 202.901398
-1.000000 -1.000000
257.063171 215.137207
189.374374 437.981018
376.200714 341.344757
408.185730 415.571381
172.545868 381.835052
387.279083 333.147369
373.502319 199.529022
376.937469 184.752060
146.098511 375.067566
378.406677 430.893524
206.490143 398.699738
105.925507 298.338348
370.879486 210.006378
384.028839 115.660431
172.093781 397.756714
275.585724 276.935974
402.818115 137.995209
388.730927 316.077789
202.247360 201.942200
439.138184 241.607941
376.161072 173.973251
358.821899 195.759476
362.543488 233.462509
412.358643 314.642761
375.337585 300.510620
-1.000000 -1.000000
-1.000000 -1.000000
371.648407 134.081497
362.904999 180.715149
340.295807 397.547394
242.150101 307.340576
377.557404 286.543579
339.383118 241.699768
184.923523 269.042542
360.037354 249.990524
320.399109 311.350586
261.320496 408.804810
234.323166 425.580505
364.760284 344.878815
429.149292 232.337769
417.978638 287.129517
373.555725 156.483505
356.821045 262.104736
344.301666 192.135269
229.241501 201.671524
240.540451 275.549011
339.697266 249.555603
390.644897 184.725281
124.525772 310.865234
-1.000000 -1.000000
398.483093 175.716415
364.737793 413.270569
210.439774 297.186401
349.053192 426.307709
406.864136 404.747223
405.698090 173.309372
337.782410 380.576996
279.518463 197.492249
400.399872 199.755951
361.906952 170.970779
166.140701 292.333313
369.520966 311.565247
400.239227 298.673798
376.793152 316.479187
357.540863 302.692871
-1.000000 -1.000000
445.786530 227.552780
293.747803 388.777283
-1.000000 -1.000000
365.895142 277.121338
406.083618 308.850433
418.920868 331.774078
388.133911 196.592041
396.062653 323.169189
429.944916 284.543213
396.993317 397.685791
135.550613 358.203735
-1.000000 -1.000000
129.160400 216.591522
420.887451 276.493896
131.785477 388.046082
405.517792 216.841248
400.519043 278.987457
382.774719 279.394104
309.840057 366.590759
358.666473 153.661255
174.538483 110.164818
421.604095 314.436768
102.444931 256.994568
425.218842 259.985016
408.772583 119.504547
393.847137 287.614014
408.467346 287.860016
386.023102 210.321381
418.010132 190.899017
366.088440 290.724762
189.627228 300.453857
410.486115 298.342834
-1.000000 -1.000000
160.204788 109.192421
134.775299 407.312408
412.864594 151.176392
355.393921 147.096024
375.801758 233.500046
393.404053 271.609467
394.984314 183.528656
307.344849 199.521088
435.703339 213.920410
214.222321 269.013062
385.563751 308.658966
109.335449 241.236526
159.260239 144.369583
144.314072 144.355637
132.537491 204.520462
147.722305 344.960144
345.989380 176.421906
121.264458 374.482208
145.131699 117.153893
278.530029 407.965454
233.165009 293.220215
411.494476 231.186768
401.925232 229.225525
173.410690 279.351593
380.426361 260.289307
170.835922 122.341606
426.062256 169.161545
-1.000000 -1.000000
145.247574 167.998093
177.462296 97.976723
371.577545 249.475311
372.648560 121.289879
394.520691 205.246246
160.285095 168.250916
416.938049 269.037933
412.471893 277.452667
417.053864 218.693726
204.142914 282.318176
391.884216 278.978546
129.957520 166.995789
391.154877 295.572693
156.034210 127.963120
115.008194 392.468506
163.223984 97.143013
382.004028 238.383530
327.106079 339.748016
399.538055 248.949799
146.335876 176.747665
141.220810 128.216171
174.617157 144.612976
119.268372 359.041138
146.628326 103.009308
423.980347 141.528061
107.252396 228.688126
322.799103 372.010681
340.836700 413.931671
129.721100 179.097183
410.208313 245.764877
162.397842 176.119370
390.961853 218.624100
-1.000000 -1.000000
340.127777 150.875824
326.160767 400.384705
94.858246 270.745728
318.370880 386.192108
428.889404 204.368729
432.276215 149.574524
128.401733 151.636505
149.854340 183.865417
126.401581 340.747192
292.232941 107.846619
149.908966 90.603645
298.885040 407.392395
400.102264 211.532822
310.060883 133.359528
392.765747 239.244980
-1.000000 -1.000000
119.371513 411.930786
-1.000000 -1.000000
310.028656 109.779327
295.373993 136.913300
130.619583 194.571411
-1.000000 -1.000000
319.178558 194.539856
293.656219 120.551575
436.853485 182.616196
188.439117 112.671288
398.265472 222.202835
-1.000000 -1.000000
273.232086 132.271088
185.174011 123.319061
342.899628 142.361420
442.850861 203.233139
94.386101 289.137512
170.612793 182.261963
322.068329 170.699951
280.917694 144.861603
190.832214 98.942810
108.521706 324.747589
451.672363 214.263153
109.328499 213.388245
308.748230 95.019753
175.856216 83.779190
322.063141 153.648727
105.861526 381.888855
308.097809 152.008759
112.630302 198.081207
195.400665 189.146744
323.111237 118.099274
177.329605 157.901520
305.143768 169.154495
313.041107 189.235306
293.590729 152.474106
290.756134 168.912079
-1.000000 -1.000000
399.718689 102.411896
93.315483 242.567902
385.811340 102.385529
97.924271 432.447357
343.366516 125.195419
113.276817 185.738190
-1.000000 -1.000000
324.936432 102.486176
311.820618 182.769424
306.467041 192.888870
438.144348 153.604141
295.180878 183.352875
260.278778 121.776482
103.161156 426.667267
430.423370 127.691254
110.863953 346.297699
86.862656 288.468475
189.210266 83.867287
122.652863 140.453766
277.627045 103.295990
114.312393 170.397644
452.096710 190.828979
104.004944 366.594177
257.365265 198.916061
440.988617 148.809860
88.209854 258.928528
104.297516 438.893707
228.179413 188.762848
177.682892 170.674042
237.455795 130.892181
255.137253 106.370293
271.034882 93.281898
85.602783 275.378662
237.325531 103.518669
255.766373 86.219673
92.006607 230.239731
278.893616 180.712570
129.583450 117.490814
227.188629 97.471329
201.153839 121.575134
-1.000000 -1.000000
442.450043 148.062531
296.475830 189.279831
161.001190 78.494354
296.446899 85.172485
324.493958 87.135704
272.694000 78.322876
-1.000000 -1.000000
268.278625 154.488464
183.181381 174.544815
134.740479 97.738869
369.682281 109.942314
201.281052 140.541550
284.042877 80.117950
135.676819 93.164619
227.501526 183.363235
271.624512 164.313965
-1.000000 -1.000000
190.354950 133.555756
199.226746 178.603867
-1.000000 -1.000000
260.162354 186.839355
-1.000000 -1.000000
-1.000000 -1.000000
177.120255 73.165871
281.131531 160.066422
111.051369 162.265732
-1.000000 -1.000000
95.536682 209.426590
-1.000000 -1.000000
