209.133331 215.773026
159.861618 206.938278
257.034576 261.217590
186.176056 251.122772
281.517548 222.490250
336.214417 265.078461
121.324913 249.752197
301.580353 266.314941
361.343475 195.875732
385.462585 129.776215
352.704407 217.996796
369.651398 174.292511
344.385193 241.639267
157.766571 127.231361
377.696716 151.167007
400.272278 125.492409
182.858002 209.978546
431.517914 211.885223
151.981674 164.535904
148.821014 149.698547
166.907501 102.476166
141.459030 172.937622
119.161560 239.528732
408.022705 147.956909
444.063873 248.410385
437.839539 231.067230
125.284927 283.862000
421.185394 185.699295
376.995880 167.900253
211.545868 247.734222
254.239349 222.211380
386.207092 145.548233
163.177185 239.786087
415.078888 167.474747
143.582687 187.418762
190.937225 296.099365
264.394165 374.769287
369.411163 190.505981
361.474976 213.006882
214.348572 373.512939
137.532654 208.817795
238.462570 303.146545
327.143707 206.968552
344.456818 257.389587
337.491302 287.273285
418.354797 327.542999
128.961975 338.770264
421.876099 182.480698
413.442383 417.742004
232.022949 249.181183
301.002472 358.875458
283.231720 256.156158
-1.000000 -1.000000
149.764465 339.057800
184.517426 349.838226
413.129730 149.986710
-1.000000 -1.000000
308.752136 163.032288
275.265717 356.438354
352.177521 235.738983
181.295853 441.240234
228.010757 357.206085
170.158844 344.949188
124.729332 215.590698
128.756668 231.453247
241.134689 326.769775
404.678131 270.852325
180.964325 387.210266
387.407715 272.806366
161.103622 143.071182
320.305084 362.783569
165.358536 121.760834
421.173767 333.391998
369.381378 375.612579
-1.000000 -1.000000
236.963120 417.799927
-1.000000 -1.000000
386.525848 283.367310
132.314926 193.583542
192.289047 320.964325
412.356598 372.368652
-1.000000 -1.000000
370.937012 274.845123
-1.000000 -1.000000
352.058777 382.632019
144.967407 432.779022
120.592163 431.059418
-1.000000 -1.000000
382.055786 379.648499
186.426514 413.264008
383.161804 228.177780
436.720673 286.927368
394.735046 336.155792
401.733215 227.320602
379.714478 428.544739
397.277771 218.147049
185.367828 361.704346
-1.000000 -1.000000
367.422119 285.751007
421.974609 393.439636
232.614929 369.624847
363.709351 393.015503
-1.000000 -1.000000
393.420715 388.095764
427.128387 207.725266
414.999298 438.920624
403.177734 282.098389
427.146027 295.318085
424.795166 188.728897
399.236969 371.618591
400.869049 299.853363
-1.000000 -1.000000
103.528160 267.217072
354.797516 294.218292
165.386154 437.639740
415.261475 225.750946
426.901978 366.466370
132.091461 372.178589
364.919952 353.637238
369.965637 303.777466
-1.000000 -1.000000
-1.000000 -1.000000
228.998978 395.720154
-1.000000 -1.000000
382.075287 218.728302
-1.000000 -1.000000
394.270416 181.779266
385.693298 197.783051
399.113983 194.001556
439.153320 246.537231
433.302643 227.590607
351.700623 398.234436
-1.000000 -1.000000
158.928528 389.890778
374.091034 249.967590
256.294159 100.831039
302.709167 222.178467
295.027039 353.269318
303.849121 420.516266
380.720184 394.244965
281.473511 418.398315
289.103973 324.274719
-1.000000 -1.000000
390.225037 330.464081
309.688904 328.128510
302.827515 109.269516
133.177856 307.994263
349.699341 428.982422
-1.000000 -1.000000
-1.000000 -1.000000
409.784363 389.570251
390.909515 248.345474
-1.000000 -1.000000
405.188629 180.563919
406.665710 246.981033
234.366684 229.895599
409.972626 400.892578
320.241241 355.592957
280.313232 393.021576
186.901581 372.337433
-1.000000 -1.000000
441.441437 295.460693
159.825302 249.367783
261.509094 388.928650
-1.000000 -1.000000
366.713898 401.494080
-1.000000 -1.000000
194.014908 341.636169
241.428757 349.070282
396.851624 396.738007
384.460236 332.168671
355.397827 426.543945
252.529648 249.511459
155.186691 312.710480
384.147156 343.880066
209.091080 257.878357
-1.000000 -1.000000
182.324234 241.417175
418.264038 383.894836
359.985809 333.774872
129.069733 399.493866
195.929321 307.084656
380.500763 419.154053
137.948044 294.759674
334.688690 309.536530
218.138443 227.148331
-1.000000 -1.000000
354.500031 346.975433
405.437378 443.742065
315.893524 108.526070
408.180664 244.042221
214.230301 298.622711
-1.000000 -1.000000
380.372192 283.121948
-1.000000 -1.000000
-1.000000 -1.000000
236.943542 381.698975
140.628220 426.024628
122.120865 383.675629
-1.000000 -1.000000
168.514984 336.470001
320.897430 220.669220
261.581146 304.496368
311.883270 242.168518
396.824249 281.887970
371.368225 253.287872
416.225098 278.215302
-1.000000 -1.000000
-1.000000 -1.000000
379.787445 424.023682
-1.000000 -1.000000
134.397827 332.427856
271.200439 401.251556
235.149399 440.734436
-1.000000 -1.000000
354.850067 335.851074
187.262238 434.357208
390.439392 217.060883
210.853165 324.394775
-1.000000 -1.000000
162.059631 299.266724
412.828033 350.323669
166.076874 429.278412
411.388031 329.293274
-1.000000 -1.000000
-1.000000 -1.000000
-1.000000 -1.000000
384.898621 328.146942
406.248810 214.554260
199.611282 417.476074
210.312103 387.159241
265.279510 328.512817
152.761642 405.611389
298.286255 256.844147
-1.000000 -1.000000
-1.000000 -1.000000
418.476776 307.164124
128.324097 238.262085
384.668152 206.916870
-1.000000 -1.000000
391.198303 235.450363
375.397522 402.811371
245.128769 311.334290
372.941193 330.756256
351.431427 425.497589
352.420929 334.128540
-1.000000 -1.000000
412.644409 327.246185
404.054535 399.738739
327.578461 212.522766
372.692352 236.848785
377.648956 303.779694
-1.000000 -1.000000
442.391052 272.721405
-1.000000 -1.000000
389.374603 250.899063
344.874420 409.056946
312.182312 312.795532
365.560089 235.284882
-1.000000 -1.000000
407.114502 300.067780
409.448029 351.051605
279.347778 266.395508
430.556732 350.417206
-1.000000 -1.000000
282.742401 309.676483
353.169220 413.187469
407.623199 420.163177
-1.000000 -1.000000
215.314255 344.315887
-1.000000 -1.000000
280.232147 79.136848
381.883911 331.441986
356.219727 330.020630
340.498749 311.642548
-1.000000 -1.000000
176.592072 101.099617
417.527802 171.549683
121.368828 260.569916
383.730652 424.776062
319.254242 233.265915
-1.000000 -1.000000
402.060333 325.239471
407.309113 422.740509
260.318665 103.652222
348.829193 363.860809
357.502716 394.258667
-1.000000 -1.000000
386.901550 388.479034
-1.000000 -1.000000
-1.000000 -1.000000
414.783936 383.919281
376.284790 424.581268
276.089050 364.466583
379.999664 355.082397
263.823364 352.192169
151.498428 139.879517
-1.000000 -1.000000
376.930817 449.069214
223.521469 321.537537
245.568802 434.101624
407.349854 419.391968
210.818863 436.054840
419.708618 235.326416
347.845184 427.891968
187.057343 113.214363
381.552704 188.690018
-1.000000 -1.000000
383.701569 322.376007
310.889954 224.942123
319.450409 403.874664
-1.000000 -1.000000
176.388641 317.025208
317.936707 66.349991
361.851837 381.902832
409.764557 444.726654
299.202484 128.694366
397.428314 176.275452
-1.000000 -1.000000
-1.000000 -1.000000
-1.000000 -1.000000
213.827103 359.452118
330.041901 286.053009
365.452728 435.760956
161.542099 224.416992
384.421356 178.025696
406.230530 329.270691
185.914703 97.313751
158.154266 150.531357
422.811768 426.144257
392.165680 376.594604
-1.000000 -1.000000
-1.000000 -1.000000
-1.000000 -1.000000
-1.000000 -1.000000
-1.000000 -1.000000
408.741730 421.247314
315.995453 143.050201
-1.000000 -1.000000
-1.000000 -1.000000
303.319733 245.562866
-1.000000 -1.000000
-1.000000 -1.000000
311.878021 120.727097
214.909409 393.572632
404.801788 231.419434
387.411407 233.475449
142.754684 162.252060
-1.000000 -1.000000
338.578156 237.506882
133.619308 384.756317
-1.000000 -1.000000
378.800812 373.693939
122.718742 439.637817
375.281342 337.857788
132.087433 249.126694
-1.000000 -1.000000
329.235291 263.940613
384.912201 336.986938
413.096558 330.044739
110.677803 235.401489
345.162994 335.130829
-1.000000 -1.000000
309.854767 250.518799
433.536682 201.370255
141.574249 146.325333
399.490540 341.534271
-1.000000 -1.000000
420.979279 369.649658
181.494186 113.429482
-1.000000 -1.000000
-1.000000 -1.000000
158.427628 100.019112
452.184845 273.785767
-1.000000 -1.000000
413.128601 177.552826
166.690247 129.527023
-1.000000 -1.000000
337.626495 252.255280
369.221191 342.194916
-1.000000 -1.000000
428.048248 334.330170
316.060394 394.098358
181.383194 396.774292
225.645248 424.861694
408.297424 250.230270
-1.000000 -1.000000
-1.000000 -1.000000
151.452988 172.029755
110.300140 267.013336
402.901337 425.481354
317.338562 125.495575
128.903214 347.513855
372.538269 430.996460
150.620102 123.725044
262.572784 359.762573
362.072632 317.968719
-1.000000 -1.000000
354.272430 207.035507
364.200958 166.941681
363.648376 186.351700
401.992950 353.437805
454.277985 246.918823
-1.000000 -1.000000
418.496613 407.352844
-1.000000 -1.000000
228.475815 347.337036
326.755341 237.707901
358.967773 221.695053
134.084229 168.841370
119.204903 228.245560
356.434509 342.269012
-1.000000 -1.000000
-1.000000 -1.000000
367.296509 199.529556
-1.000000 -1.000000
-1.000000 -1.000000
411.398499 315.744812
-1.000000 -1.000000
250.587173 102.338448
273.268280 104.755653
261.451141 219.947510
385.792084 155.715607
338.384613 233.320084
381.017731 325.384827
-1.000000 -1.000000
380.629822 425.897095
319.350586 110.476334
350.445221 244.893692
-1.000000 -1.000000
