212.901901 225.881577
169.713394 211.035675
256.501556 273.431549
193.943436 254.781235
276.400787 241.759628
323.414459 293.830658
136.154602 249.422211
297.488831 286.335388
353.418335 217.109619
382.970764 141.105515
343.060425 241.993561
363.577148 192.778152
332.910095 268.313904
182.058289 112.622986
373.344971 166.291458
400.949921 134.806244
189.071823 215.817932
447.925568 205.168610
174.761261 152.165848
171.272171 137.974289
192.436905 86.847115
162.457764 163.497284
133.685547 238.508926
411.271362 152.495148
466.067719 234.346893
457.956818 220.656586
140.450653 283.182281
431.237701 183.308990
373.375519 184.409012
216.823746 255.617096
253.286255 235.840317
384.253723 159.153107
173.943497 241.421417
421.623169 168.279572
164.217026 178.520828
197.782150 303.263733
264.528503 389.510345
364.147156 209.991013
354.014465 234.776794
220.994385 380.838654
155.431396 202.758026
239.344360 316.544067
325.059784 220.750458
333.222473 285.274567
325.897644 314.465149
441.752045 315.108978
145.776550 336.287750
431.758057 179.420883
441.418304 402.003540
235.690567 258.983307
295.754059 380.158752
280.062378 273.657898
-1.000000 -1.000000
164.557526 339.681274
192.796921 354.650208
418.805298 153.873413
-1.000000 -1.000000
314.415314 165.946991
273.367859 373.765076
343.039856 260.873962
193.377716 443.306549
231.625183 367.956238
182.150940 347.933624
141.978912 211.194717
145.400589 227.783981
244.477936 339.150848
418.959320 266.753448
192.329666 390.817169
395.003143 276.303680
185.467285 128.373291
312.711639 386.315186
191.837616 105.488312
445.636871 322.792938
372.421936 385.883057
-1.000000 -1.000000
244.470306 426.904816
407.445221 433.791077
391.214386 288.892761
151.633530 186.960800
201.562057 326.898590
430.678894 364.112396
-1.000000 -1.000000
371.327545 286.263306
-1.000000 -1.000000
349.061279 399.390533
164.530609 429.762329
143.575989 424.633209
431.376312 453.064209
389.337921 382.960205
200.735382 415.764038
382.986298 238.759552
460.741760 268.320618
407.196991 336.688202
408.189728 230.573257
396.097626 437.201324
401.984222 222.503220
194.507553 366.926056
-1.000000 -1.000000
365.557831 299.070526
450.856293 378.025055
236.299927 380.258362
366.567017 403.165466
-1.000000 -1.000000
407.124695 386.014587
440.706024 202.477737
444.245239 422.303619
414.358704 280.489807
452.072388 282.597137
437.664215 186.445282
413.036652 369.173096
412.312195 299.666107
-1.000000 -1.000000
118.096878 266.486816
343.600769 320.865601
181.732162 437.113373
428.902313 223.124466
453.189575 352.025482
149.655045 369.303192
367.268616 365.449097
370.555023 315.641327
-1.000000 -1.000000
-1.000000 -1.000000
234.519791 404.853973
-1.000000 -1.000000
381.682190 229.106567
-1.000000 -1.000000
395.709412 191.210388
386.580872 205.236923
405.458923 196.017929
460.417450 233.057373
450.396973 217.879486
349.464111 413.068634
-1.000000 -1.000000
176.767456 389.694427
373.870911 261.967682
275.586212 92.356499
295.224579 244.563004
290.875366 372.233063
301.796692 439.852386
389.634125 396.810944
282.681274 434.121033
285.625061 343.961395
-1.000000 -1.000000
402.170044 330.445343
302.937378 351.118347
307.089630 114.995201
150.671219 306.730225
351.849060 442.659821
-1.000000 -1.000000
-1.000000 -1.000000
430.361755 379.693542
397.335236 252.217224
-1.000000 -1.000000
411.936523 183.959900
416.253143 244.897507
236.834717 242.257858
437.065796 387.621704
313.081177 378.111664
279.344208 409.046021
197.844879 378.577789
-1.000000 -1.000000
467.645447 276.651733
171.646194 251.411469
262.757050 402.602325
-1.000000 -1.000000
371.312988 410.777100
-1.000000 -1.000000
203.992950 347.833130
245.565994 360.509735
412.190887 393.744049
393.715881 334.924316
360.593750 436.431671
253.091705 262.366302
169.557861 314.461151
395.808441 351.917328
215.217270 265.951202
-1.000000 -1.000000
190.215012 243.599884
444.255920 370.085541
361.101257 346.986328
151.153000 395.039124
203.988907 313.953339
396.220795 412.837952
153.656998 294.556305
324.547272 336.060150
222.419632 236.614029
-1.000000 -1.000000
354.576660 367.933472
428.323334 432.016388
319.849396 114.619118
421.493683 239.910355
218.998566 308.849487
-1.000000 -1.000000
382.149658 291.929474
-1.000000 -1.000000
408.840973 254.658859
241.464615 393.456635
161.433838 420.660889
141.956024 379.977539
384.689056 264.656128
181.600800 337.991455
316.262482 237.700806
260.833527 321.632629
304.652985 262.740540
405.517029 283.599884
368.274902 267.111084
430.396393 273.092987
-1.000000 -1.000000
-1.000000 -1.000000
393.342651 424.040131
-1.000000 -1.000000
152.951599 329.617157
272.311981 418.908691
243.765228 448.845825
-1.000000 -1.000000
352.617584 352.329163
202.908615 438.190369
392.124420 225.176071
216.060272 331.669312
-1.000000 -1.000000
174.818268 302.152161
435.558075 337.411621
182.709167 427.237335
430.354248 319.425140
-1.000000 -1.000000
-1.000000 -1.000000
-1.000000 -1.000000
395.102661 328.567566
413.616638 216.215073
212.112946 421.453339
218.069702 393.683868
263.957489 343.248260
171.529449 404.046906
293.301941 276.046875
-1.000000 -1.000000
404.155731 213.337921
441.241547 296.990692
143.847565 236.265625
384.944519 220.505127
-1.000000 -1.000000
397.834717 240.986130
383.442413 406.909760
246.905243 325.021942
375.917267 338.556427
354.416046 435.631622
348.372498 350.874146
-1.000000 -1.000000
433.430145 315.306335
423.512573 391.375641
324.584503 227.629196
372.408722 249.416519
379.979095 313.269897
-1.000000 -1.000000
467.342621 254.553009
-1.000000 -1.000000
393.049622 255.484497
342.650238 425.721039
303.453247 336.675629
360.534424 252.117203
456.097626 303.025208
420.874878 297.283081
427.398804 341.820587
277.106964 283.598816
455.904022 337.498718
-1.000000 -1.000000
276.287018 330.789398
357.866730 424.462708
431.390167 405.808258
-1.000000 -1.000000
221.277191 352.400696
-1.000000 -1.000000
294.105133 73.784050
388.819489 334.958954
354.899750 342.966248
331.209106 337.559509
-1.000000 -1.000000
202.202362 84.963562
426.586792 171.466354
133.094620 260.811310
400.690857 422.361389
314.175842 251.454208
-1.000000 -1.000000
415.739105 320.313507
431.139832 412.174622
281.702698 95.415016
344.781708 381.981171
359.800110 405.913727
-1.000000 -1.000000
400.390961 387.999786
-1.000000 -1.000000
-1.000000 -1.000000
436.595337 372.729370
386.204712 425.458160
275.466522 383.059753
386.274078 358.323608
263.620209 366.689178
175.595673 126.263313
-1.000000 -1.000000
388.325653 448.852142
227.817856 332.816223
251.767807 438.319092
432.209503 401.552917
220.679276 440.582306
432.964417 234.165375
348.224945 441.151398
218.258942 95.326157
379.175964 202.669754
-1.000000 -1.000000
394.438263 319.501190
302.724670 247.423691
314.316742 425.971466
-1.000000 -1.000000
185.700623 322.716187
325.990601 68.179611
362.115112 394.273651
437.809540 429.475952
304.264282 132.361053
400.387787 183.543701
-1.000000 -1.000000
-1.000000 -1.000000
-1.000000 -1.000000
219.887054 368.838013
316.391937 314.142090
371.384552 443.652557
172.807938 229.399292
382.446075 190.245300
421.471130 321.149506
214.488571 77.590775
181.206131 138.106644
452.288361 409.238770
403.161255 376.538696
443.320709 452.379974
-1.000000 -1.000000
-1.000000 -1.000000
426.675781 353.031525
-1.000000 -1.000000
434.318207 407.497864
321.750275 145.677750
-1.000000 -1.000000
399.306793 144.364120
297.756104 265.774231
-1.000000 -1.000000
-1.000000 -1.000000
315.610016 126.869576
222.539413 400.658386
413.999786 232.674988
389.226898 242.656021
164.778305 151.306290
-1.000000 -1.000000
326.780487 264.157257
154.330719 382.034180
-1.000000 -1.000000
385.374573 377.592346
145.813919 434.792358
380.334381 343.428131
146.440552 247.828125
-1.000000 -1.000000
316.570587 290.219177
396.201355 340.197815
433.798004 319.682587
125.231461 234.175308
339.572205 356.557465
-1.000000 -1.000000
303.329590 270.906647
446.140747 194.037720
163.878815 134.023651
411.996857 337.316620
-1.000000 -1.000000
442.583160 358.465454
210.184952 91.493851
-1.000000 -1.000000
-1.000000 -1.000000
184.333542 83.589851
476.264374 252.934296
427.810913 448.572632
419.053772 178.858231
191.106903 114.673508
-1.000000 -1.000000
325.789062 280.099182
371.032013 353.431580
-1.000000 -1.000000
452.854950 320.378510
310.561920 414.040375
193.941696 401.394440
232.937607 433.476471
422.128784 247.415787
467.019196 226.017731
-1.000000 -1.000000
172.953827 161.913239
126.253052 267.604645
424.362640 417.839417
322.598633 129.014893
145.419281 346.058746
382.449951 434.573486
174.493362 109.282799
262.457825 374.315186
362.534882 332.067993
-1.000000 -1.000000
346.411621 228.630936
357.949677 184.758209
357.111450 206.214127
416.282501 354.349243
470.899475 227.107681
-1.000000 -1.000000
446.847992 391.266937
-1.000000 -1.000000
231.609451 359.072662
321.416870 256.134644
349.420349 247.875641
154.907104 159.567062
136.037567 224.316162
356.631439 360.908173
-1.000000 -1.000000
-1.000000 -1.000000
359.745209 222.097717
-1.000000 -1.000000
271.359650 436.712921
432.215210 304.297516
417.384094 442.179840
269.801056 94.057045
293.499237 96.449203
259.803009 236.249863
381.021942 173.275848
327.825073 258.482819
387.986450 330.241943
411.714966 269.227905
395.961365 425.505493
324.578674 115.935532
339.131012 272.797852
-1.000000 -1.000000
