-1.000000 -1.000000
-1.000000 -1.000000
-1.000000 -1.000000
271.242157 271.568848
-1.000000 -1.000000
380.777252 151.526611
265.173187 255.663605
287.426849 274.739716
-1.000000 -1.000000
-1.000000 -1.000000
-1.000000 -1.000000
-1.000000 -1.000000
300.852203 308.824646
-1.000000 -1.000000
315.416534 315.068390
-1.000000 -1.000000
-1.000000 -1.000000
379.779724 136.857178
328.830139 325.220367
270.915802 287.437805
254.801697 270.542633
-1.000000 -1.000000
305.478790 277.338013
188.328583 241.910950
297.276154 293.409668
425.442719 438.581421
289.150909 259.589874
162.663391 302.672668
367.497345 148.956360
265.582794 239.960739
408.573303 438.474701
371.850739 382.988556
-1.000000 -1.000000
160.158127 237.719391
382.102234 166.761688
415.796631 354.679321
299.477020 324.864532
397.340210 354.636688
359.186920 382.375275
451.375122 411.283630
161.689636 287.973236
188.452423 225.302536
442.248047 325.841888
248.861816 254.695099
455.253815 327.575867
228.252090 258.663361
366.450195 134.719009
388.133759 378.853455
222.490448 373.798920
313.201050 331.006042
147.890060 302.883423
440.825653 436.440125
158.817719 221.767761
436.319885 413.658478
283.581055 308.462830
432.160583 351.087952
254.140289 383.196289
192.409668 258.427277
209.124954 252.040405
164.105331 274.315674
224.511902 358.630310
-1.000000 -1.000000
147.010635 288.206085
228.148987 335.731049
149.128342 273.775116
306.510040 263.436371
426.524109 424.506958
437.891235 338.985443
209.492462 235.590195
394.431030 437.792267
450.674438 425.085297
326.493622 340.120392
-1.000000 -1.000000
344.950623 381.079102
213.451233 331.242981
225.865952 241.884842
-1.000000 -1.000000
316.526978 299.528503
247.618591 411.450500
373.077545 368.672791
412.287872 423.427185
160.040039 254.544662
255.091797 366.689728
199.464767 373.984070
382.315308 357.436523
-1.000000 -1.000000
368.768127 162.906479
409.647858 368.792419
270.355774 387.440765
363.832855 398.669464
417.098297 340.488159
453.824585 343.409760
336.710052 302.870239
-1.000000 -1.000000
239.230270 276.425842
254.674011 287.459900
208.712784 358.683472
167.341385 317.655243
176.415817 261.200134
287.608063 363.397064
255.878571 346.288452
381.090149 121.677353
428.416138 321.770935
366.630188 414.788147
355.506287 365.328827
399.974731 339.588013
349.368774 397.228394
136.934540 266.375000
271.167206 371.061768
410.312012 390.860291
305.956970 241.173203
197.475723 331.367126
338.516266 344.010345
286.303436 390.175171
282.706848 407.065735
162.035645 206.426682
453.108948 396.470734
454.513855 358.788025
190.639420 358.833984
285.795227 243.132141
211.094681 268.465637
233.878677 438.210022
264.292480 410.677063
385.675690 392.643829
443.224854 310.763611
457.166840 313.124817
220.601486 389.444366
355.422516 342.260956
-1.000000 -1.000000
144.963303 238.344376
354.248749 413.438202
392.696381 154.462265
321.116760 355.705383
294.180237 338.796356
438.070343 398.294678
321.958252 242.619873
182.684525 209.168152
420.991730 406.398468
-1.000000 -1.000000
279.819458 323.535034
130.787155 280.924103
374.566223 175.862457
429.921265 365.046539
352.651062 158.879288
323.106537 226.043030
-1.000000 -1.000000
247.840027 238.172668
218.293869 438.502563
383.398499 340.633057
452.948059 377.773041
192.888580 388.297394
399.270782 324.091675
355.295685 217.496521
358.158325 201.666046
176.655350 375.954529
400.223328 419.647919
224.687225 408.683563
133.108795 304.020782
352.667603 229.634109
367.679932 120.354057
199.035156 404.559082
266.532928 303.052704
391.925201 139.233246
400.989105 308.296326
205.104645 219.905991
460.814026 212.961380
357.114410 189.043869
340.030548 216.581665
344.199585 257.129150
444.333008 285.488617
368.219421 310.801727
-1.000000 -1.000000
200.309631 438.582916
351.754303 144.202301
343.532654 200.443878
339.272400 411.859497
245.912064 329.652008
369.197021 294.984863
321.325745 270.436768
188.526627 277.691925
342.513306 274.789062
310.060913 344.810272
273.491058 423.040192
254.499756 435.823486
366.511688 351.870575
448.330963 207.283295
446.194061 258.333496
353.509186 171.020737
339.609222 288.868805
325.233582 213.438248
227.032104 225.714905
237.042084 291.868134
320.578125 282.154633
375.003693 192.856018
152.950684 318.902649
-1.000000 -1.000000
392.094727 170.944534
374.664124 420.770172
217.425522 315.532867
357.921600 430.796570
444.451019 370.854614
405.445648 167.509186
334.595245 395.628448
270.225006 226.816818
401.083344 191.037781
342.250397 188.315369
181.512894 303.929718
362.364838 325.678284
413.614685 284.207977
380.004181 319.737091
340.789215 327.725769
-1.000000 -1.000000
461.446442 196.983368
296.635284 411.791016
-1.000000 -1.000000
352.259949 295.980652
426.999939 287.848541
455.048981 297.130249
372.476685 207.052765
412.746338 311.953949
459.202820 251.129974
419.085205 379.959808
170.696777 360.254395
-1.000000 -1.000000
143.561661 223.317154
447.175537 244.810822
171.765244 389.196564
413.245636 202.749878
409.161652 265.469452
373.369995 281.378387
302.861023 389.641174
337.953430 170.595032
196.836075 90.930489
457.130737 281.571838
122.713867 262.855652
447.461517 228.028992
396.583344 123.294777
401.324585 279.166718
422.979126 269.422485
370.403290 221.164261
420.971039 175.036758
353.876190 309.485138
201.142395 314.287933
434.364868 274.325378
-1.000000 -1.000000
182.119934 90.428932
177.296021 406.261444
409.114746 151.770813
335.974457 159.580078
359.742371 249.477875
396.126617 263.352386
386.046875 182.857086
290.134308 229.797714
449.819824 191.981720
220.301331 285.548309
389.740662 307.494812
127.948975 247.641617
180.497284 131.359512
165.543564 131.391388
146.485107 208.523422
174.294739 345.955627
325.720978 197.388977
158.843002 374.473450
166.581146 100.052292
289.046936 427.293274
235.501007 314.997345
425.418945 212.220840
407.762146 220.055023
184.652359 290.622467
370.873749 265.125610
193.015198 104.497429
423.912781 159.000244
180.191422 438.739349
166.269501 157.408676
199.846420 77.422661
357.110046 266.570953
352.449249 129.885757
385.241272 206.291168
181.303589 157.383514
437.610107 238.397354
429.531464 253.617523
428.207245 197.089661
212.751495 299.360443
390.124908 274.040039
151.190948 156.530945
392.393707 292.465851
177.460266 113.125702
155.388260 390.551880
185.185928 76.860703
370.872711 247.693893
319.864410 371.700287
406.809021 241.135712
165.860123 171.606064
162.327393 114.457230
195.948700 131.216873
154.594193 359.309082
168.197525 85.010475
415.386871 138.623322
126.445923 232.866409
318.512665 394.105713
343.989532 427.285461
150.608276 171.180832
423.594879 230.397247
181.142654 171.952850
382.345612 223.346130
-1.000000 -1.000000
331.655243 147.421509
327.775665 421.877655
119.166214 277.465454
315.566864 409.028259
432.771545 179.399811
425.129974 140.620087
149.580673 140.824097
163.369400 194.247772
158.903915 343.037079
285.615967 108.225975
170.955093 71.099297
304.644775 430.580811
400.750305 203.193787
301.792236 138.967010
390.408356 238.408234
-1.000000 -1.000000
162.312820 407.580597
-1.000000 -1.000000
300.525604 115.596344
287.162018 138.974777
148.185394 194.899261
164.056808 438.116241
304.049744 220.498016
285.618927 122.826996
437.799164 164.137817
211.147781 92.210648
396.513336 218.452255
-1.000000 -1.000000
270.843231 117.391991
207.636597 104.666321
334.079102 137.773926
451.753418 179.735596
120.928993 297.009155
179.567307 195.210083
316.164734 172.485519
273.095337 138.437958
213.909393 78.060265
138.949097 327.645538
465.696472 184.813629
128.383926 217.033981
299.921387 100.400604
198.200699 62.903831
315.240448 155.443878
144.211960 377.607635
301.026886 153.991058
132.564117 197.394104
199.282181 204.964600
314.223358 124.267860
198.873871 144.904099
299.270203 171.219696
301.575653 207.062347
286.392914 154.223938
284.677521 170.533783
-1.000000 -1.000000
385.900757 106.724838
112.762016 247.741302
371.730835 106.593399
141.202591 396.876068
333.728241 122.758301
133.771576 182.302399
-1.000000 -1.000000
314.860229 108.817139
305.489594 187.287994
287.414459 221.472794
436.509613 144.539230
290.671082 186.136581
268.077515 103.912819
147.323578 408.698608
417.056854 123.297890
144.270645 346.186981
112.912102 298.207458
212.902512 63.123997
143.759323 128.734375
282.590027 94.159851
134.401184 166.734375
454.819550 161.300049
140.271713 364.649567
247.946014 222.457321
430.830780 131.195084
108.352028 263.182220
150.949783 423.814117
223.266190 210.935608
197.723663 160.684845
251.120132 110.139755
267.090942 90.175499
281.935944 82.166916
108.065895 280.705048
251.269608 86.411728
267.297577 74.930801
111.088943 233.624588
274.871765 184.022827
150.424622 103.522850
242.265060 74.919533
225.475510 98.294746
131.237534 415.150299
431.942291 129.626511
284.515442 208.361374
183.564697 57.722553
297.955078 88.478294
314.336975 93.458595
283.569000 66.657394
468.772156 170.045746
257.990021 135.223114
195.506546 176.736450
154.825989 83.160820
349.223541 119.038521
224.713394 119.947334
297.751343 75.682655
156.370285 75.446075
221.424850 202.901871
264.122223 160.775391
-1.000000 -1.000000
212.764221 115.982918
199.593613 191.352295
-1.000000 -1.000000
247.932022 208.506592
-1.000000 -1.000000
-1.000000 -1.000000
205.289337 50.870590
274.180695 159.576080
131.343597 156.570343
-1.000000 -1.000000
114.405090 214.385635
-1.000000 -1.000000
