212.432053 221.755707
166.929733 209.099915
257.583160 268.542725
191.773514 253.469376
279.533051 233.418320
329.372742 282.528198
131.217377 249.915024
300.492401 278.535797
358.203186 207.808350
386.143616 134.869324
348.305084 231.971329
367.791840 184.332687
338.641571 257.586792
174.574890 117.306129
377.129913 158.731766
402.649597 129.676071
187.515884 213.365799
444.411224 205.941696
167.800644 156.145508
164.469818 141.769501
184.667999 91.714020
155.989685 166.671921
128.792938 239.216248
412.223541 149.244904
460.036255 237.449417
453.211609 222.592361
135.343491 283.824860
429.733490 182.362305
376.878510 176.699249
215.660950 252.623108
254.664825 230.309906
387.321503 152.274506
170.737534 240.884399
421.275665 166.017700
157.788971 181.647156
195.801071 300.868042
265.017059 384.511261
368.116486 201.435715
358.564178 225.514343
218.978577 378.504059
149.682617 204.927429
239.498535 311.921478
327.232849 214.931610
338.769226 274.267792
331.615662 304.134583
435.262726 318.431366
139.655640 337.828033
430.324219 178.558670
432.701172 407.070007
235.303055 255.192154
298.504242 372.412903
282.343506 266.856628
-1.000000 -1.000000
159.295959 340.090454
189.853287 353.353607
418.936005 150.965942
-1.000000 -1.000000
314.069427 163.754608
274.715851 367.500671
348.006836 250.740021
188.648224 443.486481
230.698196 364.372681
178.071686 347.483215
136.432587 212.923508
139.927017 229.305069
243.908936 334.786987
415.813263 266.632660
188.151443 390.134369
394.263245 273.625916
177.863220 133.114166
316.346008 377.729492
183.756516 110.676231
438.742218 324.493103
372.543030 381.592804
-1.000000 -1.000000
241.991150 424.203766
402.385437 430.980499
391.266571 285.753601
145.524323 189.280289
198.700607 325.095398
426.049316 366.014160
-1.000000 -1.000000
372.668121 281.100098
-1.000000 -1.000000
351.031799 393.010406
157.162766 432.101349
134.879913 428.297607
-1.000000 -1.000000
387.983948 381.203033
195.596863 415.667175
384.817657 233.591843
454.586731 273.473083
404.239655 335.378510
407.550690 227.997192
391.018066 430.417542
402.234650 219.431442
191.259811 365.444641
-1.000000 -1.000000
367.670105 293.272980
442.140533 382.872681
235.297928 376.764771
366.591583 399.231445
-1.000000 -1.000000
403.578888 386.193085
437.996460 202.619690
435.113556 427.531464
412.295349 279.784485
445.522980 285.757874
435.355072 185.708237
409.595062 369.314697
409.684601 298.778442
-1.000000 -1.000000
113.004501 267.261047
348.974976 310.480408
175.790710 438.402893
426.319153 222.655365
445.571594 356.358246
143.214066 371.240051
367.602966 360.603668
371.629150 310.746796
-1.000000 -1.000000
-1.000000 -1.000000
232.620880 401.927673
-1.000000 -1.000000
383.629425 223.921219
-1.000000 -1.000000
397.381927 186.148422
388.396179 201.835953
405.377045 193.183746
455.021515 235.850021
446.382477 219.257446
351.017090 407.383728
-1.000000 -1.000000
170.208008 390.403870
375.449005 256.473999
270.584198 94.031540
299.597809 235.149109
293.235199 365.444092
303.006989 432.899353
387.653259 395.298767
282.725983 428.577972
287.708588 336.788239
-1.000000 -1.000000
399.406616 329.646912
306.212402 342.493652
307.556396 111.355644
144.566223 307.594299
351.846100 437.906250
-1.000000 -1.000000
-1.000000 -1.000000
424.526733 382.224884
396.806946 249.392838
-1.000000 -1.000000
411.671875 181.195557
414.600403 243.898956
236.969849 237.504807
429.116669 391.665710
316.621246 369.839203
280.122284 403.261108
194.177246 376.869446
-1.000000 -1.000000
460.444275 281.923553
167.941589 250.752182
262.794678 398.090454
-1.000000 -1.000000
370.580444 407.180237
-1.000000 -1.000000
200.817490 346.298492
244.579926 356.892639
408.135040 394.239136
391.826691 333.102722
359.535309 432.843414
253.938004 257.294617
164.624893 314.193939
393.180420 349.651794
213.764587 262.936157
-1.000000 -1.000000
188.020767 242.717361
436.619293 374.413147
361.848572 341.630249
142.961899 397.620514
201.608154 311.751373
391.550934 415.641937
148.125732 294.966339
329.004364 325.941528
221.762405 232.781281
-1.000000 -1.000000
355.733398 359.524323
421.653229 435.189301
320.365387 111.073257
418.662231 239.511520
217.945053 305.220428
-1.000000 -1.000000
383.308350 287.389984
-1.000000 -1.000000
407.777100 253.887512
240.166183 389.603638
154.004745 424.041138
134.456100 382.150055
385.972900 261.617035
177.410416 338.345123
319.227142 230.914474
261.845978 314.983765
308.550812 254.400574
404.303467 281.697235
370.833893 260.507568
427.321838 273.571777
-1.000000 -1.000000
-1.000000 -1.000000
389.452240 423.523163
-1.000000 -1.000000
146.434311 331.463531
272.229675 412.541382
240.743057 446.612335
-1.000000 -1.000000
354.570587 345.823273
197.256088 437.747772
393.494324 220.872269
214.490494 329.491791
-1.000000 -1.000000
170.695999 301.416504
429.160217 340.750946
177.191620 429.104980
425.971710 321.763428
-1.000000 -1.000000
-1.000000 -1.000000
-1.000000 -1.000000
392.922638 327.599487
413.065826 214.090103
207.648788 420.783539
215.498459 391.771210
265.207916 338.622986
164.609879 405.343658
296.336273 268.419800
-1.000000 -1.000000
404.128418 210.309738
435.212219 299.380402
138.737411 237.209778
387.012848 215.194901
-1.000000 -1.000000
397.466553 237.617630
381.514374 404.992188
246.945862 320.107544
376.470459 334.515259
354.143585 431.832611
351.207794 344.018219
-1.000000 -1.000000
427.865601 318.510101
418.029602 393.658661
327.142090 221.192947
373.431091 243.757904
380.685913 309.203918
-1.000000 -1.000000
460.603668 259.379059
-1.000000 -1.000000
393.613495 252.044037
344.161652 419.298553
307.436371 327.686615
363.922546 244.516113
449.313263 306.799927
417.472260 297.343414
422.802887 343.005463
279.138062 276.937317
449.023071 341.520111
-1.000000 -1.000000
278.804321 323.485382
357.006226 420.096069
424.690826 409.885132
-1.000000 -1.000000
219.583252 349.870300
-1.000000 -1.000000
291.603821 74.318398
387.855225 332.855072
356.526917 338.030853
335.546875 327.726257
-1.000000 -1.000000
194.364395 90.012726
425.613495 169.906250
129.043930 261.283997
395.713684 422.811554
317.367035 243.735046
-1.000000 -1.000000
412.895264 320.328308
424.415375 415.498627
275.390045 96.237762
347.215057 374.978668
359.968109 401.468353
-1.000000 -1.000000
397.024963 387.605591
-1.000000 -1.000000
-1.000000 -1.000000
430.361542 375.813324
383.724548 424.507904
276.181122 376.624115
385.251495 356.075531
264.313110 361.946289
168.221298 130.699341
-1.000000 -1.000000
385.024109 449.115570
226.816620 328.869263
249.787506 437.840668
425.082153 406.706268
217.139771 439.722076
430.466187 232.568100
349.060791 436.226807
208.145248 100.700165
382.007660 195.841614
-1.000000 -1.000000
392.359436 317.808380
306.835815 238.269150
316.916382 418.036621
-1.000000 -1.000000
182.685593 321.009216
325.950623 66.281441
363.218292 389.338623
429.248413 434.530457
304.232452 129.514771
401.216217 179.580734
-1.000000 -1.000000
-1.000000 -1.000000
-1.000000 -1.000000
218.062286 365.658539
322.553772 303.514923
370.038849 440.239410
169.477478 228.122345
385.157654 184.117233
417.846222 323.852203
205.438736 83.669800
173.995346 142.218643
443.068420 414.380829
400.960541 375.605652
-1.000000 -1.000000
-1.000000 -1.000000
-1.000000 -1.000000
422.071503 355.398468
-1.000000 -1.000000
426.435211 411.441345
321.379700 143.310059
-1.000000 -1.000000
-1.000000 -1.000000
301.120209 257.752075
-1.000000 -1.000000
-1.000000 -1.000000
316.026123 123.329659
220.043442 398.574921
412.497070 230.924881
390.559845 237.905045
158.244141 154.894836
-1.000000 -1.000000
332.720032 253.372055
146.837112 383.819397
-1.000000 -1.000000
384.229340 375.898071
135.804977 437.585236
379.822632 340.881683
141.308624 249.282471
-1.000000 -1.000000
322.686249 279.757233
393.573242 338.220459
428.186920 322.006073
120.385078 234.880615
342.292175 347.341003
-1.000000 -1.000000
306.932037 262.216217
443.716064 194.904816
157.199890 137.772369
409.019226 336.824158
-1.000000 -1.000000
436.565552 361.402771
201.240875 98.453270
-1.000000 -1.000000
-1.000000 -1.000000
176.555008 88.827957
469.924927 259.160034
421.135101 451.138092
419.234863 176.709976
183.624542 119.438202
-1.000000 -1.000000
331.546173 269.120850
371.540619 348.666992
-1.000000 -1.000000
445.819763 324.462555
313.278076 406.750977
189.414444 400.473602
230.321213 430.831940
419.188171 247.261841
461.918365 230.054825
-1.000000 -1.000000
166.171234 165.301483
120.539001 267.730499
418.075165 420.942719
322.448669 126.185417
138.556808 346.868073
379.912323 433.061066
167.315018 113.975739
263.101837 369.307007
363.733002 326.202484
-1.000000 -1.000000
351.057312 219.903610
362.291138 176.544754
361.394562 197.699295
412.968994 354.031494
465.535828 231.378128
-1.000000 -1.000000
438.234833 396.365662
-1.000000 -1.000000
230.813385 355.132965
324.702972 248.481735
354.475098 237.937607
148.526398 162.553574
130.506409 226.043610
357.600494 353.786133
-1.000000 -1.000000
-1.000000 -1.000000
364.384827 212.927856
-1.000000 -1.000000
270.662079 431.925446
426.562927 307.191284
411.825134 442.321838
264.642578 96.042747
288.603607 96.929283
261.418427 229.506805
384.440735 165.795898
332.756165 248.729370
386.682648 328.118958
409.883118 266.334503
391.376892 425.272308
324.499237 112.733498
344.769379 262.111511
-1.000000 -1.000000
