212.788910 223.503342
168.205978 209.898361
257.221313 270.685089
192.798309 254.103638
278.374634 236.843384
326.943909 287.208374
133.376617 249.835815
299.379944 281.890717
356.402405 211.628372
385.151184 137.309113
346.308746 236.126389
366.284119 187.699570
336.349457 262.040802
178.033417 115.175491
375.769592 161.767548
400.286652 132.345810
188.326996 214.399521
446.313049 205.389481
171.022064 154.474640
167.634460 140.175217
188.227066 89.520416
158.907974 165.318420
130.906219 238.973724
412.180725 150.434662
462.868988 235.923660
455.711548 221.477524
137.121292 283.510071
430.705658 182.547104
375.628601 179.856674
216.217606 254.008896
254.268433 232.603317
386.357422 154.960831
172.229111 241.226822
421.730286 166.763916
160.749466 180.397858
196.903152 301.925507
264.805145 386.744537
366.660614 204.969788
356.886658 229.354172
219.869995 379.567780
152.291641 204.024231
239.694397 313.899292
326.530701 217.341354
336.495117 278.869293
329.370392 308.612457
438.395691 316.857056
142.453445 337.302185
431.260986 178.774826
436.719147 404.768585
235.572769 256.890106
297.404968 375.813446
281.469116 269.819000
-1.000000 -1.000000
161.521881 340.090515
191.090134 354.045380
419.280182 152.103241
-1.000000 -1.000000
314.439301 164.628052
274.257385 370.305420
346.094696 254.926285
190.653915 443.627014
231.129532 365.865234
179.675964 347.767242
138.919632 212.237000
142.486694 228.761429
244.208954 336.806061
417.483582 266.464813
189.904892 390.651306
394.866425 274.623596
181.374802 131.055984
314.739227 381.448059
187.437531 108.400375
441.984985 324.365662
372.626953 383.350006
-1.000000 -1.000000
243.120255 425.520111
404.654663 434.177124
391.545380 287.008240
148.323181 188.329544
199.885956 325.977844
428.168335 365.111664
-1.000000 -1.000000
372.315094 283.169128
-1.000000 -1.000000
350.300354 395.715088
160.327576 431.304688
138.586670 426.940155
427.776642 454.613525
388.722870 381.863983
197.791916 415.928253
384.399689 235.739212
457.635132 270.955780
405.720764 336.019775
408.222534 229.032745
393.351013 433.769989
402.423981 220.607315
192.703354 366.198273
-1.000000 -1.000000
367.064484 295.538513
446.090668 380.798462
235.735764 378.324646
366.690033 400.883972
-1.000000 -1.000000
405.249786 386.022919
439.481110 202.297836
439.248383 425.372833
413.486023 279.900818
448.692810 284.308868
436.723053 185.912537
411.222870 369.162476
411.049408 299.161469
-1.000000 -1.000000
115.086746 267.031189
346.854523 314.874725
178.314590 438.024658
427.779846 222.814117
449.079071 354.415558
145.901840 370.644287
367.609131 362.750916
371.368835 312.870605
-1.000000 -1.000000
-1.000000 -1.000000
233.523911 403.365997
-1.000000 -1.000000
383.164520 225.944519
-1.000000 -1.000000
396.974579 188.190842
387.921692 202.808121
405.785980 194.082062
457.769409 234.414185
448.492035 218.453369
350.504913 409.805573
-1.000000 -1.000000
172.875595 390.202789
375.096039 258.697205
273.044128 93.210190
297.530121 238.964142
292.237427 368.445374
302.618317 436.043671
388.698822 395.896484
282.796051 431.016785
286.919159 339.895874
-1.000000 -1.000000
400.841583 329.938965
305.014954 346.183167
307.647125 112.720589
147.268784 307.384003
351.921082 440.059937
-1.000000 -1.000000
-1.000000 -1.000000
427.324158 380.980408
397.323364 250.457153
-1.000000 -1.000000
412.082092 182.266602
415.497162 244.202332
237.107254 239.358734
432.723236 389.908234
315.160736 373.404633
280.024323 406.015839
195.784058 377.698059
-1.000000 -1.000000
463.901489 279.572540
169.559753 251.109680
262.732391 400.107941
-1.000000 -1.000000
370.989563 408.813660
-1.000000 -1.000000
202.068130 347.123322
245.025620 358.628876
409.975922 394.066956
392.915771 333.957520
360.209320 434.407410
253.671112 259.470428
166.879211 314.437927
394.518585 351.078400
214.436172 264.284943
-1.000000 -1.000000
189.083069 243.210403
440.226685 372.393921
361.698792 343.890381
146.435013 396.720642
202.716797 312.699310
393.800262 414.395416
150.513931 294.892365
327.341461 330.235901
222.268677 234.453506
-1.000000 -1.000000
355.380157 364.214600
424.941711 433.775360
320.483612 112.429573
420.273346 239.432098
218.399460 306.738159
-1.000000 -1.000000
383.005157 289.233917
-1.000000 -1.000000
408.515198 253.891769
240.772415 391.321869
156.999146 422.797180
137.631805 381.379974
385.640503 262.379700
179.274048 338.269684
318.269409 233.632675
261.377533 317.757080
307.073090 258.071503
404.992767 282.393066
369.927979 263.429779
428.830872 273.256897
-1.000000 -1.000000
-1.000000 -1.000000
391.381744 423.837799
-1.000000 -1.000000
149.241791 330.725250
272.336517 415.256287
242.039276 447.816315
-1.000000 -1.000000
353.836273 348.696045
199.609283 438.237305
393.213837 222.569901
215.279144 330.599091
-1.000000 -1.000000
172.495178 301.845245
432.194733 339.536469
179.498245 428.487274
428.155823 320.698578
-1.000000 -1.000000
-1.000000 -1.000000
-1.000000 -1.000000
394.095856 327.794983
413.499420 214.831680
209.627182 421.369263
216.530670 392.736115
264.760040 340.500793
167.601593 405.025085
295.139587 271.678253
-1.000000 -1.000000
404.457245 211.527649
438.119202 298.308350
141.025421 236.860596
386.463623 217.416580
-1.000000 -1.000000
398.054321 238.988800
382.559631 405.879578
247.064362 322.245483
376.496307 335.975494
354.421021 433.391449
350.097595 346.964050
-1.000000 -1.000000
430.517487 316.931458
420.669281 392.727997
326.323059 223.925491
373.215759 246.226868
380.678497 310.973969
-1.000000 -1.000000
463.839630 257.205353
-1.000000 -1.000000
393.606384 253.405716
343.685608 422.288483
305.916534 331.599670
362.807281 247.734802
452.597870 305.167694
419.282623 297.370697
425.129059 342.569641
278.405365 279.817474
452.247101 339.611572
-1.000000 -1.000000
278.488617 326.314728
357.543335 421.907990
427.727936 408.076294
-1.000000 -1.000000
220.288208 351.177917
-1.000000 -1.000000
292.790039 73.898605
388.453003 333.713287
355.973846 340.048492
334.090454 331.727753
-1.000000 -1.000000
197.960861 87.750656
426.396362 170.410965
130.611740 261.121613
398.122437 422.623230
316.278656 247.008896
-1.000000 -1.000000
414.431152 320.108337
427.500000 414.106018
278.405579 95.706718
346.331909 377.915771
360.066315 403.312805
-1.000000 -1.000000
398.626129 387.697754
-1.000000 -1.000000
-1.000000 -1.000000
433.101288 374.425323
385.028961 424.875366
276.004395 379.340240
385.901215 356.928467
264.034790 364.303009
171.633972 128.795059
-1.000000 -1.000000
386.601440 449.066956
227.270035 330.844818
250.715240 438.442047
428.301910 404.205292
218.598236 440.497711
431.774475 233.708145
348.791992 438.381409
212.760727 98.190582
381.135529 198.690109
-1.000000 -1.000000
393.564484 318.527130
305.474670 242.042999
315.802338 421.486481
-1.000000 -1.000000
184.116150 321.917145
326.456207 66.762009
362.873688 391.409485
433.163818 432.441528
304.537292 130.594894
401.166199 181.284805
-1.000000 -1.000000
-1.000000 -1.000000
-1.000000 -1.000000
218.867111 367.200775
320.041321 307.965149
370.681580 441.706146
171.025406 228.240524
384.336975 186.647385
419.771545 322.201630
209.602341 80.992455
177.400574 140.443542
447.240204 412.134613
402.064850 375.888947
438.837708 454.891205
-1.000000 -1.000000
-1.000000 -1.000000
424.282501 354.217102
-1.000000 -1.000000
430.176086 409.749542
321.829803 144.266632
-1.000000 -1.000000
-1.000000 -1.000000
299.780457 261.245178
-1.000000 -1.000000
-1.000000 -1.000000
316.229004 124.667068
221.159302 399.720490
413.237671 231.777466
390.315826 239.955124
161.295227 153.328094
-1.000000 -1.000000
330.333740 257.925446
150.048218 383.177521
-1.000000 -1.000000
384.870270 376.573975
140.221695 436.416229
380.264069 341.675232
143.709320 248.610580
-1.000000 -1.000000
320.089905 284.044098
394.999146 339.539825
430.973145 321.014740
122.501274 234.700653
341.363037 351.613556
-1.000000 -1.000000
305.627502 265.616699
445.068115 194.315781
160.275040 136.319336
410.498535 337.235291
-1.000000 -1.000000
439.317627 360.065613
205.388000 95.570137
-1.000000 -1.000000
-1.000000 -1.000000
180.141327 86.337799
473.017883 256.221313
424.191711 450.195038
419.195404 177.257492
187.095840 117.329567
-1.000000 -1.000000
329.127350 273.771881
371.444397 350.706696
-1.000000 -1.000000
449.108459 322.630096
312.223480 410.131561
191.445724 401.139801
231.481613 432.128632
420.830933 247.256271
464.634705 228.127304
-1.000000 -1.000000
169.320709 163.818604
122.799690 267.715942
421.099121 419.472565
322.837067 127.210968
141.659470 346.362854
381.218384 433.745880
170.479019 112.031006
262.830566 371.576752
363.471069 328.725311
-1.000000 -1.000000
349.398773 223.475342
360.647034 179.848007
359.811371 201.151627
414.572815 354.231293
469.182739 229.538849
-1.000000 -1.000000
442.119110 393.762329
-1.000000 -1.000000
231.229660 356.931366
323.563507 251.538010
352.529510 241.728149
151.480118 161.425293
133.053299 225.327087
357.305389 358.257629
-1.000000 -1.000000
-1.000000 -1.000000
362.737305 216.545914
-1.000000 -1.000000
270.920349 433.490814
429.273682 305.510315
414.686554 443.027557
267.060852 94.904785
291.043427 96.430626
260.956299 232.295792
383.478607 168.663559
330.733521 252.793884
387.437225 328.915649
410.947418 267.442444
393.532959 425.464081
324.854889 113.955353
342.571533 266.344452
-1.000000 -1.000000
