-1.000000 -1.000000
-1.000000 -1.000000
-1.000000 -1.000000
280.944275 250.476486
-1.000000 -1.000000
397.670288 149.821701
274.685242 233.705093
299.731537 254.782181
-1.000000 -1.000000
-1.000000 -1.000000
-1.000000 -1.000000
-1.000000 -1.000000
317.471313 286.581238
-1.000000 -1.000000
332.612885 291.164276
-1.000000 -1.000000
-1.000000 -1.000000
396.866974 134.944321
345.095673 302.966217
280.352631 267.882019
263.621338 255.607529
-1.000000 -1.000000
321.749207 255.258209
187.435120 234.332550
312.896881 272.494629
-1.000000 -1.000000
302.768524 237.013229
143.274811 293.119476
387.192871 144.119781
275.280212 217.325012
-1.000000 -1.000000
369.010529 380.537537
-1.000000 -1.000000
153.567200 228.180435
398.161438 166.659485
403.842163 369.580780
316.605927 302.025482
391.526398 364.150665
359.813202 375.185394
421.768677 438.907440
143.515778 278.340942
187.087158 213.524261
424.991364 352.203308
258.205261 237.980469
431.048309 357.087616
230.228043 244.635483
386.338562 130.471176
382.511688 383.152802
213.987488 368.063751
328.274078 307.194641
128.282028 294.856110
-1.000000 -1.000000
152.727829 210.783981
409.999695 438.916870
294.989105 287.682251
416.901764 372.537689
249.570129 373.141388
192.349655 252.258896
209.193573 238.832870
151.741608 265.581268
217.054459 352.889587
-1.000000 -1.000000
128.629578 279.947662
223.519852 326.497345
134.080582 265.865631
323.508545 240.566559
-1.000000 -1.000000
421.841522 363.649567
209.754547 219.228287
-1.000000 -1.000000
-1.000000 -1.000000
337.927124 316.772980
-1.000000 -1.000000
347.569153 372.574066
206.496918 320.403564
228.060150 222.607132
-1.000000 -1.000000
333.941284 274.388336
236.363052 402.233887
370.102692 368.099976
391.793488 438.292633
152.853058 246.794846
251.207336 356.561981
186.030197 368.930359
378.363098 361.708160
-1.000000 -1.000000
388.403839 157.081696
398.266266 382.537109
267.829926 376.412140
362.751373 393.461823
405.032867 357.203674
428.711365 373.733490
353.031403 282.896027
-1.000000 -1.000000
245.107101 264.512390
263.672668 271.231262
197.482651 352.717651
146.612152 308.361206
172.333252 254.524338
287.895447 345.181091
254.120651 331.453094
398.765808 118.880638
414.917053 343.317932
363.472839 408.364410
357.864777 357.812866
393.152954 349.602539
350.524841 389.286682
123.101517 259.765442
269.605164 360.049042
395.593781 402.939178
323.074341 218.909424
187.486725 324.756958
348.547607 323.783234
284.975403 375.621613
278.756958 393.988861
156.327362 195.312332
422.246429 428.542358
426.378632 389.079742
177.345001 354.816925
301.077606 219.580734
210.963379 257.456207
212.801498 438.510864
256.528534 401.095856
378.857788 396.897949
425.345551 337.251038
433.412018 343.803162
210.317291 384.241608
361.688538 329.155792
-1.000000 -1.000000
137.175781 231.812286
353.568665 405.818695
406.003815 155.600647
328.797577 331.761810
304.776794 315.355743
411.979034 423.460205
339.500793 224.156906
180.604355 196.200531
397.594757 424.441345
-1.000000 -1.000000
285.832855 300.757294
113.046738 274.428772
392.880035 170.177643
413.197693 386.414581
374.472900 149.836533
341.617615 208.379166
-1.000000 -1.000000
257.550018 219.320862
193.915649 438.719391
379.837250 342.875214
421.894104 411.273132
176.777939 383.760376
392.680298 333.864471
374.221130 203.126770
377.940369 187.819427
152.227600 375.457977
384.127014 432.267883
209.383286 401.209167
113.172928 298.443054
371.390961 213.630814
386.826385 116.454872
177.131378 399.553040
275.747375 283.719543
406.581390 138.447296
394.732056 316.537445
205.591537 204.584534
449.966339 234.460678
377.460541 176.974136
359.270905 200.621597
362.193756 238.543900
425.372742 310.619354
375.326263 303.080383
-1.000000 -1.000000
-1.000000 -1.000000
373.688690 135.881058
363.820618 184.832825
340.282562 402.300079
243.852676 312.380798
378.368011 288.790741
338.329712 248.777985
188.073212 270.882843
359.258270 255.768005
319.116852 320.269165
262.926941 413.496796
237.384613 429.489044
365.523956 348.211304
439.773193 227.159958
430.041504 283.159393
375.316833 158.978989
355.438263 268.914764
344.640228 196.990723
231.478210 205.754044
241.542694 279.432800
338.233276 257.380280
393.248627 185.369492
131.817917 311.502258
-1.000000 -1.000000
403.588074 174.178375
366.747131 416.381439
212.849792 301.397552
350.390015 430.281586
420.083801 399.917450
412.167633 172.522507
337.542480 385.645630
280.336731 203.819687
406.833282 197.780396
363.027100 174.827484
170.655807 294.112579
368.451782 315.436493
408.149567 296.911957
379.516846 318.615997
355.460815 309.002014
-1.000000 -1.000000
455.722412 220.478745
293.955475 395.854950
-1.000000 -1.000000
365.337769 281.555756
415.400482 306.200500
431.902252 326.601074
389.858398 198.439514
403.023285 322.480621
442.329559 279.027466
404.520416 395.284912
143.459122 358.679138
-1.000000 -1.000000
135.552933 216.842239
432.983704 271.281067
140.136566 388.180206
414.530731 215.058151
407.814453 277.045013
383.953888 280.280273
308.727386 373.739288
360.039612 157.010239
186.652481 102.796936
435.087128 309.440613
109.142242 257.225159
436.681183 253.116272
412.112671 120.295021
399.407684 287.404572
417.796326 285.222198
387.859650 212.031296
425.823975 188.323639
365.272461 295.370544
193.334610 302.908447
422.382599 294.857300
-1.000000 -1.000000
172.254501 101.878777
143.262039 407.001831
418.261414 152.012863
356.928497 149.950714
376.559906 236.442596
398.554993 270.809509
399.242096 182.543625
307.068420 206.315247
445.708771 210.420578
217.819901 272.649719
389.531647 309.701385
116.089043 241.664322
169.986984 138.874969
154.957657 138.900085
139.201614 203.745132
153.515106 345.298645
346.414398 181.255203
129.466721 374.418304
156.826370 110.361420
279.738190 413.867645
234.941544 298.385132
421.876740 228.344421
409.680542 228.215851
177.254410 281.305908
381.653900 261.053528
182.791580 115.102989
432.041504 167.118866
-1.000000 -1.000000
155.191452 163.209991
189.764481 90.408844
371.799988 253.255524
374.786224 122.800110
398.058411 204.773636
170.209076 163.390976
428.542542 262.966522
423.357361 273.585999
427.026184 215.408859
207.358170 285.883698
395.133057 278.938049
139.932419 162.203781
394.053131 296.214203
167.621063 121.309525
123.471367 392.051727
175.513107 89.568703
383.886475 240.246857
325.939545 347.840393
406.668213 248.411148
154.894714 175.285477
152.471130 122.225914
185.615845 138.895462
127.269936 359.026398
158.745056 95.857254
429.023071 142.333801
114.295532 228.335037
322.330353 379.087036
341.215942 418.832367
139.139694 174.922775
420.499756 243.156555
170.519333 175.645081
394.219513 219.480469
-1.000000 -1.000000
344.070465 149.425415
326.257141 407.139618
101.863159 270.862061
317.833405 393.389587
437.264648 199.808472
437.078308 147.722412
138.713623 146.629669
156.972534 184.362579
134.086670 341.029358
297.165039 107.664513
161.982071 83.230019
299.193176 414.155212
406.967010 210.254303
314.228851 133.687378
397.734375 239.379272
-1.000000 -1.000000
128.079315 411.287811
-1.000000 -1.000000
313.996552 110.223991
299.717346 136.670898
138.253693 192.561005
-1.000000 -1.000000
319.441864 201.167572
298.249329 120.833244
443.934052 179.242950
200.523972 105.058807
404.103333 221.923553
-1.000000 -1.000000
280.203369 126.380234
197.229721 115.851135
346.935425 141.345520
452.058105 199.874146
101.555305 289.516022
175.789719 183.747925
326.331970 170.192245
285.617828 142.197556
203.153732 91.278801
116.060974 324.613983
461.092194 207.120743
116.895020 212.519257
312.785797 95.472008
188.241043 76.187408
326.383972 153.072739
114.199944 381.157410
312.377075 151.371582
120.923317 196.206024
199.150391 191.304291
327.235840 118.695213
188.147720 151.989273
309.470490 168.600388
314.463165 193.980392
297.883698 151.851044
295.069153 168.327087
-1.000000 -1.000000
403.029266 103.325623
100.192932 242.472412
389.021484 103.259682
106.970337 431.735321
347.351624 125.202873
122.138863 183.129929
-1.000000 -1.000000
328.887817 102.955177
315.127441 183.753357
306.344482 199.418991
444.041504 151.961777
299.758087 183.302719
270.808044 115.925461
112.096443 425.942017
434.526947 127.530411
118.689613 346.303375
93.986092 288.987701
201.852707 76.291306
132.888138 135.561417
285.331970 98.305847
123.516365 167.441269
459.930511 184.060303
112.121895 366.254486
257.756195 203.095428
445.962433 144.995605
94.919373 258.956360
113.417984 438.543488
229.775574 192.501328
186.813278 167.193405
248.520782 125.129631
265.720245 100.640991
280.621613 88.419189
92.491478 275.524536
248.429413 97.695297
266.206390 81.533180
98.891403 229.835602
283.605591 180.607224
140.715225 111.558823
238.341354 91.417641
213.597107 113.669212
-1.000000 -1.000000
447.402588 144.055328
298.001648 194.258896
173.670578 70.833244
302.441010 85.518562
328.341705 87.555328
283.122467 73.551353
-1.000000 -1.000000
272.900238 152.455383
189.546387 176.049576
146.603790 91.295845
371.580780 111.647285
212.258804 136.115326
295.049255 78.255722
147.634552 86.327492
228.924179 186.860138
276.223907 164.063965
-1.000000 -1.000000
202.165482 126.279427
202.790619 180.397141
-1.000000 -1.000000
260.294983 190.812531
-1.000000 -1.000000
-1.000000 -1.000000
190.373734 65.431107
285.860199 159.614563
120.379669 158.954010
-1.000000 -1.000000
103.068146 208.717667
-1.000000 -1.000000
