205.368286 238.084061
165.900848 223.539322
249.743408 281.375793
192.365692 261.812927
262.439178 255.562592
309.160004 306.338196
140.503571 258.172760
287.478943 295.103394
331.032227 223.617310
352.933411 140.435760
323.213531 250.750534
338.976410 196.708405
315.982178 279.082642
173.657928 111.908875
345.996124 168.321442
376.477325 126.411232
183.618271 228.066879
435.790680 175.502563
170.529205 153.003494
165.526703 139.413589
180.889221 83.819206
159.101791 166.582764
137.157608 247.707764
385.076843 140.008347
463.322479 197.510986
450.137054 186.468674
149.412476 289.998413
413.875427 161.842529
348.610596 186.259293
212.918137 263.067505
241.688492 248.317108
356.603546 158.912537
173.758209 248.636139
399.792389 151.276978
162.129379 181.387955
202.248978 310.917389
271.112305 392.686035
341.674530 214.230667
333.789490 241.343307
232.736908 383.296875
155.383850 208.292816
240.393677 324.425262
308.455292 223.432587
318.432922 296.395966
313.859222 324.549927
448.743835 279.229218
162.772598 339.478271
414.666748 153.842865
462.722351 359.022552
230.397171 267.048950
297.649139 385.392456
270.484863 281.800415
254.473053 453.800995
179.784988 343.006683
204.677826 358.170380
394.124054 138.564468
-1.000000 -1.000000
295.812775 165.171783
277.782990 378.945190
325.904663 269.566437
219.973770 440.519806
240.154373 372.034821
194.620804 351.075317
142.906677 218.742569
147.906235 234.771179
248.357544 344.296997
414.038818 242.247086
212.075790 392.688507
387.974060 260.518738
178.910675 127.579567
312.789917 391.409302
182.987122 102.613976
456.196777 295.885773
377.195404 375.674622
-1.000000 -1.000000
263.293793 425.822327
428.840668 409.308594
384.287720 275.627533
150.438004 192.431503
209.549774 331.731018
440.810791 331.213135
-1.000000 -1.000000
362.464233 279.436462
385.330963 442.439270
351.902222 396.042603
194.801697 426.515442
175.697235 420.812225
456.132172 414.311890
396.299591 364.043152
224.338913 414.272156
368.930237 234.073624
462.257568 227.013824
413.576263 326.088593
395.387268 216.497040
416.184113 415.062988
385.739532 209.338150
207.638351 369.927979
411.744049 446.159302
357.540741 294.723022
468.881470 335.699188
246.049301 383.990356
373.872711 391.638397
-1.000000 -1.000000
418.237518 359.545105
426.936218 175.429260
469.476471 378.962250
409.984863 257.982056
455.733276 247.163940
421.163849 161.417221
421.505035 343.836487
411.528076 279.167908
221.567535 452.055359
125.316788 276.516235
332.322540 328.455444
209.588150 433.640625
418.681061 201.314560
465.927032 312.204987
172.014542 370.732208
370.273926 359.583527
366.870270 310.503174
433.718628 442.850525
-1.000000 -1.000000
250.670624 407.229370
437.017700 426.221222
364.525543 223.044876
-1.000000 -1.000000
373.461517 185.270828
367.152008 197.480927
388.020782 182.452271
455.255859 197.745956
441.132355 186.942078
355.637360 408.456146
-1.000000 -1.000000
199.848358 390.515564
361.821075 256.705688
258.459717 85.465912
278.565948 258.327240
291.736847 375.980408
314.961700 440.750366
399.964539 376.775848
297.705048 434.436707
283.898285 350.358978
-1.000000 -1.000000
405.676758 308.734985
301.150635 358.415314
280.290833 117.352440
163.948364 312.503448
365.595215 433.848328
187.161072 451.563477
459.316681 427.337860
444.333954 344.993713
387.337219 237.767471
-1.000000 -1.000000
392.435516 170.998077
406.839813 225.091476
229.333328 251.907288
456.591492 347.415863
311.351501 382.095551
289.955963 412.387085
214.059097 381.338440
-1.000000 -1.000000
471.330841 234.178955
172.989075 258.507996
272.652649 404.478027
-1.000000 -1.000000
381.813690 398.360107
-1.000000 -1.000000
215.454773 351.887115
253.014099 365.031952
426.168091 366.745117
395.540863 317.748962
375.290924 422.964233
245.148483 269.973755
181.732391 320.103424
401.246185 334.799927
212.707718 273.183105
-1.000000 -1.000000
187.732925 250.357834
460.123352 329.472168
361.074921 340.577667
179.276917 394.057831
209.923355 319.207275
414.066254 384.998169
164.178665 300.899994
316.041046 344.965240
215.877563 246.358246
-1.000000 -1.000000
356.041351 365.712952
450.787415 393.321381
292.621460 114.721367
413.096619 216.292435
221.347382 316.614655
-1.000000 -1.000000
374.219696 283.269012
-1.000000 -1.000000
399.556000 234.397110
253.705780 396.347260
190.114487 415.944580
167.090469 382.268036
373.091644 253.131729
192.573059 339.842560
301.252136 243.093933
259.498444 330.110748
292.372742 271.781921
399.576935 265.611023
355.999817 264.602631
425.853363 247.200058
-1.000000 -1.000000
484.712524 216.012421
409.961639 399.738983
441.592804 448.869446
168.812805 331.375336
285.195404 422.899231
266.531921 448.033386
-1.000000 -1.000000
350.882111 350.475098
230.164322 436.067871
375.382904 215.944183
221.528564 336.091248
-1.000000 -1.000000
183.662582 308.729187
445.320374 304.606262
208.088638 422.016968
434.093842 289.070709
48.833450 413.262238
-1.000000 -1.000000
368.263184 449.961029
396.749969 308.413971
397.589020 200.438629
234.971954 419.603516
232.434326 395.294830
263.253265 345.803864
197.654770 402.764984
281.747711 285.097565
-1.000000 -1.000000
386.935120 199.727020
445.798706 264.148163
147.696930 244.169922
365.614960 214.157455
-1.000000 -1.000000
387.368652 227.432327
395.931885 387.525146
248.669189 330.983032
373.879974 329.523102
366.645660 424.761292
343.771454 350.586700
-1.000000 -1.000000
439.719727 280.219238
439.401794 356.782562
308.476624 232.175629
361.581238 245.008636
377.317261 302.747070
454.780151 438.921631
467.208191 215.339600
-1.000000 -1.000000
382.074554 245.579163
351.568329 420.651123
299.149200 345.743561
345.856354 252.484146
461.781311 265.007233
421.947876 271.149353
435.860596 309.826813
268.721710 291.735199
466.181244 298.134460
-1.000000 -1.000000
274.811432 339.225250
370.781342 412.214203
450.063934 366.595673
465.882385 452.326233
228.392258 354.135132
-1.000000 -1.000000
268.070953 70.464142
387.528015 319.923737
351.909821 335.026459
326.270813 341.826263
-1.000000 -1.000000
191.132004 80.310562
406.291107 151.293030
137.693451 269.291870
420.347504 395.257721
300.196014 259.905518
-1.000000 -1.000000
417.256531 296.203308
452.530365 380.027252
269.150757 90.524559
346.356842 380.388306
365.994965 398.388489
-1.000000 -1.000000
410.134613 365.791382
425.646057 448.911743
-1.000000 -1.000000
449.199097 336.078125
401.515656 402.683624
281.546356 388.254547
391.228149 341.647003
266.911469 367.348419
168.976913 125.816589
469.413818 417.524017
407.641785 424.379211
232.433014 338.670868
271.086670 435.987854
451.500244 358.854279
242.908066 435.018372
423.251129 213.822342
358.311615 434.095215
213.771576 86.426796
358.343872 199.298676
-1.000000 -1.000000
396.440521 299.271210
287.717285 258.964783
321.099396 428.782562
466.705627 441.792358
194.028824 327.654114
294.042847 66.350525
366.050354 387.274323
462.638519 387.228577
280.631165 132.703613
380.131042 173.062622
-1.000000 -1.000000
49.602707 420.684418
-1.000000 -1.000000
229.467789 372.498962
303.970306 323.880524
386.518738 427.147644
171.308807 237.596466
359.430206 187.989319
425.008209 290.519836
204.043259 67.321686
175.870621 137.975952
475.132874 362.851807
410.483063 354.574860
471.062225 408.593109
374.683289 441.007538
-1.000000 -1.000000
436.012482 320.504669
432.668549 388.607635
456.582489 368.162994
301.968414 144.755707
-1.000000 -1.000000
372.726685 136.361603
284.227325 275.154419
281.524170 448.589417
425.095123 437.584625
291.464996 127.848251
239.032883 403.432404
403.812012 214.257828
376.975311 233.920502
160.391449 152.678558
-1.000000 -1.000000
307.588409 274.846741
179.692490 383.512848
-1.000000 -1.000000
391.547913 354.239044
178.895370 430.951538
381.882568 328.315186
150.859283 256.846619
406.931854 435.959930
300.657196 303.655060
403.282928 325.023499
441.540955 288.571686
127.785797 244.161285
338.210754 359.998322
-1.000000 -1.000000
291.586029 282.971924
431.167938 165.066391
156.710083 135.332748
415.610779 311.997070
-1.000000 -1.000000
453.149750 322.475922
201.054657 84.893814
-1.000000 -1.000000
-1.000000 -1.000000
171.883865 80.179878
474.352234 208.650192
451.961212 409.042664
397.205536 161.185028
183.622650 112.637047
-1.000000 -1.000000
310.764191 290.761932
371.230835 343.753204
-1.000000 -1.000000
460.483459 279.970490
316.068970 417.556519
215.394363 403.302277
253.903992 434.136688
415.342377 225.926376
459.666016 187.032288
-1.000000 -1.000000
169.691452 163.294739
134.605835 278.139191
444.276245 380.380096
300.421844 126.875191
163.446960 348.993408
399.271240 413.590393
164.904648 108.258354
267.576294 379.596100
360.565979 325.586914
411.424561 172.865250
321.259399 229.750153
330.613434 188.668365
333.388062 209.937607
423.389526 330.140228
465.684021 188.033615
-1.000000 -1.000000
466.904083 348.118988
-1.000000 -1.000000
239.129028 363.992249
309.368530 256.058167
333.363892 254.294937
150.180161 162.597321
137.945694 232.080124
359.561432 354.561646
-1.000000 -1.000000
382.661407 150.084732
340.167419 226.938278
355.167267 445.711639
287.070770 436.375427
435.938568 269.570129
438.864136 411.807861
251.608932 88.947128
278.821014 89.046730
249.817047 250.677689
357.653748 171.454086
312.008362 266.182526
387.929932 312.196625
405.127380 246.581650
416.394836 403.433868
300.171783 115.124672
324.925293 282.389648
-1.000000 -1.000000
