203.345367 240.284973
164.688950 226.065353
248.159897 282.295197
191.920273 262.953674
258.836914 257.560364
305.826630 307.144592
141.671600 259.863922
285.265015 295.768860
324.361633 223.146912
343.222076 138.688568
317.609619 250.660324
331.326477 195.714035
311.573303 279.461426
169.439697 111.825142
337.196442 167.153625
367.008728 122.445061
182.316513 230.162064
430.164886 165.095459
168.032089 153.496185
162.503082 139.676315
175.432251 83.140701
156.884338 167.300049
137.955811 249.300247
375.841217 135.061996
460.164917 184.692474
445.547821 174.689255
151.947525 290.673889
407.048187 153.952332
340.637787 184.882095
211.639557 263.890961
238.965759 249.821793
347.467865 157.196396
173.532852 249.777161
391.695679 144.738525
160.510925 182.159790
204.198502 311.507904
273.871674 390.690887
334.621033 213.192337
327.804596 240.970718
236.891113 381.505493
154.751831 209.410751
241.533264 324.780029
303.456726 221.681152
314.743042 296.872589
311.184875 324.836853
449.075012 266.395660
168.323898 338.807861
411.509399 143.463287
467.314148 343.480194
228.938354 268.094757
299.409180 384.027802
268.016724 282.539642
262.877991 450.362091
184.508652 342.338837
209.358704 357.420685
385.303345 132.569443
-1.000000 -1.000000
289.517395 164.313126
280.149780 377.835510
320.890503 269.391266
228.983902 437.201843
243.553757 371.034027
198.825439 349.898346
142.442017 219.903503
148.229156 236.153000
249.818298 343.543152
411.020355 232.850891
218.837158 391.105103
384.956512 253.480255
175.533096 127.591949
313.768890 389.424561
178.086945 101.829514
457.620911 282.997131
378.655701 369.424194
305.029907 453.320587
269.514099 422.319885
434.761810 398.185822
381.847382 268.969025
149.131561 193.304916
212.123764 331.270416
442.790497 318.306152
-1.000000 -1.000000
359.488983 274.681183
391.327484 435.300812
353.744751 391.148682
204.160416 423.049042
185.826370 417.537659
462.543335 399.315125
398.309692 355.133301
231.613129 411.145416
364.381348 230.791779
460.460785 213.098801
415.073975 317.825745
390.692902 210.614380
421.452850 404.607880
379.968445 203.271454
212.537140 368.509613
418.086426 435.071930
355.467468 290.530243
472.305298 320.728363
250.019653 382.440765
376.249298 384.464935
-1.000000 -1.000000
420.700775 348.377350
420.645172 165.707718
475.349304 362.941986
407.866058 248.672256
454.619934 234.616516
414.481445 152.461578
423.015625 333.641937
410.223755 270.919647
231.109039 448.299316
126.979446 278.201294
329.776703 328.097412
218.349380 429.795776
413.943359 193.099808
467.778778 297.972412
179.180099 369.600494
371.711548 355.026886
365.752655 306.687714
440.832947 429.434082
398.573547 450.305725
256.593597 405.594543
443.202942 413.409119
358.965576 219.075760
-1.000000 -1.000000
365.657745 181.728882
360.726349 193.177444
381.580170 176.260590
451.404053 185.582184
436.179443 176.033279
358.457214 403.343109
422.405701 447.467499
206.715561 388.096130
358.177490 252.731766
250.835419 82.941093
273.734497 260.059753
292.603638 374.200592
320.412567 437.274963
402.905487 367.536896
303.239838 431.209747
284.210876 349.474579
-1.000000 -1.000000
405.976501 299.779907
301.887848 357.584290
271.087097 116.644760
167.995972 312.992920
370.647400 428.060272
199.100418 448.192139
466.609100 411.965881
447.222107 331.805450
383.504944 231.307739
-1.000000 -1.000000
385.054596 165.675766
402.395660 217.283371
227.731812 253.123383
460.893707 332.651276
311.717194 380.234955
294.459930 410.633453
219.373962 379.503113
-1.000000 -1.000000
470.121552 219.807373
173.126953 259.590332
276.296906 401.729980
-1.000000 -1.000000
385.124817 391.865936
-1.000000 -1.000000
219.579269 351.613525
256.203522 364.783356
429.584320 355.975494
395.503937 310.637024
380.175873 415.229492
243.195724 270.667236
185.544876 320.483704
402.328674 327.507263
211.798935 273.968384
-1.000000 -1.000000
186.937881 251.252426
463.009979 314.814667
361.499023 335.589508
187.869873 391.943756
211.931549 318.856110
418.877563 373.640442
167.346252 301.678253
314.723480 344.372162
214.135071 247.792969
-1.000000 -1.000000
357.066803 362.627319
456.453461 378.669830
283.047180 113.446411
408.982208 207.195633
222.124359 316.799469
-1.000000 -1.000000
371.365967 278.174469
53.571053 439.211121
395.584137 226.153030
258.118073 394.179718
197.904968 412.137634
174.887833 380.589355
369.170044 247.409500
195.930771 338.435211
297.279846 242.600800
259.320190 329.973511
289.808685 272.188995
396.544098 258.073944
352.562531 262.017792
423.041626 237.428329
-1.000000 -1.000000
482.531769 201.348969
414.358978 389.785339
449.510681 435.319061
173.435623 329.777252
290.090485 420.252075
274.640503 445.358093
-1.000000 -1.000000
350.899719 347.493805
239.046127 433.322754
369.515045 211.264114
223.808228 335.721985
-1.000000 -1.000000
186.451950 309.452637
446.758636 292.753265
215.597214 418.150391
433.273315 278.191833
79.282944 388.375671
30.458611 347.738708
374.332672 444.032318
396.279266 300.281830
391.400238 194.039001
242.705322 416.534790
237.215424 393.190704
263.749054 345.183044
206.057129 400.522552
278.600342 285.528900
-1.000000 -1.000000
380.678589 194.039581
445.380920 252.509995
148.710297 245.410019
359.241089 210.315033
128.497131 433.071472
383.442841 220.993515
399.733063 378.765900
249.359100 330.938080
372.989105 324.053253
370.659607 417.881226
342.301208 347.764709
-1.000000 -1.000000
439.803955 267.321014
443.189697 343.729645
303.886353 231.596146
358.294922 241.340561
376.643066 297.189636
462.717346 423.251892
464.890228 202.142212
366.980652 452.519897
378.622345 240.764725
355.478851 415.860504
299.345276 345.735809
341.917633 250.212982
461.211884 251.412964
421.176758 261.197815
437.583038 297.812561
266.659882 292.404968
467.487366 284.319580
-1.000000 -1.000000
275.962921 339.180481
374.897400 404.526428
453.975922 352.774567
474.870270 436.139862
231.105637 353.417480
-1.000000 -1.000000
263.160400 69.635056
386.008789 313.387695
351.001129 330.188416
326.131439 337.979126
-1.000000 -1.000000
186.436096 78.606499
399.118225 143.985596
139.137970 270.205139
425.768982 384.512085
296.794373 260.134674
-1.000000 -1.000000
416.429932 286.783081
458.182648 366.922760
263.276703 89.020096
347.953552 377.172699
367.822632 393.210785
441.321228 445.635742
412.196381 356.468567
432.316864 437.120911
-1.000000 -1.000000
451.722595 322.552063
405.532104 392.868622
283.441223 386.256836
392.897125 334.140594
268.792938 366.680298
165.071213 125.361443
476.156799 401.758606
413.593750 413.994812
234.432129 338.878784
277.922638 433.103088
455.714783 343.997406
250.560532 433.631012
418.747101 204.959946
361.898743 428.638763
210.969055 82.600662
351.842346 196.307831
-1.000000 -1.000000
396.671417 289.776001
284.237427 258.933228
324.063599 425.980804
475.355011 424.098389
196.957016 326.418701
283.092194 64.771286
367.365997 381.917450
468.322083 371.980469
272.135437 131.855972
373.250702 168.607147
252.089844 450.961334
80.633606 398.234100
-1.000000 -1.000000
232.155563 370.546997
299.992279 322.889313
391.020996 418.872955
170.535828 238.506058
352.398682 185.453629
424.819672 279.368713
198.491425 63.334858
173.442184 136.747345
479.842926 346.126526
411.803833 345.264893
477.791626 392.310242
381.178345 435.093658
55.709019 448.526703
437.819672 308.558441
436.888550 376.897064
461.782745 354.003326
295.850037 143.229080
-1.000000 -1.000000
364.393036 131.478165
280.412384 275.758820
288.366547 447.488434
431.047424 425.831573
283.891724 127.105713
245.233002 402.786957
399.202087 207.247070
372.675537 229.619431
157.398804 152.718140
456.102936 453.885590
301.378357 274.480988
187.648682 381.096405
-1.000000 -1.000000
393.280426 345.561737
188.880829 426.707031
382.841949 321.806183
152.338074 259.221008
413.136780 425.094116
296.263550 306.743378
405.330994 317.493073
442.931000 278.134399
128.033783 245.992508
339.535278 358.431488
-1.000000 -1.000000
289.056885 283.124634
425.184235 154.264130
152.539520 135.341248
415.446350 302.355957
-1.000000 -1.000000
454.599335 309.204956
196.509628 84.558327
234.508133 279.424133
-1.000000 -1.000000
165.164139 79.359810
471.274231 193.999084
457.231018 390.110718
389.543884 153.943329
180.047867 111.039345
-1.000000 -1.000000
301.919891 294.692932
371.106689 338.064941
129.219391 442.694519
460.467621 266.068542
318.709229 415.557190
222.903061 401.878693
261.377777 431.272614
412.422943 219.660202
455.222870 173.466492
469.218781 447.389069
168.135620 162.816849
135.640244 279.502716
448.831573 365.796387
293.146423 125.258507
168.480133 347.350464
404.180176 403.461945
159.325607 108.023582
269.564392 378.679138
360.522949 320.625397
404.977325 163.844009
313.715607 219.623947
319.604126 193.690216
322.175934 210.449478
424.577698 320.586304
463.354889 175.020508
324.186340 130.026245
471.081482 332.581238
252.709946 416.776642
242.259232 363.435486
307.173950 245.792191
331.970703 250.787338
146.724060 163.289474
137.703934 232.772812
362.115387 353.058105
431.045288 451.556854
374.222351 144.153763
337.770325 223.116653
359.877899 439.206635
292.053131 430.698639
435.235168 256.555145
444.792694 400.082520
243.312393 87.245682
272.769440 88.484322
247.435898 251.465103
352.792816 166.446701
307.892120 262.199066
386.900604 303.026459
401.966492 237.347244
422.896454 395.181366
292.455627 114.079544
326.255951 279.046783
-1.000000 -1.000000
