-1.000000 -1.000000
-1.000000 -1.000000
-1.000000 -1.000000
262.840759 273.531525
-1.000000 -1.000000
351.912048 138.934235
256.760437 258.323792
277.873749 276.591400
-1.000000 -1.000000
-1.000000 -1.000000
-1.000000 -1.000000
-1.000000 -1.000000
290.753326 308.567383
-1.000000 -1.000000
305.664337 314.541840
-1.000000 -1.000000
374.565186 438.530853
349.966431 123.882179
320.695770 323.627625
262.853973 288.695831
247.644882 273.397095
-1.000000 -1.000000
292.938354 278.651093
186.053955 246.017548
286.841278 293.751740
446.288666 398.221558
277.951935 261.405701
175.831467 307.679443
336.918213 138.821976
255.906815 243.146469
426.470886 401.075134
377.973755 364.403290
-1.000000 -1.000000
159.912659 242.960922
353.849182 154.054352
421.966400 321.863647
290.530273 323.347870
400.213501 325.639862
363.181458 366.201477
469.441040 359.700745
172.768082 292.649872
186.047104 230.928604
445.250671 283.162109
241.656845 258.263153
461.112579 282.337097
223.426437 262.197510
334.986816 123.812943
393.002869 354.453247
234.580322 368.551941
305.613922 329.446411
160.705612 307.678192
461.234344 390.485016
157.913162 227.890259
454.402130 367.560944
275.681946 308.445892
437.007263 312.959167
262.578674 377.638580
190.080231 261.096283
206.136459 256.073975
170.258621 277.894470
235.635345 353.660187
416.318329 425.889160
157.724426 292.673065
236.624008 337.178619
155.134918 277.822632
293.033356 263.476410
446.282654 383.383972
441.175171 298.082367
206.145081 240.987747
411.517700 404.009033
469.369873 374.662201
322.656067 338.628326
-1.000000 -1.000000
348.458221 366.065826
221.732330 333.125702
221.294235 247.042450
-1.000000 -1.000000
305.803925 299.766418
262.209564 403.690979
378.075012 349.465027
430.448883 386.128113
159.921280 258.005463
262.626495 362.572906
213.296844 368.523193
385.254333 332.631165
441.367279 413.108521
338.820923 153.954132
415.094513 336.680420
277.646790 381.706024
369.145264 381.117340
422.071442 306.930573
460.130737 297.271240
325.833374 300.902496
401.326569 425.811798
232.695709 277.506500
247.535416 288.440704
220.582016 353.638123
182.893509 322.757690
175.077225 263.121155
293.655975 363.370789
262.684753 347.255768
352.975311 108.880371
430.320038 283.120026
375.886353 396.345032
358.234558 351.254333
403.176361 310.753998
354.275085 380.919434
140.513382 269.877289
277.641083 366.554688
421.758026 357.878784
290.172211 242.227661
206.701523 332.146759
337.687561 339.887787
292.603790 384.744019
292.447083 399.771698
159.948227 212.807999
470.833496 344.591125
464.820923 312.347748
205.303497 353.624359
272.161133 246.082550
208.129150 271.128113
260.885559 425.096222
277.341736 402.742767
392.852295 369.530762
446.268799 268.217102
463.086945 267.508881
234.471085 383.522705
355.453461 329.639862
386.426758 424.729614
144.875916 242.955856
361.223969 396.033234
366.993683 139.061188
323.407501 354.377045
290.086670 338.216003
454.488190 352.589661
305.170868 239.491287
180.080643 215.862427
439.407928 368.291138
448.752960 438.759399
275.343567 323.204010
139.819122 284.967926
345.759949 168.960175
436.867188 327.988892
321.804871 150.900589
303.230652 224.395111
461.097382 405.519897
240.699814 243.077286
245.860214 425.080658
385.349396 317.634338
469.607910 327.585907
213.704620 383.455688
401.293610 296.040344
333.406464 211.744965
333.490814 196.657364
197.877182 368.690460
415.607086 386.022797
247.017746 404.630310
145.734207 307.772827
332.279205 226.689041
338.046967 108.795357
223.611588 398.520172
260.737976 303.496826
365.031830 123.987534
400.429382 281.069305
201.232758 225.912079
452.748993 177.850571
330.560303 181.873566
318.349548 211.616974
328.130707 253.671158
444.491791 242.634323
364.800598 296.239288
-1.000000 -1.000000
230.562714 425.129272
319.882782 135.850861
318.494995 196.554550
346.227356 396.042084
251.652740 332.015503
361.068542 281.027130
308.038452 268.564087
185.999985 278.053436
329.032532 268.532562
307.551544 344.432770
292.103363 415.038727
276.952698 425.189178
370.245300 334.683563
437.842651 173.736343
441.620514 219.417511
323.728333 166.766449
327.938538 284.569702
303.302307 209.534836
221.243652 231.903503
232.590897 292.415985
307.926361 283.606689
348.697021 183.965378
167.729996 322.715027
-1.000000 -1.000000
368.843109 154.211349
390.532867 397.841766
222.939255 318.013428
371.939209 411.388947
454.763367 327.241547
384.580658 148.207596
339.384979 381.099213
256.033600 228.097961
380.627167 169.615189
315.554199 181.750580
191.323105 307.816223
362.539917 311.560150
409.651825 253.933853
379.522797 300.529449
335.816650 323.939362
455.922546 425.521942
452.866760 162.847809
307.338013 403.944336
-1.000000 -1.000000
343.075958 285.954437
424.649414 253.936386
459.199158 252.631607
348.650116 198.808105
415.365173 281.208710
456.584778 208.633652
429.724335 343.019226
189.976044 353.759430
467.733948 182.016830
142.852829 227.826721
439.775757 204.429901
198.489014 383.527832
395.193726 176.707123
399.760925 238.523712
363.083923 264.799591
307.691742 383.976654
308.730103 166.626480
181.714905 86.969421
459.320343 237.683807
125.637283 265.998627
437.855804 189.012100
368.102112 108.975952
394.688568 253.631165
414.838257 238.826233
348.639008 213.894577
399.199615 148.318558
347.825775 301.156219
207.829849 316.996155
429.708008 238.207718
467.873413 167.005066
166.692719 86.961197
208.128998 398.395111
388.382538 133.148422
306.832458 151.736511
343.236694 242.031708
384.866791 238.403549
360.681274 169.476166
275.241699 231.000854
437.904541 158.720123
217.411377 286.327209
385.717926 285.719696
129.757233 250.938873
169.452789 130.218628
154.431274 130.215149
144.931381 212.883316
191.200699 338.917267
300.455994 194.491394
182.514023 368.468079
151.524567 97.124962
307.129852 419.098541
237.927811 316.974091
410.119598 181.871857
393.028076 197.054184
188.517319 292.862946
360.195129 250.164719
178.594284 102.139000
403.110626 133.346161
215.236877 425.215820
158.281555 157.241119
183.735947 72.010849
344.162842 256.813812
319.986847 120.799622
363.783173 193.231339
173.302826 157.239822
424.808807 204.222961
417.870087 222.813156
410.371338 166.672958
217.004913 302.057465
379.761383 253.434082
143.221802 156.195007
385.735626 270.584717
163.548447 113.058723
183.328461 383.693359
168.706848 72.000153
358.555542 235.171951
324.317993 369.452393
393.889313 216.575577
159.213608 172.209991
148.448746 114.069321
184.526932 130.186493
174.728973 353.456451
151.559036 82.088341
390.419281 118.128494
127.754135 235.883713
323.400238 386.182220
357.057892 411.185455
144.181503 172.168655
409.889923 204.102829
174.281815 172.252670
363.871216 211.097488
-1.000000 -1.000000
304.946136 136.458649
340.013000 411.083282
125.081245 281.240753
323.064789 400.981964
414.268463 148.601547
405.081268 118.325417
139.252533 141.045578
160.012512 197.967850
175.949463 338.547913
258.528290 103.089485
153.642838 67.006714
322.206299 423.106750
378.449799 184.828217
276.509064 135.288635
379.174164 218.567734
-1.000000 -1.000000
193.045181 398.415894
-1.000000 -1.000000
273.569000 111.028061
261.463684 135.277603
144.997955 197.989227
199.893127 424.901001
288.238495 216.143311
258.444214 118.008957
418.172333 133.564743
196.978043 86.966232
378.432983 199.684082
-1.000000 -1.000000
243.237564 111.320297
193.835068 102.053566
305.011261 121.429604
433.245758 143.816437
130.633774 300.156891
175.422668 199.998032
293.482117 169.139145
246.000473 133.138474
199.018234 71.927490
152.772171 322.854736
452.846252 147.821167
127.743256 220.757568
273.977448 96.033775
182.849884 56.900608
291.830811 152.230438
167.493011 368.444183
276.784332 151.354965
129.772354 199.768677
195.166351 210.882965
288.644409 119.918251
188.613602 145.302444
276.688049 168.559036
285.172180 201.036591
261.733063 151.317780
261.618591 167.485825
-1.000000 -1.000000
356.125000 93.688675
114.642410 250.843353
341.070343 93.688148
168.328766 383.657104
305.230011 106.209946
128.879120 182.912674
-1.000000 -1.000000
288.870087 104.956848
285.332977 184.283585
273.324829 215.968140
420.015045 118.507912
270.549561 183.344879
243.233490 96.193726
178.057632 398.447540
383.440704 103.232430
160.863892 338.358948
116.072586 296.195038
198.046280 56.853783
133.264374 126.099007
258.467285 88.093521
127.998749 167.849487
435.191925 128.637207
159.693222 353.353912
240.835999 228.049698
397.863007 103.346542
110.481911 265.979187
184.946472 413.709747
216.363022 216.772018
189.657028 160.243011
227.893433 98.084419
243.156097 81.097717
258.382172 73.150009
110.328560 281.042480
227.707321 75.087532
243.037628 65.790497
112.655365 235.883270
255.323563 182.271606
136.431396 99.027611
221.833221 59.504997
212.318832 86.971313
130.903259 316.453979
412.126831 103.495438
270.374207 200.961670
167.832535 51.862404
275.195435 81.129967
289.841919 90.130142
258.546875 56.948071
450.462189 132.909073
228.070450 113.209473
189.860596 175.071915
136.484955 83.856155
323.535522 105.420845
213.496185 101.795799
274.890686 65.723083
138.553375 66.773438
210.957504 200.579880
231.197479 126.806000
155.483521 438.585938
200.058304 115.827805
191.513229 194.671875
-1.000000 -1.000000
236.761795 210.780121
40.293987 305.135986
-1.000000 -1.000000
188.716476 41.467709
245.992783 148.184509
123.949310 152.893890
40.133820 290.168701
112.499420 220.919678
-1.000000 -1.000000
