-1.000000 -1.000000
-1.000000 -1.000000
-1.000000 -1.000000
280.982605 249.584183
-1.000000 -1.000000
397.410400 149.732697
274.690277 232.919495
299.871429 253.882294
-1.000000 -1.000000
-1.000000 -1.000000
-1.000000 -1.000000
-1.000000 -1.000000
317.896301 285.530121
-1.000000 -1.000000
333.084656 290.038452
-1.000000 -1.000000
-1.000000 -1.000000
396.605225 134.811279
345.485229 301.912323
280.415771 266.944275
263.634857 254.934830
-1.000000 -1.000000
322.022736 254.282654
187.045227 234.145325
313.249451 271.452942
-1.000000 -1.000000
302.910706 236.078400
142.451981 293.041199
387.060913 143.963470
275.260803 216.542297
-1.000000 -1.000000
368.896423 380.138214
-1.000000 -1.000000
152.995361 228.011429
397.877502 166.609482
403.124695 369.799042
317.078186 300.985687
391.064758 364.110413
359.750031 374.697754
420.387848 438.901245
142.723312 278.264252
186.678787 213.328171
423.770569 352.754639
258.191162 237.455017
429.669952 357.735687
229.971207 244.145935
386.185364 130.312439
382.156311 382.916931
213.751587 367.732880
328.636353 306.082458
127.457855 294.827087
-1.000000 -1.000000
152.087601 210.633163
408.909332 438.974243
295.134705 286.731476
415.919556 372.940979
249.473984 372.600311
192.066360 252.007370
208.866791 238.410416
151.172043 265.491211
216.827774 352.531952
-1.000000 -1.000000
127.836121 279.918365
223.300140 326.030151
133.329178 265.832581
323.735535 239.602936
-1.000000 -1.000000
420.702850 364.169891
209.402496 218.847336
-1.000000 -1.000000
-1.000000 -1.000000
338.173737 315.656036
-1.000000 -1.000000
347.603668 371.993561
206.155396 319.988007
227.825363 222.114868
-1.000000 -1.000000
334.364532 273.172821
236.044342 401.713654
369.986237 367.727234
390.983734 438.173431
152.220932 246.594955
251.103699 355.944580
185.560974 368.649261
378.099518 361.493317
-1.000000 -1.000000
388.274445 156.929108
397.554810 382.669464
267.835876 375.816711
362.653107 393.027771
404.312836 357.453064
427.269348 374.352295
353.403351 281.931885
-1.000000 -1.000000
245.002136 263.923889
263.719360 270.516235
197.115814 352.414520
145.789764 308.266785
171.841248 254.329910
287.939178 344.202301
254.017838 330.694275
398.534729 118.706879
413.966370 343.712341
363.345398 407.873138
357.840790 357.306152
392.650421 349.553589
350.532288 388.702759
122.357155 259.759644
269.628662 359.463348
394.849213 403.006195
323.175110 218.007034
186.982025 324.364746
348.737091 322.782471
285.012299 374.762054
278.728699 393.222626
155.562973 195.166916
420.740021 429.011414
424.799652 389.817017
176.810684 354.564941
301.209229 218.653275
210.660187 256.999481
212.393570 438.414948
256.353485 400.566589
378.483673 396.687897
424.104340 337.667053
431.948853 344.504242
210.021530 383.939148
361.766968 328.365112
-1.000000 -1.000000
136.518951 231.739700
353.530426 405.252533
405.619629 155.569641
328.985077 330.675232
304.938812 314.304749
410.799957 423.834320
339.626923 223.342178
180.119659 195.976410
396.643616 424.496338
-1.000000 -1.000000
285.955353 299.823273
112.258934 274.453644
392.742462 170.045547
412.229187 386.808319
374.391968 149.431290
341.712982 207.667816
-1.000000 -1.000000
257.521423 218.810867
193.323608 438.625702
379.479889 342.585846
420.269562 411.741669
176.168472 383.477997
392.170654 333.715149
374.249603 202.574875
377.959442 187.275253
151.433899 375.384644
383.570312 432.073029
208.983490 400.852264
112.326675 298.496765
371.463593 212.984039
386.674957 116.292549
176.394455 399.285797
275.874786 282.867401
406.283173 138.319916
394.110718 316.342407
205.204636 204.254852
448.784698 235.236389
377.470215 176.432770
359.327454 199.946960
362.404907 237.709579
423.895599 311.010071
375.333282 302.604523
-1.000000 -1.000000
-1.000000 -1.000000
373.586853 135.511887
363.849823 184.197357
340.306274 401.600616
243.678314 311.807831
378.328003 288.364441
338.579712 247.816544
187.784821 270.714600
359.510590 254.902481
319.334991 319.188751
262.749329 412.789093
237.022247 428.895996
365.462616 347.700470
438.597229 227.694931
428.690552 283.550262
375.271301 158.503464
355.765350 267.991333
344.709045 196.269852
231.271606 205.253433
241.434494 278.928986
338.552032 256.316315
393.134949 185.086700
130.977737 311.425598
-1.000000 -1.000000
403.127350 174.196594
366.542908 415.863281
212.538467 300.969238
350.256165 429.708130
418.564880 400.510010
411.471497 172.446274
337.617554 384.883514
280.259552 202.961319
406.176971 197.834015
363.052734 174.238037
170.033051 293.935059
368.589539 314.744598
407.383972 296.994812
379.251495 318.244324
355.807159 308.072784
-1.000000 -1.000000
454.632965 221.248154
293.993256 394.892975
-1.000000 -1.000000
365.559052 280.850220
414.441986 306.399384
430.392120 327.214813
389.782074 198.050415
402.325256 322.412231
440.968109 279.559479
403.675323 395.498322
142.553879 358.616730
-1.000000 -1.000000
134.846115 216.844513
431.656586 271.811188
139.118057 388.083710
413.557251 215.186844
407.187744 277.153168
383.902283 280.122620
308.993622 372.838745
360.027893 156.485367
185.199966 103.687462
433.515564 309.955780
108.407837 257.235718
435.438293 253.837036
411.847595 120.112617
398.875244 287.328949
416.897522 285.418915
387.781647 211.628723
424.975922 188.557159
365.411926 294.623108
192.871292 302.660065
421.106293 295.189880
-1.000000 -1.000000
170.807877 102.760788
142.201355 407.187866
417.680969 151.761902
356.897339 149.469711
376.591736 235.915436
398.093750 270.881409
398.902588 182.481064
307.160309 205.402008
444.573212 210.668060
217.496613 272.179688
389.211914 309.473236
115.306747 241.653992
168.723709 139.483093
153.711197 139.501633
138.426941 203.800766
152.834412 345.357178
346.484589 180.583405
128.505005 374.393982
155.489166 111.137398
279.631409 413.015778
234.717850 297.800568
420.744995 228.616058
408.912506 228.206253
176.610306 281.134186
381.557983 260.870605
181.354675 115.961945
431.424622 167.217331
-1.000000 -1.000000
154.044540 163.672485
188.297882 91.316757
371.907745 252.593307
374.663422 122.457268
397.824280 204.654709
169.048935 163.862686
427.287903 263.670593
422.203247 273.968811
425.932892 215.727844
206.953354 285.480225
394.916565 278.841522
138.809616 162.665649
393.797852 296.039520
166.268860 122.074707
122.438332 391.998169
174.053040 90.470314
383.778931 239.862183
326.123993 346.696686
406.036041 248.311783
153.868103 175.461746
151.174988 122.916924
184.257111 139.569366
126.351196 359.038208
157.378036 96.673286
428.484467 142.108566
113.490784 228.369675
322.439697 378.122101
341.218628 418.088867
138.055634 175.321564
419.419434 243.383163
169.515121 175.729126
393.978302 219.233810
-1.000000 -1.000000
343.679749 149.520279
326.250549 406.083679
101.086937 270.847351
317.923981 392.423859
436.363922 200.315155
436.628174 147.798813
137.541077 147.166077
156.133041 184.258423
133.202438 341.189270
296.673676 107.668060
160.601990 84.089088
299.186066 413.068329
406.300629 210.282990
313.825439 133.575989
397.292755 239.199295
-1.000000 -1.000000
126.996971 411.521576
-1.000000 -1.000000
313.653290 110.141655
299.305450 136.563522
137.356369 192.755188
-1.000000 -1.000000
319.441864 200.269714
297.801331 120.747375
443.219818 179.560730
199.034607 105.951843
403.604095 221.804947
-1.000000 -1.000000
279.511841 126.955681
195.751953 116.728897
346.570496 141.510422
451.037781 200.220566
100.735161 289.460175
175.176544 183.545166
325.920837 170.071091
285.214325 142.419296
201.638855 92.181984
115.179497 324.643585
460.022675 207.787155
115.983734 212.705719
312.443848 95.378181
186.757767 77.099663
325.968475 152.959564
113.206177 381.042694
311.965790 151.257675
119.954880 196.459442
198.705933 191.028137
326.833008 118.561890
186.848282 152.599487
309.060303 168.476746
314.342010 193.333557
297.476410 151.729584
294.660583 168.199493
-1.000000 -1.000000
402.747528 103.112617
99.465622 242.497452
388.746765 103.045578
105.856133 431.998322
346.971985 125.163811
121.120880 183.442993
-1.000000 -1.000000
328.541656 102.860046
314.841766 183.540817
306.433319 198.516495
443.438141 152.033585
299.345154 183.157333
269.633331 116.540947
110.980377 426.223999
434.173035 127.428169
117.788452 346.395721
93.168091 288.860413
200.329376 77.202171
131.711243 136.147461
284.434875 98.835442
122.473091 167.807968
459.085083 184.790588
111.183861 366.298096
257.725800 202.581329
445.526428 145.308701
94.252533 258.989777
112.301437 438.586975
229.605103 192.016327
185.519653 167.771881
247.309753 125.736504
264.530884 101.245689
279.526123 89.028183
91.802307 275.541718
247.228119 98.303505
265.015198 82.092194
98.162521 229.864853
283.191925 180.464767
139.409286 112.313286
237.131256 92.124596
212.050949 114.638435
-1.000000 -1.000000
446.899353 144.378403
297.992401 193.477692
172.166290 71.734535
301.701416 85.421875
328.002502 87.448601
281.913055 74.126778
-1.000000 -1.000000
272.495544 152.629440
188.773361 175.882019
145.258377 92.097466
371.472443 111.289017
210.776550 136.927383
293.715485 78.422890
146.263458 87.237732
228.775391 186.398407
275.816681 163.992203
-1.000000 -1.000000
200.689789 127.130928
202.344818 180.169632
-1.000000 -1.000000
260.283691 190.293716
-1.000000 -1.000000
-1.000000 -1.000000
188.751938 66.366104
285.453613 159.488617
119.317879 159.425919
-1.000000 -1.000000
102.204247 208.858551
-1.000000 -1.000000
