206.405289 236.832520
166.530838 222.145920
250.535538 280.813995
192.660950 261.138550
264.148468 254.443054
310.609406 305.815369
140.100876 257.152313
288.571045 294.662231
333.920715 223.694107
357.257263 141.193665
325.732910 250.638077
342.318359 197.042328
317.882874 278.724121
175.539948 111.736702
349.843079 168.825943
380.515381 128.153519
184.364944 226.788406
438.153809 179.965332
171.750290 152.682892
166.953506 139.049423
183.360672 84.025543
160.138107 165.987152
136.921738 246.627869
389.145630 142.218155
464.613770 203.014709
452.152435 191.674225
148.357605 289.334198
416.845215 165.303497
352.087219 186.812805
213.539764 262.477966
243.146729 247.330612
360.548706 159.609436
173.998978 247.899506
403.328003 154.143799
162.945953 180.876038
201.574768 310.324921
269.970642 393.214233
344.691742 214.499557
336.498688 241.468704
230.946152 383.676605
155.730438 207.503586
240.124176 323.991699
310.666290 224.003296
320.211945 296.065521
315.038635 324.237244
448.464478 284.713013
160.618317 339.351562
417.103424 158.042511
460.559265 365.538147
231.011093 266.449097
297.024506 385.793182
271.586395 281.353607
250.926971 454.817230
177.770462 343.009857
203.003372 358.220551
398.069336 141.220856
-1.000000 -1.000000
298.650116 165.531754
276.851349 379.107239
327.993866 269.456665
216.193344 441.535492
238.761917 372.163788
192.941360 351.096954
143.158661 217.843262
147.919174 233.914642
247.701553 344.263580
415.305267 246.266907
209.219849 393.055450
389.286530 263.490448
180.458496 127.416443
312.339935 391.907318
185.107162 102.750092
455.430634 301.340210
376.529236 378.183258
-1.000000 -1.000000
260.520905 426.824066
426.122375 414.046448
385.440216 278.304993
151.077957 191.662827
208.485291 331.609344
439.869812 336.609436
-1.000000 -1.000000
363.679413 281.338654
382.659119 445.365051
351.141174 397.690613
190.812805 427.490204
171.487686 421.725037
453.223785 420.432953
395.422760 367.595886
221.037872 415.120239
371.025024 235.421921
462.936981 233.102676
412.900421 329.153534
397.424316 219.087677
413.684570 419.570709
388.262115 211.775452
205.705231 370.076996
408.888000 450.604370
358.524048 296.299805
467.143463 342.204620
244.533157 384.221649
372.685638 394.379791
-1.000000 -1.000000
416.995148 364.072052
429.637573 179.650803
466.811035 385.744446
410.893738 261.844604
456.108276 252.521255
424.080414 165.409805
420.717010 348.148163
411.981079 282.655579
217.507339 453.049103
124.643646 275.393555
333.494080 328.509613
205.745712 434.715057
420.648651 204.842270
464.843750 318.346405
169.075134 370.901642
369.701691 361.348419
367.329041 312.073273
430.510712 448.199127
-1.000000 -1.000000
248.172531 407.680511
434.181610 431.480042
366.856781 224.665710
-1.000000 -1.000000
376.802185 186.784592
369.997070 199.205536
390.776337 184.970108
456.796631 203.025497
443.212494 191.691574
354.387512 410.227692
-1.000000 -1.000000
196.839737 390.982880
363.479126 258.288025
261.775024 86.607986
280.603027 257.398163
291.334869 376.422089
312.743591 441.853363
398.673920 380.392578
295.256287 435.437225
283.822540 350.437073
-1.000000 -1.000000
405.474701 312.516907
301.025360 358.489380
284.287811 117.599648
162.278488 311.919861
363.416656 436.071808
182.122192 452.545715
456.026886 433.752289
442.909363 350.456635
389.069153 240.439896
-1.000000 -1.000000
395.566010 173.328415
408.635925 228.444229
230.268951 251.044159
454.632111 353.707397
311.216309 382.581848
288.038116 412.823883
211.882080 381.655243
-1.000000 -1.000000
471.802643 240.439072
172.991653 257.761841
270.933044 405.234985
-1.000000 -1.000000
380.291656 401.040833
-1.000000 -1.000000
213.802429 351.793365
251.708755 364.945038
424.557770 371.276428
395.488129 320.784821
373.121216 425.909332
246.071396 269.534851
180.240753 319.702240
400.751068 337.828278
213.071960 272.606049
-1.000000 -1.000000
188.247665 249.737671
458.670776 335.702637
360.970856 342.440247
175.623337 394.631256
208.968292 318.980560
411.893951 389.711517
162.864075 300.237335
316.714111 344.921173
216.827377 245.535736
-1.000000 -1.000000
355.635468 366.994934
448.183533 399.511230
296.780701 115.239357
414.731567 220.176575
220.890732 316.133026
-1.000000 -1.000000
375.365295 285.394714
-1.000000 -1.000000
401.209381 237.802170
251.825623 396.833008
186.431610 417.100311
163.732437 382.329651
374.767487 255.577484
191.025497 340.029816
303.169830 243.113785
259.525696 329.809448
293.648804 271.369568
400.766510 268.826935
357.486664 265.710663
427.032532 251.409515
-1.000000 -1.000000
485.450592 222.422180
407.830109 403.982361
437.912201 454.498199
166.837036 331.459015
282.963074 423.362640
263.132568 448.816376
-1.000000 -1.000000
350.878174 351.672211
226.346359 436.888214
377.892059 217.886627
220.692596 335.983032
-1.000000 -1.000000
182.562576 308.199921
444.531464 309.682587
204.501053 423.158447
434.192932 293.860352
35.065765 423.194977
-1.000000 -1.000000
365.588379 452.242279
396.831360 311.913635
400.089111 203.289001
231.767090 420.538971
230.327545 395.758026
263.082458 345.852570
194.126373 403.422943
283.140930 284.733307
-1.000000 -1.000000
389.577393 202.126785
445.780975 269.260773
147.448532 243.249878
368.383575 215.769135
-1.000000 -1.000000
389.131256 229.994324
394.196014 391.183075
248.376923 330.817322
374.145538 331.728485
364.755859 427.369049
344.204437 351.689362
-1.000000 -1.000000
439.526794 285.600922
437.701141 362.277283
310.527100 232.343887
363.256592 246.491425
377.610626 305.022125
451.319244 445.629242
468.163940 221.133041
-1.000000 -1.000000
383.669220 247.511078
349.892914 422.464539
299.286407 345.510132
347.684937 253.394913
461.721222 270.767639
422.238220 275.369965
435.010651 314.945160
269.677277 291.319611
465.440430 304.091949
-1.000000 -1.000000
274.817230 338.932922
368.927795 415.117432
448.048889 372.546844
-1.000000 -1.000000
227.346588 354.612610
-1.000000 -1.000000
271.813171 70.647591
387.914398 322.758331
352.290863 336.873993
326.414459 342.792755
-1.000000 -1.000000
193.487762 80.804695
409.542419 154.498505
137.153641 268.427734
417.842987 399.880829
301.852661 259.534149
-1.000000 -1.000000
417.404785 300.349701
450.077637 385.744110
272.011719 91.397011
345.803741 381.508698
365.082214 400.318695
-1.000000 -1.000000
409.067657 369.615448
422.532928 453.722839
-1.000000 -1.000000
448.179840 341.728149
399.492615 406.764160
280.773712 388.623169
390.579803 344.698730
266.177795 368.198090
170.503708 125.744041
466.147064 424.204956
405.080475 428.628967
231.700562 338.648376
268.151031 436.966614
449.378906 365.083740
239.663177 436.074738
425.096710 217.625198
356.599884 436.127167
215.328293 87.689995
361.213654 200.705109
-1.000000 -1.000000
396.318390 302.976013
289.414581 258.520294
319.736572 429.587494
462.536407 448.856140
192.872192 327.688019
298.929260 66.966431
365.432587 389.250122
459.892670 393.739319
284.344940 132.987564
383.181030 175.126450
-1.000000 -1.000000
35.744415 430.138031
-1.000000 -1.000000
228.148254 372.778076
305.450104 323.924561
384.434723 430.520844
171.687668 236.572693
362.720764 189.042145
425.027039 295.329041
206.502930 68.746414
177.296082 137.833099
472.755310 369.924225
409.795654 358.456421
467.814209 415.413208
372.012726 443.204834
-1.000000 -1.000000
435.146057 325.550690
430.524292 393.263580
454.138245 374.407013
304.891083 145.186966
-1.000000 -1.000000
376.372284 138.070328
285.888062 274.655304
278.372986 447.941315
422.282196 442.469788
294.885986 128.164124
236.481339 403.630737
405.642822 217.409561
378.881836 235.798248
161.682205 152.408218
-1.000000 -1.000000
310.250061 274.475830
176.381531 383.725342
-1.000000 -1.000000
390.778473 357.720123
174.335495 431.885895
381.461487 330.837372
150.446014 255.657211
404.287262 440.880066
302.576569 302.661865
402.412170 328.426086
440.945435 293.348907
127.779930 242.960037
337.910645 360.535187
-1.000000 -1.000000
292.806641 282.354492
433.847565 169.673492
158.559967 134.947998
415.515564 316.354584
-1.000000 -1.000000
452.265686 328.135681
203.315506 85.246025
-1.000000 -1.000000
-1.000000 -1.000000
174.868591 80.171165
475.545532 215.090881
449.145386 415.415253
400.398193 164.144073
185.304001 112.739288
-1.000000 -1.000000
312.575043 290.540955
371.246674 345.999664
-1.000000 -1.000000
460.242004 286.204681
314.776062 418.098053
212.336090 403.675171
250.722702 434.797943
416.710052 229.310577
461.544037 192.720459
-1.000000 -1.000000
170.744324 162.957825
133.811493 277.051636
442.239166 386.480774
303.711823 127.726883
161.086197 348.689758
397.132843 417.818542
167.132141 108.173645
266.658875 379.692200
360.621460 327.512207
414.216827 176.819458
326.330994 230.783508
335.010864 188.620224
336.701111 210.673203
422.728607 334.159393
466.746429 193.609497
-1.000000 -1.000000
464.935760 354.488953
-1.000000 -1.000000
237.841354 363.898132
310.683228 259.301025
334.836029 254.775650
151.475769 162.057587
138.084122 231.276306
358.954132 356.247559
-1.000000 -1.000000
385.940796 153.126144
342.543488 227.473740
353.074341 447.931915
284.632935 437.312286
436.075745 275.107056
436.226898 417.023102
255.212616 89.614922
281.501801 90.242714
250.932068 249.457520
360.674896 172.610291
313.721375 266.993927
387.974487 316.093292
406.493073 250.441147
413.587036 407.180115
303.572052 115.410141
326.109894 282.390747
-1.000000 -1.000000
