-1.000000 -1.000000
-1.000000 -1.000000
-1.000000 -1.000000
280.958069 246.865967
-1.000000 -1.000000
396.275024 149.522659
274.658966 230.179962
300.118896 251.354218
-1.000000 -1.000000
-1.000000 -1.000000
-1.000000 -1.000000
-1.000000 -1.000000
319.151733 281.782440
-1.000000 -1.000000
334.457428 285.951050
-1.000000 -1.000000
-1.000000 -1.000000
395.521454 134.418594
346.680115 298.196564
280.400848 263.826324
263.585602 252.954605
-1.000000 -1.000000
322.751709 251.207657
185.684525 233.772781
314.280823 267.947418
-1.000000 -1.000000
303.284027 232.921585
139.487839 292.464386
386.255188 143.467880
275.240723 213.742218
-1.000000 -1.000000
368.559662 378.903503
-1.000000 -1.000000
150.862717 227.638962
396.609894 166.679230
400.328918 370.706238
318.396729 296.956848
389.125946 364.048615
359.562225 373.095062
415.317871 438.900146
139.816025 277.607727
185.374069 212.607925
419.249084 354.804291
258.155975 235.670944
424.593994 360.133698
228.861191 242.723511
385.281494 129.749237
380.753021 382.175140
212.833984 366.475586
329.829071 301.881378
124.432167 294.464996
-1.000000 -1.000000
149.899002 210.140869
-1.000000 -1.000000
295.533600 283.300201
412.083435 374.552002
248.998642 370.534729
190.868011 251.204422
207.707458 237.207932
148.708481 264.844025
215.926224 351.231537
-1.000000 -1.000000
124.871582 279.451477
222.528229 324.779114
130.505280 265.337860
324.444214 236.288818
-1.000000 -1.000000
416.323761 366.101532
208.185547 217.421799
-1.000000 -1.000000
-1.000000 -1.000000
339.101868 311.626831
-1.000000 -1.000000
347.808533 369.954041
205.030426 318.569092
226.859894 220.342758
-1.000000 -1.000000
335.571716 268.909912
235.028381 399.823853
369.696167 366.622894
388.258911 437.935516
149.915375 245.996048
250.633499 353.962067
183.980774 367.667969
376.861084 360.731567
-1.000000 -1.000000
387.467896 156.502319
394.982300 383.216278
267.506958 373.561584
362.429810 391.677734
401.478058 358.462341
422.148163 376.630096
354.362946 278.741333
-1.000000 -1.000000
244.751053 262.240997
263.701477 268.045990
195.717590 351.299622
142.810776 307.740570
170.090591 253.762421
287.947845 341.768616
253.576630 328.420410
397.620697 118.243469
410.398651 345.364227
363.058167 406.312531
357.806396 355.721497
390.589508 349.505646
350.699097 386.656128
119.542564 259.430725
269.337372 357.286865
392.262512 403.329224
323.678772 214.833633
185.524811 323.465881
349.697815 319.310120
284.826630 371.953186
278.415771 390.589081
153.106598 194.672623
415.457642 430.878662
419.278259 392.436584
175.271484 353.772614
301.618530 215.456146
209.419998 255.563110
210.957169 438.096344
255.771667 398.566650
377.142761 395.916595
419.473633 339.294403
426.777588 347.055664
209.025696 382.765839
362.195374 326.007568
-1.000000 -1.000000
133.950195 231.617126
353.670654 403.194580
404.199951 155.682693
329.865265 326.626007
305.450531 310.255676
406.689056 425.490784
340.076050 220.585678
178.549286 195.097061
393.485962 424.966766
-1.000000 -1.000000
286.005157 296.202911
109.291710 274.225128
391.891510 169.806335
408.731201 388.250336
373.911072 148.424713
342.070068 205.061768
-1.000000 -1.000000
257.583679 216.794418
191.413727 438.413513
378.009766 341.837952
414.742126 413.730927
174.561005 382.732117
390.016083 333.359528
374.285797 200.672867
377.815277 185.693390
148.905731 375.285248
381.319000 431.528992
207.919205 399.824768
109.255196 298.386475
371.558319 211.192963
385.812622 115.711258
174.445847 398.578644
275.978943 279.813416
405.030823 137.892197
391.768524 316.094147
203.995117 202.979858
444.443634 237.965164
377.224579 174.943817
359.467957 197.505310
362.838531 235.201248
418.667114 312.729309
375.637390 301.289856
-1.000000 -1.000000
-1.000000 -1.000000
373.071381 134.560211
363.778137 182.109711
340.580200 399.396790
243.122391 309.462494
378.326141 287.208954
339.304077 244.477371
186.511749 269.837952
360.087799 252.097183
320.146515 315.080505
262.204346 410.798370
235.767395 427.269714
365.345276 346.095428
434.367828 229.746292
423.757965 285.229950
374.831512 157.235886
356.607300 264.739319
344.887634 193.898712
230.526077 203.284851
241.165482 277.169800
339.457764 252.624603
392.474884 184.573822
127.876129 311.072571
-1.000000 -1.000000
401.336823 174.596176
365.966156 414.402466
211.714554 299.014984
349.914062 428.049896
413.258942 402.536469
409.031525 172.547531
337.969574 382.555603
280.172546 199.969498
403.809631 198.435806
362.864349 172.301865
168.299423 293.113037
369.301331 312.874969
404.171051 297.675507
378.153931 317.249512
357.045410 305.153015
-1.000000 -1.000000
450.762299 224.023865
294.091949 391.739471
-1.000000 -1.000000
366.053345 278.677979
410.814056 307.474579
425.117249 329.500427
389.362488 197.071274
399.602722 322.626953
435.922455 281.895905
400.828796 396.341827
139.088013 358.447998
-1.000000 -1.000000
132.238068 216.707230
426.719574 273.986877
135.534592 388.131287
410.106140 215.846893
404.175049 277.915985
383.702606 279.561768
309.633972 369.651184
359.758331 154.819199
180.262283 106.773827
428.039154 312.085693
105.558434 257.098663
430.839020 256.503784
410.784851 119.575066
396.605591 287.316101
413.164459 286.505829
387.371246 210.767258
422.075104 189.468155
366.009491 292.356445
191.443344 301.512482
416.280090 296.653534
-1.000000 -1.000000
165.931351 105.795296
138.580063 407.268433
415.739960 151.208817
356.570160 148.041580
376.583588 234.409363
396.130524 270.972107
397.527954 182.634583
307.598724 202.213272
440.633606 212.028458
216.057098 270.538849
387.857941 308.910706
112.472404 241.439774
164.371429 141.755737
149.368896 141.766846
135.759262 204.111053
150.428375 345.192871
346.588074 178.232300
124.941437 374.505432
150.722931 113.972404
279.267029 410.471130
234.185226 295.413849
416.701080 229.731766
405.935120 228.514877
175.245544 280.215973
381.424591 260.150299
176.506592 118.953438
429.236572 167.888107
-1.000000 -1.000000
149.970184 165.680908
183.317307 94.478462
372.099091 250.723953
374.138153 121.655983
396.791718 204.633682
164.955124 165.925034
422.554352 266.090240
417.852966 275.558960
422.028809 217.034470
205.751251 283.810791
393.967468 278.700439
134.724350 164.659271
392.870605 295.628906
161.538498 124.806747
118.809555 392.295868
169.079163 93.634201
383.375366 238.949570
326.903503 342.998444
403.144989 248.464523
150.352615 176.102768
146.624985 125.362167
179.755249 141.954056
122.856628 359.091461
152.465134 99.656105
426.742432 141.630920
110.544502 228.507187
322.926544 374.941254
341.294556 415.943115
134.184616 177.049103
415.359894 244.425583
166.182861 175.956955
393.044922 218.729919
-1.000000 -1.000000
342.312622 149.938110
326.523987 403.248260
98.098175 270.776855
318.487549 389.207458
433.182892 202.131760
434.990753 148.292221
133.320358 149.238373
153.359451 183.938507
129.872055 340.965515
294.912720 107.597084
155.709595 87.182274
299.230225 410.269836
403.806396 210.713516
312.369965 133.257874
395.520081 239.003601
-1.000000 -1.000000
123.265846 411.735748
-1.000000 -1.000000
312.304108 109.733849
297.792053 136.486313
134.255829 193.589783
-1.000000 -1.000000
319.710632 197.159470
296.155670 120.446808
440.591614 180.813492
194.105789 109.142105
401.583038 221.795563
-1.000000 -1.000000
276.807465 129.439636
190.834671 119.832893
345.194458 141.785782
447.572968 201.597321
97.692688 289.257843
173.276306 182.819046
324.406586 170.199570
283.558655 143.517288
196.625412 95.406693
111.946114 324.682007
456.387238 210.568008
112.881706 212.980179
311.087616 95.001419
181.764816 80.281113
324.455322 153.100281
109.600105 381.580475
310.496185 151.428894
116.566940 197.207352
197.367676 189.984573
325.402863 118.127525
182.420288 155.084106
307.519897 168.618256
314.110870 191.081161
295.999664 151.910614
293.151642 168.364182
-1.000000 -1.000000
401.680420 102.509323
96.563583 242.513290
387.752991 102.487160
101.926476 432.223328
345.563141 124.915817
117.486801 184.501587
-1.000000 -1.000000
327.205566 102.476433
313.775818 183.056885
306.881897 195.426880
441.258881 152.421967
297.745972 183.149078
265.457733 118.968803
107.117599 426.472412
432.814697 127.291908
114.378624 346.399994
90.152489 288.636749
195.175476 80.375237
127.513725 138.197952
281.398895 100.828049
118.704048 168.994247
456.131348 187.268311
107.642395 366.504364
257.860107 200.574921
443.824585 146.584824
91.393440 258.939545
108.326538 438.767609
229.203415 190.255951
181.717194 169.484894
242.945374 128.139328
260.334442 103.586708
275.811035 90.931870
88.847328 275.449158
242.869873 100.657310
260.910034 83.888817
95.257980 230.037628
281.563385 180.456100
134.884583 114.820625
232.758408 94.584641
206.945663 118.003807
-1.000000 -1.000000
445.282318 145.743698
297.715485 191.136444
167.067291 74.963440
299.349884 85.083839
326.684814 87.071075
277.788422 75.983597
-1.000000 -1.000000
270.884949 153.123871
186.315277 175.162125
140.478302 94.791977
371.017517 110.350204
206.321823 138.788757
289.431610 78.960144
141.364395 90.300972
228.449203 184.786743
274.165802 164.014160
-1.000000 -1.000000
195.871567 130.159836
201.092270 179.330246
-1.000000 -1.000000
260.536102 188.419205
-1.000000 -1.000000
-1.000000 -1.000000
183.395508 69.646378
283.785370 159.553223
115.479385 160.826355
-1.000000 -1.000000
99.159386 208.991165
-1.000000 -1.000000
