-1.000000 -1.000000
-1.000000 -1.000000
-1.000000 -1.000000
264.676239 273.854279
-1.000000 -1.000000
358.514893 141.247864
258.538055 258.117554
279.889282 277.002747
-1.000000 -1.000000
-1.000000 -1.000000
-1.000000 -1.000000
-1.000000 -1.000000
292.377289 309.170044
-1.000000 -1.000000
307.122437 315.080017
-1.000000 -1.000000
-1.000000 -1.000000
356.744385 126.037605
322.066803 324.460510
264.819641 289.723206
249.084351 273.524963
-1.000000 -1.000000
295.423462 279.295166
186.098328 245.723419
288.692841 294.728088
442.100403 408.498352
280.540253 261.270294
171.837387 306.874420
343.701813 140.542374
258.122314 242.265869
422.991791 410.608459
376.601135 369.465881
-1.000000 -1.000000
159.516190 242.561005
360.207581 156.786682
420.867859 329.981812
291.581635 323.629150
399.997131 332.817841
362.460846 370.619141
466.045868 372.467957
169.464844 291.969208
186.061951 229.913498
445.439392 293.313354
243.163910 258.033539
460.755005 293.076263
224.251373 262.075745
341.988739 125.547707
391.890686 360.490540
231.957672 370.952850
306.652252 329.810303
156.806778 307.065460
457.007355 402.236328
157.500488 226.921783
450.758942 379.290009
277.232880 308.885681
436.202423 321.947083
260.141632 379.973755
190.211121 261.130554
206.411331 255.833725
168.911026 277.882568
233.194916 356.245636
412.137695 434.346283
154.455673 292.059998
234.317429 337.528137
153.415863 277.548615
296.005432 263.607544
442.245911 393.805450
441.028656 307.863373
206.541412 240.128052
408.134857 412.913666
465.751038 387.395477
323.531036 339.462952
-1.000000 -1.000000
348.436737 369.998413
219.906525 333.404175
221.816910 246.268494
-1.000000 -1.000000
307.584045 300.667389
258.106201 406.452118
377.069214 354.882294
426.952148 395.708496
159.636902 258.002777
260.521973 364.521301
210.168076 370.990173
385.021301 339.282349
437.396790 423.125580
345.259918 155.973160
414.363220 344.270477
275.487518 384.078674
368.222534 385.523621
421.374512 315.360016
459.717529 307.987640
327.764862 302.370361
397.032623 433.452972
234.437057 278.417480
248.971451 289.203461
218.028198 356.309357
178.247696 321.919708
175.291687 263.541656
291.254944 363.802185
260.611176 347.475342
359.658936 111.036285
430.682220 292.698090
373.935303 401.249451
357.737488 355.664490
402.885498 318.215759
353.820496 384.770691
139.553833 269.653564
275.547211 368.328186
419.588562 366.080841
293.776001 241.523392
204.763092 332.685394
338.384949 341.830963
290.308746 387.228241
289.284973 402.581421
159.855942 211.547974
468.045898 357.180786
463.161224 323.315735
201.980103 356.413635
275.630585 244.876053
208.398895 271.184235
255.029373 430.094757
273.692657 405.532104
390.989258 375.619110
446.544617 278.450775
462.536011 278.762848
231.406082 385.880585
355.552094 334.606354
382.573334 431.781647
144.441055 242.699905
360.322784 400.157318
373.782990 142.259689
323.155975 354.753906
289.778839 338.018921
451.197815 364.364807
308.803375 239.876541
180.325104 214.456940
435.780640 378.139465
-1.000000 -1.000000
275.705780 323.087769
137.277023 284.837463
351.936218 170.823059
435.399445 336.833374
328.272583 152.639359
307.308868 224.302109
456.313660 416.944092
242.186356 242.088287
239.971634 430.273499
385.525116 324.275269
466.597778 339.479034
208.143250 385.819153
401.306641 303.977295
337.903870 212.982361
338.543121 197.662064
192.739700 371.938141
412.615997 395.035797
242.022278 407.176727
141.945587 307.615509
336.445435 227.654236
345.106049 110.554672
217.683716 401.108093
262.442963 304.176178
371.865479 126.878487
400.939331 288.891663
201.857376 224.622559
455.040558 186.060226
336.028687 183.612640
322.832916 212.419800
331.475739 254.702591
445.425049 253.483795
366.499847 300.323425
-1.000000 -1.000000
223.895752 430.590546
326.670197 137.461838
323.635773 197.080307
345.336945 399.976685
249.247726 331.419861
363.953339 284.431702
310.989044 269.035522
186.186768 278.467316
331.900696 269.354279
307.983276 344.642914
287.415894 418.741394
271.602386 430.052155
369.720551 340.268951
440.548584 181.337234
443.242615 229.295944
329.837036 167.857269
330.299561 285.243561
307.684021 209.993759
221.896927 230.413818
233.942429 293.134888
310.410126 283.985413
354.480713 186.110657
163.150253 322.170227
-1.000000 -1.000000
375.006561 158.080170
387.047089 404.725189
222.080795 317.833191
369.736298 416.996216
452.756256 337.433380
389.951752 152.435974
339.052429 385.071686
259.066925 227.311523
385.971954 175.092758
321.024567 183.054047
188.454941 307.160370
363.083405 316.338898
411.096588 261.558075
380.329132 306.055206
337.268829 325.895386
450.082428 437.204651
455.530182 170.988556
303.753510 407.127686
-1.000000 -1.000000
345.899261 288.798584
426.175323 262.127625
458.971161 264.238190
354.088257 200.489853
415.556213 289.944550
457.896973 219.433121
427.536621 351.956299
185.413101 357.130432
469.967133 191.064468
142.475143 227.178391
442.055267 214.470627
191.941788 386.428772
399.500397 183.024445
402.031921 244.683212
366.208099 267.836578
305.586487 386.923523
314.875916 167.272522
185.281967 87.473038
459.477173 249.094589
124.550659 266.082703
440.596985 198.037796
375.396790 111.767906
396.580505 260.003326
417.259979 246.354324
353.776672 215.819687
403.686798 153.542313
349.664886 304.407196
206.504669 316.831512
431.504486 247.191864
470.611084 176.004883
170.219894 87.389389
200.363983 400.955780
393.200775 137.314362
313.283905 152.895920
346.967926 244.496643
387.481812 243.946823
366.565399 173.341309
279.045471 229.828964
440.722229 166.165543
218.282776 287.011292
387.286774 292.031311
128.942062 251.035782
171.798615 131.248093
156.595001 131.192932
144.710419 211.970474
187.268753 342.817261
305.505066 194.769302
176.202850 371.124176
154.529816 97.900810
302.310303 423.002167
237.008301 316.395844
413.893951 189.204559
396.488708 203.884064
186.896378 292.522888
363.539398 253.903030
181.841095 102.928078
407.002167 138.550217
207.300278 431.217896
159.812134 158.312790
187.444565 72.738602
347.552826 259.069916
327.039581 122.362190
369.558136 196.812561
174.900497 158.306183
427.769470 212.698868
420.727722 230.307495
415.119629 173.607193
216.247940 301.992523
381.939575 258.619171
144.481415 157.061584
387.559692 276.601288
166.580292 113.450081
176.356400 387.139374
172.359650 72.637383
362.914368 238.740082
323.734161 370.121490
396.885193 222.732132
160.370026 173.074570
151.005997 114.500549
187.266068 131.116516
169.316162 356.104340
154.798157 82.724243
395.608002 122.129417
127.023903 235.780502
323.115295 389.885651
355.225281 415.745361
145.124542 172.765991
412.967316 211.571548
175.719360 173.321716
369.657013 214.283829
-1.000000 -1.000000
311.735321 136.873566
337.986542 414.784088
123.980530 281.705109
321.779755 404.218201
418.922302 155.522705
408.733673 123.118111
140.836319 141.352127
160.299057 197.801743
171.460648 341.112305
264.532257 102.962166
157.146210 67.581039
317.656036 426.803711
383.470032 190.506378
282.192596 135.292450
382.654510 224.100647
-1.000000 -1.000000
185.169098 401.352814
-1.000000 -1.000000
279.675720 110.588409
266.993500 135.246384
145.240723 197.945953
191.218994 430.049438
292.250092 215.480545
264.162598 117.602081
422.617401 140.320801
201.214432 87.715721
382.994873 205.290421
-1.000000 -1.000000
248.278381 112.004654
197.630478 102.653694
312.009796 121.884621
437.859283 151.860352
128.223328 300.814392
176.848740 199.604767
298.690857 171.698822
250.564896 133.003479
203.466660 72.715103
148.739319 324.254913
455.696320 155.940536
127.247231 220.195984
281.040344 95.623329
186.742432 57.385189
298.133850 155.138214
161.179169 371.156342
283.027222 154.557388
129.530777 199.240433
195.864883 209.666504
294.566772 118.965874
191.284775 146.471588
282.467743 172.119644
288.995392 200.269699
267.870697 154.433853
267.202484 170.881729
-1.000000 -1.000000
363.713409 95.083878
113.356567 250.777313
348.513245 95.063438
161.451370 387.201233
312.699768 106.016495
129.095093 183.018951
-1.000000 -1.000000
295.523804 104.188644
289.864349 186.948746
277.490784 214.963928
423.946503 125.011375
275.621521 186.231216
247.907928 96.646988
170.341522 401.967529
393.312103 107.993233
156.230103 340.733765
114.382706 298.513580
202.366013 57.405491
134.885452 126.661842
264.218781 88.345688
128.476654 167.705856
439.565460 135.666962
154.162354 355.613403
243.000412 226.985733
406.301331 109.175140
109.152382 266.332245
176.714539 418.306976
217.505890 215.156525
192.297119 161.153824
231.954178 98.835403
248.236221 82.036278
264.061340 74.169441
109.273819 283.630737
231.472809 75.926208
247.698196 65.440582
111.442039 235.952057
259.557709 184.759979
138.935379 99.610405
225.393997 59.112820
217.417267 88.161705
131.602646 332.464996
415.972382 109.829002
274.676697 200.037033
171.575073 52.267693
285.200684 81.107185
299.387909 89.959534
264.968903 55.112385
455.651215 141.303818
232.649811 114.487755
192.821152 175.705521
139.537720 83.637161
331.684753 106.434265
218.966354 102.337280
283.833344 64.583633
141.840408 66.585052
218.874130 189.430878
236.145111 123.548561
-1.000000 -1.000000
204.263626 113.515366
198.593506 187.220230
-1.000000 -1.000000
251.179886 195.186630
-1.000000 -1.000000
-1.000000 -1.000000
192.082138 41.069805
250.414703 148.273422
124.400085 152.938782
-1.000000 -1.000000
111.423203 220.669952
-1.000000 -1.000000
