206.617889 236.545334
166.658371 221.768143
250.659286 280.591339
192.682465 260.864624
264.514740 254.246094
310.943817 305.668365
139.982956 256.804993
288.784515 294.470795
334.587952 223.784637
358.271301 141.424988
326.352509 250.657974
343.118713 197.153458
318.325653 278.655884
175.929520 111.705597
350.724579 168.980789
381.439331 128.669312
184.396484 226.486404
438.610840 181.239670
171.992645 152.486206
167.262512 138.949036
183.907654 84.045349
160.358612 165.833969
136.839203 246.354065
390.002045 142.840775
464.781494 204.449341
452.475861 193.074295
148.102158 289.186859
417.445404 166.219604
352.935699 186.955734
213.644119 262.167755
243.391754 247.093048
361.504089 159.763580
173.971008 247.602066
404.053833 154.917679
163.076523 180.654312
201.234268 310.168579
269.649414 393.306274
345.450897 214.592438
337.133545 241.453491
230.490219 383.773926
155.788300 207.278946
239.802124 323.856110
311.071625 224.129898
320.643768 295.947601
315.316620 324.005066
448.338806 286.020599
159.877380 339.291962
417.516205 159.034805
459.923096 367.222870
231.128784 266.176880
296.736725 385.768372
271.823334 281.154968
249.951279 454.951324
177.232788 342.864471
202.415863 358.107330
398.869141 141.980774
-1.000000 -1.000000
299.233093 165.529846
276.528198 379.031921
328.596191 269.423157
215.134247 441.680756
238.369843 372.148529
192.499146 351.167633
143.160263 217.626831
147.842606 233.626221
247.535721 344.205872
415.480286 247.360291
208.371292 392.998383
389.501129 264.282562
180.742935 127.252167
312.236938 392.149872
185.623428 102.752327
455.111328 302.446472
376.322632 378.748444
-1.000000 -1.000000
259.818695 427.101410
425.343323 414.955383
385.470581 279.078979
151.198547 191.496323
208.130966 331.485352
439.431274 337.966034
-1.000000 -1.000000
363.960876 281.912262
381.906403 445.836731
350.868988 398.109131
189.691208 427.691956
170.330490 421.942902
452.350311 422.097137
395.052917 368.598511
220.261292 415.277496
371.252441 235.653366
462.858154 234.603226
412.532562 329.422089
397.760254 219.579559
413.043396 420.472992
388.742859 212.478500
205.153992 370.112518
407.986206 451.759094
358.602692 296.819672
466.595337 343.712677
243.959702 384.265869
372.453033 395.139862
-1.000000 -1.000000
416.656769 365.254822
430.100159 180.841263
465.990173 387.315155
410.910004 262.960022
456.086273 253.759415
424.649811 166.518463
420.461426 349.209290
412.049500 283.374451
216.390091 453.268066
124.512634 275.106598
333.760925 328.441254
204.818008 435.000000
421.078094 205.576859
464.543457 319.763153
168.254395 370.750092
369.482056 361.675690
367.363190 312.332611
429.642334 449.607239
-1.000000 -1.000000
247.423233 407.622803
433.424744 432.733337
367.263489 225.157669
-1.000000 -1.000000
377.592743 187.130112
370.559143 199.832993
391.322083 185.721939
457.069092 204.422180
443.529388 192.920319
353.945068 410.784607
-1.000000 -1.000000
196.062180 391.103607
363.778839 258.636902
262.578278 86.953056
281.179291 257.193787
291.281616 376.515564
311.928619 442.083405
398.168915 381.422119
294.543976 435.644867
283.786682 350.435028
-1.000000 -1.000000
405.365570 313.449615
300.810303 358.471771
285.241180 117.701523
161.813293 311.690369
362.841095 436.487335
180.843277 452.554688
455.014923 435.389191
442.411926 351.834320
389.289337 241.114166
-1.000000 -1.000000
396.376312 173.840973
409.031708 229.228394
230.395996 250.964005
453.829132 355.224213
311.193909 382.758331
287.431152 412.817871
211.278824 381.771423
-1.000000 -1.000000
471.661652 242.015594
173.003082 257.522614
270.572876 405.455963
-1.000000 -1.000000
379.885010 401.537689
-1.000000 -1.000000
213.337738 351.655426
251.391724 364.764984
424.104462 372.249512
395.457672 321.435364
372.433807 426.721161
246.271088 269.315125
179.686813 319.437195
400.557526 338.382904
213.229446 272.425598
-1.000000 -1.000000
188.281830 249.500961
458.218811 337.369507
360.696625 342.955414
174.643051 394.614563
208.744492 319.023346
411.181641 390.949188
162.549454 300.014038
316.783051 344.965332
216.982819 245.309982
-1.000000 -1.000000
355.492828 367.097290
447.361847 400.973206
297.754150 115.447578
415.062714 221.282166
220.920609 316.101257
-1.000000 -1.000000
375.702972 286.000519
-1.000000 -1.000000
401.431793 238.871948
251.305222 396.985107
185.686417 417.338776
162.935028 382.433899
375.137665 256.269531
190.810440 340.089294
303.464294 243.147461
259.602478 329.833832
293.843231 271.291351
401.128357 269.625763
357.841003 265.838257
427.343140 252.441147
-1.000000 -1.000000
485.483429 224.048172
407.459076 404.852936
-1.000000 -1.000000
166.287674 331.498322
282.540833 423.780121
262.218445 448.777649
-1.000000 -1.000000
350.875122 351.806458
225.357834 436.964508
378.441589 218.374008
220.249161 335.851807
-1.000000 -1.000000
182.219925 307.884064
444.222015 310.697296
203.839996 423.435394
434.222504 294.855499
31.615517 425.656799
-1.000000 -1.000000
364.762634 452.488556
396.820282 312.830627
400.791504 203.947556
230.802765 420.620819
229.956100 395.858612
263.064117 345.907928
193.166489 403.444916
283.526031 284.589691
-1.000000 -1.000000
390.329590 202.646805
445.774445 270.376007
147.297333 243.009048
369.098724 216.188034
-1.000000 -1.000000
389.384277 230.693207
393.592377 391.933899
248.195480 330.809601
374.160919 332.259796
364.290466 428.048859
344.279053 351.924561
-1.000000 -1.000000
439.415741 287.143860
437.048035 363.428711
310.900635 232.331558
363.419800 246.764587
377.521820 305.520081
450.159668 447.123016
468.156555 222.479523
-1.000000 -1.000000
384.004700 247.859909
349.249512 422.860748
298.972656 345.402954
347.932159 253.604858
461.700897 272.204224
422.037933 276.427521
434.626129 316.079529
269.906860 291.153137
465.160614 305.473755
-1.000000 -1.000000
274.242828 339.051392
368.428772 416.096954
447.572052 374.056976
-1.000000 -1.000000
227.053848 354.627899
-1.000000 -1.000000
272.533600 70.422989
388.145355 323.352356
352.275970 337.462402
325.411499 344.390839
-1.000000 -1.000000
193.885712 80.956070
410.207550 155.392715
137.052673 268.242554
417.153229 400.851074
302.226471 259.310669
-1.000000 -1.000000
417.507050 301.378754
449.254974 386.129089
272.539459 91.536575
345.503265 381.886230
364.959229 400.714508
-1.000000 -1.000000
408.842743 370.533234
421.735535 454.951385
-1.000000 -1.000000
447.793060 343.223785
398.906677 407.742889
280.619690 388.962402
390.155426 345.430481
266.068085 368.377930
170.855072 125.688011
465.361023 425.851898
404.165131 429.707703
231.373337 338.053467
267.356049 436.960358
448.814117 366.683746
238.811050 436.009430
425.563751 218.594376
356.157043 436.543335
215.474152 87.994987
361.772278 201.135376
-1.000000 -1.000000
396.227203 304.107178
289.580017 258.521545
319.404144 429.765137
461.525116 450.900543
192.407928 327.268860
300.074554 67.100815
365.173523 389.795105
459.083435 395.255890
285.240417 133.083679
383.726227 175.628143
-1.000000 -1.000000
32.215401 432.279053
-1.000000 -1.000000
227.794647 372.907288
305.757874 323.921692
383.867493 431.306732
171.821869 236.818878
363.298737 189.288712
424.844482 296.504761
207.072647 69.097046
177.422119 137.942169
472.168945 371.729279
409.512634 359.447876
466.969177 417.123199
371.102295 443.685974
-1.000000 -1.000000
434.728668 326.833557
430.039032 394.439240
453.374146 375.724518
305.447510 145.213623
-1.000000 -1.000000
376.909882 139.097931
286.316589 274.468750
277.696747 447.988800
421.514923 443.685669
295.616760 128.244720
235.773315 403.462646
406.198364 217.863861
379.159698 236.194763
162.138626 152.241943
-1.000000 -1.000000
310.851440 274.375763
175.411484 383.878571
-1.000000 -1.000000
390.389679 358.751007
174.070251 433.177643
381.355469 331.874359
150.290878 255.138672
403.438782 441.997986
303.128601 302.435791
401.983948 329.363251
440.640961 294.239288
127.692360 242.555099
337.760651 360.862762
-1.000000 -1.000000
292.996002 282.406921
434.390991 170.894974
159.008759 134.796585
415.536804 317.442963
-1.000000 -1.000000
451.999817 329.519287
203.808304 84.995926
-1.000000 -1.000000
-1.000000 -1.000000
175.470657 80.256035
475.681976 216.778091
448.291138 417.141541
401.192810 165.317322
185.536896 112.903854
-1.000000 -1.000000
313.128479 290.397980
371.209808 346.415894
-1.000000 -1.000000
460.173004 287.864899
314.587036 418.112793
211.394287 403.567627
249.859100 435.030365
416.862671 229.893112
461.799347 194.241150
-1.000000 -1.000000
170.817627 162.919037
133.763992 276.820038
441.501740 388.058807
304.372650 127.918106
161.320816 349.785400
396.379272 418.705139
167.652466 108.167870
266.378754 379.637878
360.510132 328.122620
414.740387 178.539551
327.772766 230.533096
335.843201 188.704453
337.487305 210.971985
422.489441 335.183533
467.128906 195.158890
-1.000000 -1.000000
464.421997 356.575165
-1.000000 -1.000000
237.464310 363.705109
310.926300 260.553802
334.656677 255.014633
151.760544 161.870911
138.062378 230.993637
358.475098 356.568542
-1.000000 -1.000000
-1.000000 -1.000000
342.413269 227.799240
352.295837 448.342773
284.041290 438.077637
436.108673 276.654663
435.487762 418.109528
256.096283 89.838257
282.026703 90.537834
251.065369 249.038544
360.392273 173.477127
314.347504 267.146271
388.045776 317.126068
406.615234 251.604935
412.682953 407.453552
304.236115 115.280678
325.823425 282.482452
-1.000000 -1.000000
