-1.000000 -1.000000
-1.000000 -1.000000
-1.000000 -1.000000
274.576996 269.406097
-1.000000 -1.000000
390.099579 156.071671
268.576324 252.809692
291.245392 272.847961
-1.000000 -1.000000
-1.000000 -1.000000
-1.000000 -1.000000
-1.000000 -1.000000
304.669037 307.400665
-1.000000 -1.000000
318.957947 313.874542
-1.000000 -1.000000
-1.000000 -1.000000
389.433105 141.630356
332.009247 324.488953
273.961975 285.662506
257.893127 268.369080
-1.000000 -1.000000
310.273956 275.405334
190.049866 238.669952
301.222473 291.958099
-1.000000 -1.000000
293.554565 257.442017
159.221588 298.457977
377.490326 152.811096
269.247864 237.089264
-1.000000 -1.000000
369.581055 387.370667
-1.000000 -1.000000
161.075058 233.594528
391.150177 171.375107
412.754425 364.369232
302.882568 323.807190
395.446808 362.742981
357.803528 385.624969
443.431183 426.640076
158.703354 283.746948
190.381363 221.071884
439.546936 339.330841
252.223404 251.766998
451.378906 341.778046
230.604477 255.953857
376.778931 138.876404
385.956696 385.310486
219.079849 372.810608
315.860718 329.980865
144.482758 298.662872
-1.000000 -1.000000
160.120010 217.200989
428.707977 427.404175
286.737427 306.957764
429.202911 362.966431
251.622681 382.558685
194.088959 256.101746
211.044907 248.933411
162.235016 270.330811
221.570419 357.652161
-1.000000 -1.000000
144.098984 283.976318
226.485931 333.694946
147.444580 269.723602
311.571716 261.751404
418.502655 436.747437
435.151489 351.838379
211.744614 231.535721
-1.000000 -1.000000
-1.000000 -1.000000
327.941742 339.364075
-1.000000 -1.000000
343.740631 384.156982
211.534698 328.801025
228.273132 237.948685
-1.000000 -1.000000
320.584595 298.191223
243.072372 410.998169
371.044434 373.662781
404.920135 434.099976
160.626953 251.107574
252.864853 365.928986
195.386002 372.839264
380.675079 364.030029
-1.000000 -1.000000
378.647888 166.216492
406.718933 378.142365
268.324005 386.877106
361.896759 402.344452
414.323608 350.793518
449.665222 357.986908
340.582764 302.643585
-1.000000 -1.000000
241.928635 274.538239
257.535156 285.593292
205.185501 357.464294
163.200439 313.539429
177.602280 258.630890
286.189880 361.829468
254.538773 344.750916
390.607239 126.266151
426.329254 333.811646
363.598145 418.443115
354.675140 368.033997
398.066315 347.675537
347.709869 400.545685
135.937775 262.472351
269.435608 370.417206
405.697235 400.013092
311.627777 239.461212
195.057327 329.399536
339.589081 343.901917
284.488983 389.650665
279.711945 406.892609
163.845093 201.929977
445.184418 411.928406
449.310822 373.227600
186.631729 357.697632
290.889099 240.789276
212.840591 266.129700
225.186050 438.529114
260.479431 410.316559
382.857117 398.830292
440.567963 324.277344
453.560608 327.377777
216.538483 388.542511
355.838745 344.193359
-1.000000 -1.000000
145.733414 234.308228
351.765045 416.962311
400.710693 159.598969
321.081909 354.509918
296.095856 337.306000
431.164551 411.458130
327.814819 242.600098
184.780426 204.543488
413.574554 417.558502
-1.000000 -1.000000
280.454987 321.382812
128.250534 276.774933
383.978210 178.777924
426.221039 376.689697
362.875885 161.878159
329.856995 226.012924
-1.000000 -1.000000
251.419266 234.737106
209.004379 438.760864
382.140747 346.426453
445.664581 393.657562
187.607544 386.781067
397.771332 332.329926
362.649200 218.960693
366.318756 203.028214
170.087219 374.524475
394.004028 429.114075
218.540115 407.104980
129.689590 300.018585
359.586548 230.171524
377.600586 124.649429
191.797104 402.986267
268.828217 301.208954
400.414917 144.309006
400.409790 315.981476
207.635666 215.773483
462.526947 224.549622
365.809662 191.339386
347.293182 217.774551
349.832123 257.281891
442.660553 298.651703
369.649261 313.835327
-1.000000 -1.000000
190.698730 438.790985
362.278992 147.302963
351.880432 201.375717
337.011475 414.712006
244.861847 326.951935
371.828339 298.316376
326.177795 269.849823
189.946564 275.270813
347.258026 275.418518
310.789856 343.362640
267.668732 422.903107
247.119247 436.040009
364.967255 356.014526
450.718872 218.509094
446.246796 270.992767
363.572998 172.665314
343.513794 289.127350
332.569000 214.037094
229.918671 221.634750
239.105713 289.888672
325.363983 280.463165
383.592499 195.977737
148.921585 315.192810
-1.000000 -1.000000
399.732391 176.604599
369.556396 425.072235
216.332153 312.472076
352.903656 435.640198
439.220917 385.137604
411.946198 174.018417
333.200012 398.309540
274.882202 224.329834
406.917755 198.000031
351.012238 190.389633
179.295959 300.076630
362.449341 328.531036
414.226501 293.317627
380.143677 324.626617
343.092438 327.748657
-1.000000 -1.000000
463.559021 208.031525
293.200958 411.755890
-1.000000 -1.000000
355.139191 297.558807
426.514679 298.837341
452.124603 311.075226
380.092834 209.882919
411.055695 320.624969
458.881592 264.737274
414.839630 390.161560
164.294647 358.535797
-1.000000 -1.000000
144.604050 219.305115
447.981415 258.047089
163.694534 387.568420
418.201355 211.397751
411.734253 273.697327
376.906677 286.148163
302.389740 389.443390
347.814667 172.039825
202.218170 91.117264
455.011261 295.129822
121.969055 258.855042
449.223145 240.758286
405.512878 127.899193
402.779694 286.555359
424.882629 279.155212
377.713501 223.448044
427.370880 184.341965
356.341736 310.983826
199.602722 310.865662
434.574097 285.822632
-1.000000 -1.000000
187.598221 90.492279
167.745590 405.023163
416.376801 157.718460
345.632446 162.321457
365.635345 251.083221
399.124084 270.721558
393.518311 187.450363
295.916748 227.499146
453.733734 203.597488
221.417511 283.187408
390.114166 313.564484
127.870834 243.586960
184.700348 130.468048
169.658127 130.519012
147.968735 205.009689
168.962357 344.532349
334.129913 198.052704
151.736237 372.915161
171.872070 99.917076
283.330902 427.203278
235.227829 312.224579
429.301300 222.332672
412.023590 227.319794
183.714478 287.272797
374.509216 269.276550
198.222473 104.167755
430.886536 167.033768
-1.000000 -1.000000
169.463043 156.133286
205.495728 78.090332
361.468933 268.606873
363.212097 133.429291
392.269318 210.497253
184.528519 156.128799
440.156769 250.595703
432.311584 264.261871
433.033020 207.726807
211.895966 296.294189
392.774872 280.554443
154.285324 155.211243
393.715942 298.867310
182.625198 111.896942
147.314621 389.766479
190.957642 77.408615
375.269928 250.786499
319.176056 370.471802
410.284882 248.457031
168.589340 170.075989
167.348923 113.307800
200.384232 130.252609
148.222015 357.599609
173.976547 84.849754
424.907074 146.198166
126.523720 229.116714
317.480347 394.590179
340.096649 430.350220
153.167358 169.307861
427.185974 238.917694
183.960632 170.596848
388.146667 227.022537
-1.000000 -1.000000
340.052246 150.730347
324.267517 422.713104
116.842690 272.856995
313.504364 409.261108
438.734833 190.230530
433.029144 147.849625
153.194870 139.406372
165.673828 190.201797
153.397873 340.924622
294.695679 109.829674
176.963821 71.497467
299.530426 430.370453
406.705231 209.651474
310.385406 139.909576
394.749756 243.655914
-1.000000 -1.000000
153.017273 407.226288
-1.000000 -1.000000
309.721069 116.825645
295.877960 139.918518
150.052429 191.618530
152.234818 438.653351
309.219849 220.313766
294.774719 124.379837
444.060974 173.884796
216.334885 92.788330
402.144806 224.133789
-1.000000 -1.000000
279.956512 119.974808
212.809723 104.499702
342.919342 141.737228
456.781128 191.534485
117.698143 292.151123
182.102997 191.001221
323.750549 173.431137
282.157104 140.630264
219.243973 78.785141
134.288834 324.559601
469.299377 197.265625
129.332901 212.935074
309.121674 101.707771
203.915176 63.716141
323.245026 156.365189
137.052780 378.022064
309.177338 154.739334
133.995453 194.597366
201.939667 200.648743
323.071167 125.465660
203.008102 143.509430
306.870850 171.966614
306.865967 207.929459
294.628326 155.050888
292.406433 171.422256
-1.000000 -1.000000
395.937073 111.408981
112.543236 243.725296
381.899536 111.278015
133.208206 410.205780
343.248444 128.490417
135.808777 180.045197
-1.000000 -1.000000
324.101318 109.903076
312.475952 188.122513
293.784271 219.974625
442.716919 151.870270
297.686005 186.899506
276.500610 106.931602
138.110840 413.660339
427.498962 130.306046
138.573364 344.355255
109.923332 292.264557
218.282516 63.877029
147.365326 128.027496
290.445099 95.886620
137.019379 164.275085
461.636627 173.576340
133.664886 363.832275
251.450302 218.685120
440.694336 140.530060
107.834625 259.532440
140.326080 425.863068
226.610443 206.953812
201.010361 159.592224
258.846222 114.643425
274.509674 93.022087
289.248901 84.781174
106.770508 276.608246
258.820831 89.574814
274.751068 77.303909
110.993179 230.210159
281.698639 184.297607
155.366516 102.770393
249.214767 79.148926
230.276886 99.964409
122.601845 438.824463
441.836761 139.053879
288.202087 210.962296
189.415359 58.436035
305.488708 90.185402
323.361145 94.431030
291.162170 69.072388
-1.000000 -1.000000
268.582947 145.496445
198.029556 175.896133
161.139603 81.773659
359.578369 122.752274
228.266159 124.818390
304.901123 78.103783
162.394470 75.559341
225.383362 199.607956
273.173828 164.863815
-1.000000 -1.000000
217.702255 115.177383
203.502335 187.493515
-1.000000 -1.000000
252.962936 205.247955
-1.000000 -1.000000
-1.000000 -1.000000
209.464325 52.132080
282.756470 161.727768
134.057800 154.790985
-1.000000 -1.000000
115.517700 209.596542
-1.000000 -1.000000
