203.677429 239.868546
164.901871 225.581879
248.503220 282.217712
192.017105 262.837036
259.586304 257.154846
306.510284 306.989380
141.358154 259.632416
285.746338 295.740997
325.773895 223.265594
345.341705 139.048401
318.767120 250.657852
333.006744 195.909592
312.467743 279.408936
170.335114 111.882286
339.112701 167.424667
369.185974 123.288559
182.591049 229.758438
431.424988 167.381271
168.568802 153.485474
163.139450 139.682159
176.598694 83.299164
157.328568 167.196716
137.710770 249.050278
377.996979 136.161942
460.926453 187.574936
446.653839 177.377106
151.326431 290.577057
408.640137 155.670792
342.325500 185.229767
211.885101 263.841705
239.518814 249.597061
349.466858 157.601364
173.538025 249.681396
393.570404 146.200241
160.840866 182.135284
203.879166 311.461090
273.177826 391.210846
336.162292 213.492950
329.060272 241.108047
235.914963 381.992279
154.881897 209.323044
241.388092 324.774231
304.623718 222.087082
315.441650 296.810394
311.785522 324.869659
448.989380 269.381653
167.134140 339.144073
412.163086 145.855515
466.366089 347.060425
229.321152 268.002350
298.961853 384.481812
268.545929 282.498779
260.954132 451.397522
183.451096 342.635284
208.306900 357.733063
387.273621 133.817810
-1.000000 -1.000000
290.935028 164.632416
279.577057 378.257660
321.952362 269.500275
227.008087 438.125183
242.780487 371.418823
197.742065 350.232849
142.513397 219.722229
148.123642 235.971405
249.465393 343.860870
411.693665 234.924637
217.341888 391.702911
385.617035 255.117554
176.289017 127.738678
313.440887 389.904907
179.159225 102.084770
457.339783 286.038574
378.330688 370.900452
303.392822 454.342926
268.071869 423.271515
433.472198 400.850189
382.417175 270.425385
149.364731 193.199081
211.491928 331.526367
442.415314 321.253479
-1.000000 -1.000000
360.162048 275.823792
390.008026 437.062500
353.293579 392.309937
202.111221 424.057648
183.643585 418.472260
461.165039 402.767120
397.865814 357.165833
229.923080 412.034088
365.470612 231.628342
460.945160 216.252197
414.786835 319.874969
391.791718 212.031662
420.291901 407.114868
381.360229 204.649338
211.430527 368.956024
416.727173 437.691986
355.977692 291.526398
471.595947 324.134521
249.123489 382.929077
375.638367 386.179382
-1.000000 -1.000000
420.178619 350.911896
422.117157 167.900452
474.122009 366.666046
408.382660 250.734589
454.957153 237.600067
416.008575 154.388626
422.698853 335.946564
410.510376 272.892395
228.971344 449.330078
126.512375 277.963043
330.332001 328.275177
216.312363 430.709320
415.019196 195.017868
467.359619 301.217529
177.567505 370.155365
371.365784 356.262787
366.013763 307.742859
439.285248 432.526581
397.157715 452.316650
255.261795 406.168304
441.850098 416.419189
360.264282 220.012772
-1.000000 -1.000000
367.403900 182.595169
362.185059 194.142746
383.071198 177.598892
452.332825 188.311996
437.343658 178.491058
357.805695 404.538391
420.817017 450.138702
205.179306 388.738586
358.975525 253.709869
252.427765 83.438499
274.784027 259.701172
292.322876 374.654907
319.327026 438.203735
402.296844 369.693726
302.025818 432.066284
284.077240 349.774841
-1.000000 -1.000000
405.922821 301.858429
301.719147 357.841492
273.086395 116.750824
167.108398 313.119568
369.583771 429.550323
196.438431 449.235840
465.038849 415.536163
446.687744 334.774170
384.432709 232.768402
-1.000000 -1.000000
386.621307 166.890472
403.405090 219.111847
228.099091 252.904816
460.033875 336.010223
311.486847 380.756927
293.466644 411.306061
218.157593 380.001648
-1.000000 -1.000000
470.459808 223.123566
173.011505 259.459717
275.370697 402.400330
-1.000000 -1.000000
384.386200 393.481598
-1.000000 -1.000000
218.587814 351.881805
255.465775 365.016632
428.839813 358.528656
395.503662 312.337036
379.119293 417.127563
243.649872 270.655182
184.781952 320.612183
402.131653 329.321472
211.930405 273.896027
-1.000000 -1.000000
187.101318 251.203583
462.430054 318.176849
361.440063 336.789093
185.938599 392.592346
211.478241 319.021606
417.801819 376.242981
166.615738 301.653717
315.020386 344.541656
214.466751 247.553986
-1.000000 -1.000000
356.770508 363.464874
455.274567 382.024933
285.171875 113.713547
409.940063 209.247299
221.801804 316.773102
-1.000000 -1.000000
371.969147 279.383209
46.919655 444.074738
396.585541 227.965057
257.106720 394.743042
196.022949 413.150635
172.992783 380.965576
370.007782 248.577408
195.002487 338.874115
298.185150 242.765427
259.211487 329.993561
290.385803 272.206390
397.216583 259.762878
353.361938 262.677338
423.641479 239.641190
-1.000000 -1.000000
483.078369 204.628662
413.325562 392.140045
447.811981 438.532440
172.392456 330.270813
288.936737 420.798187
272.796814 446.205017
-1.000000 -1.000000
350.831848 348.321472
237.049698 434.167175
370.773590 212.372864
223.371750 335.954742
-1.000000 -1.000000
185.777237 309.464661
446.507751 295.519592
213.848038 419.237549
433.380341 280.813538
72.543396 394.235931
-1.000000 -1.000000
372.973969 445.632050
396.358459 302.177704
392.733551 195.476395
240.995605 417.480469
236.028549 393.809143
263.564972 345.382721
204.203110 401.231903
279.238312 285.558868
-1.000000 -1.000000
382.067352 195.342087
445.499878 255.329254
148.487137 245.199875
360.600494 211.283463
122.155907 438.437531
384.454315 222.552887
398.885101 380.889954
249.219421 330.958862
373.182404 325.335632
369.756775 419.479431
342.628876 348.475159
-1.000000 -1.000000
439.831360 270.250122
442.432281 346.750793
304.925629 231.794357
359.092865 242.204575
376.834076 298.566132
461.028198 426.851807
465.523132 205.079865
365.640991 453.788452
379.376801 241.961868
354.618805 417.114960
299.492126 345.864777
342.829132 250.765305
461.325439 254.444901
421.484100 263.499573
437.239441 300.669800
267.059387 292.346161
467.242523 287.492493
-1.000000 -1.000000
275.940308 339.265991
373.964996 406.187256
453.189880 355.985016
472.927460 439.912140
230.370941 353.647766
-1.000000 -1.000000
264.419678 70.982178
386.274017 314.918274
351.288818 331.314514
326.229462 338.726807
-1.000000 -1.000000
187.498520 79.054451
400.780609 145.667114
138.794006 270.067078
424.563293 387.140320
297.581451 260.117584
-1.000000 -1.000000
416.629059 289.033112
456.885376 370.141327
264.600586 89.339554
347.574860 378.019836
367.370880 394.462250
439.327301 448.815186
411.697021 358.648224
430.903595 439.863251
-1.000000 -1.000000
451.328888 325.636536
404.607574 395.217560
282.661469 386.614532
392.612244 335.935455
268.332703 366.877899
165.826553 125.440590
474.677826 405.394775
412.364685 416.497833
233.996826 339.372040
276.432404 433.975830
454.824402 347.358154
248.819244 434.161469
419.747955 206.889832
361.103821 430.047882
211.651749 83.504082
353.365875 196.757996
-1.000000 -1.000000
396.696777 291.882904
285.127686 258.886841
323.237915 426.687592
473.451660 428.117950
196.382034 327.362152
285.671387 65.244606
367.038788 383.162506
467.004822 375.586823
274.007599 132.154617
374.836639 169.651520
250.291489 452.015076
73.741409 403.489899
-1.000000 -1.000000
231.550812 371.106598
300.633972 323.080078
390.039490 420.900085
170.625732 238.303268
353.972290 186.148712
424.912079 281.880463
199.729706 64.134666
174.058746 137.035309
478.855499 350.081970
411.474213 347.411041
476.350616 396.032990
379.764008 436.691467
48.761345 453.030579
437.471344 311.235535
435.895111 379.531586
460.678131 357.283722
297.340118 143.601273
-1.000000 -1.000000
366.412506 132.452072
281.199310 275.740204
286.761902 448.089081
429.697510 428.581421
285.629181 127.275665
243.796707 403.123566
400.176208 208.952194
373.776337 230.701340
158.084152 152.808228
-1.000000 -1.000000
302.846588 274.874725
185.805206 381.737518
-1.000000 -1.000000
392.907288 347.456177
186.126099 427.525818
382.686066 323.298553
151.937546 258.820709
411.811157 427.765350
297.206116 306.344971
404.939941 318.983521
442.653412 280.555206
127.858612 245.644333
339.346222 358.954407
-1.000000 -1.000000
289.586456 283.215027
426.343262 156.421143
153.309128 135.245789
415.472870 304.758759
-1.000000 -1.000000
454.366699 312.206848
197.497482 84.790184
234.960114 279.402466
-1.000000 -1.000000
166.544647 79.845886
472.071442 197.377686
455.910797 393.565704
391.390656 155.445892
180.919113 111.373833
-1.000000 -1.000000
306.696167 291.454315
371.103729 339.431274
122.764961 447.706848
460.508270 269.388916
318.214752 416.310364
221.256546 402.440918
259.703735 432.008453
413.138885 221.332275
456.339539 176.483521
467.063965 450.860901
168.484726 162.986740
135.328751 279.309143
447.924591 369.211578
294.761505 125.536819
166.950058 347.488708
403.171204 405.883148
160.319412 108.008499
269.050720 378.946960
360.541840 321.700500
406.602478 165.797577
315.141693 222.333771
322.120331 190.707260
324.077087 210.893051
424.333740 322.778656
463.937897 177.970795
-1.000000 -1.000000
470.354156 336.394196
251.405106 418.330048
241.574600 363.822052
307.095825 248.714020
332.480255 251.581589
147.506210 163.206329
137.679779 232.648819
361.524780 353.808899
429.648834 454.082825
376.047211 145.198914
338.472931 224.007263
359.004089 441.046326
290.827118 431.749542
435.435272 259.440460
443.477631 402.813934
245.118179 87.675339
274.094635 88.372620
247.931473 251.274612
354.017609 167.454254
308.365356 263.302887
387.225006 304.843353
402.698273 239.375031
421.450897 397.479431
294.149597 114.296028
325.918579 280.053223
-1.000000 -1.000000
