-1.000000 -1.000000
-1.000000 -1.000000
-1.000000 -1.000000
265.945587 273.745636
-1.000000 -1.000000
363.216675 142.967484
259.825745 257.809387
281.353058 276.924652
-1.000000 -1.000000
-1.000000 -1.000000
-1.000000 -1.000000
-1.000000 -1.000000
293.727783 309.368561
-1.000000 -1.000000
308.387421 315.294800
-1.000000 -1.000000
-1.000000 -1.000000
361.591156 127.730949
323.154602 324.852539
266.073334 289.894653
250.145706 273.279480
-1.000000 -1.000000
297.299103 279.322296
186.277344 245.349091
290.140564 294.967407
438.838135 415.384125
282.366455 261.050201
169.495255 306.249542
348.605042 141.873199
259.741180 241.730072
420.271149 417.015686
375.610199 372.641388
-1.000000 -1.000000
159.381241 241.997879
364.758514 158.675735
419.976562 335.454590
292.680023 323.858704
399.659058 337.675568
361.829163 373.425262
463.380554 381.185974
167.542679 291.409485
186.275848 229.163025
445.273804 300.344513
244.199997 257.644623
460.079254 300.567596
224.991119 261.695282
347.031433 126.956314
391.092438 364.502258
229.988663 372.109955
307.634491 330.064941
154.519516 306.523590
453.792694 409.907745
157.454895 226.092621
448.042603 387.231781
278.395752 309.021027
435.516907 328.108643
258.701538 381.102448
190.440552 260.956177
206.709824 255.486816
167.794296 277.553009
231.373215 357.407318
409.040314 438.825500
152.569916 291.538086
232.754913 337.450104
152.237839 277.121796
298.156799 263.628448
439.204315 400.847321
440.703796 314.554871
206.921417 239.468872
405.573639 418.835938
462.908417 395.947601
324.112274 339.830688
-1.000000 -1.000000
348.086761 372.542816
218.521484 333.285278
222.383026 245.596954
-1.000000 -1.000000
309.024078 300.877197
255.489532 407.993469
376.312378 358.176544
424.201233 402.231598
159.539276 257.746490
259.257019 365.473083
207.989349 372.257294
384.693909 343.633545
434.289551 429.793335
349.984497 157.311508
413.647858 349.506378
274.201233 385.229340
367.408752 388.445923
420.725555 321.034332
459.080322 315.378235
329.249786 302.916473
393.826630 438.264954
235.503998 278.599915
250.048477 289.343658
216.099274 357.478821
175.482895 321.308929
175.451019 263.511536
290.044647 363.862244
259.411041 347.449310
364.352875 112.713562
430.684174 299.245087
372.447327 404.399902
357.279114 358.318085
402.493408 323.220032
353.241150 387.407288
138.749130 269.325226
274.364380 369.289032
417.859344 371.637970
296.371735 241.202850
203.330948 332.759247
338.638062 342.821320
289.091339 388.414368
287.442505 404.073120
159.984589 210.701889
465.395782 365.926849
461.817749 330.745667
199.658813 357.695099
277.915375 244.282455
208.724701 271.030670
250.623962 432.786652
271.409393 407.113617
389.730164 379.575531
446.421021 285.573273
461.753418 286.703186
229.062149 387.163757
355.473969 337.367706
379.621643 436.308014
144.299057 242.296463
359.440613 402.939148
378.269501 144.560440
322.901062 354.945831
290.143951 338.054504
448.771729 372.317261
311.470154 240.244736
180.599319 213.512604
433.048615 384.979370
-1.000000 -1.000000
276.195190 323.106842
135.583649 284.428497
356.463867 171.929306
434.316925 342.886566
333.062714 153.823608
310.371765 224.355835
452.689331 424.493561
243.225662 241.371429
235.495071 433.096100
385.431580 328.532623
464.278076 347.794891
204.580200 386.979248
401.090637 309.141510
341.286652 213.785919
342.284149 198.356125
189.079926 373.688324
410.353180 401.116699
238.282578 408.277710
139.709991 307.393707
339.555389 228.153854
350.054474 112.019432
213.742996 402.501862
263.377197 304.288361
376.480316 129.064774
401.046661 293.987549
202.348465 223.798813
456.598846 191.639267
340.171967 184.743454
326.191254 213.032150
333.983795 255.304642
445.810486 261.058563
367.394043 302.927460
-1.000000 -1.000000
219.117996 433.496887
331.645233 138.644623
327.468536 197.488632
344.461121 402.601074
248.122589 331.060089
365.645569 286.695740
313.045471 269.305176
186.555801 278.593628
334.036041 270.138763
308.297668 344.730042
284.240051 420.575500
267.859436 432.490143
369.220215 343.560883
442.394745 186.510651
444.205872 236.165741
334.435944 168.515869
332.063263 285.646851
311.033203 210.403854
222.663712 229.454102
234.730179 293.284149
312.280548 283.879608
358.663513 187.526001
160.556122 321.827240
-1.000000 -1.000000
378.992096 160.746765
384.458984 409.117950
221.225281 317.576996
367.780945 420.735779
451.279877 344.500610
393.589508 155.400406
338.499207 387.609680
261.380524 227.034500
389.468262 178.747391
325.190979 183.972641
187.001465 306.792694
363.202057 319.111511
412.035431 266.676971
380.715088 309.476135
338.044678 326.750916
-1.000000 -1.000000
457.228485 176.469696
301.730469 408.755768
-1.000000 -1.000000
347.554718 290.502991
427.135071 267.755157
458.623352 272.209839
357.987030 201.687500
415.389740 295.668701
458.668060 226.962952
425.901825 358.002075
182.011963 358.763245
-1.000000 -1.000000
142.417374 226.643158
443.496399 221.564117
187.351334 387.890381
402.464630 187.308792
403.628876 248.902771
368.168182 270.151337
304.491058 388.249237
319.420898 167.742905
187.760376 87.990883
459.446899 256.959076
123.922943 265.906067
442.341583 204.267654
380.273560 113.782448
397.838928 264.267853
418.858459 251.533661
357.311676 217.043182
407.149750 157.350052
350.741333 306.144379
205.443893 316.570221
432.576477 253.463699
-1.000000 -1.000000
172.716476 87.840912
195.118454 402.511017
396.684967 140.209045
317.913147 153.851913
349.606567 245.886490
389.298065 247.774414
370.652832 175.623962
281.503143 229.589569
442.586853 171.194778
218.766998 287.145630
388.062073 296.073242
128.600479 250.802643
173.518738 131.596390
158.287888 131.545105
144.774536 211.412766
184.377350 344.478668
309.320221 195.044830
171.914444 372.551941
156.845901 98.374336
299.171661 424.890717
236.539780 316.133789
416.416809 194.143494
398.686005 208.286301
186.531815 292.446747
365.595032 256.322968
184.156357 103.329018
410.245056 142.270706
201.554672 434.262054
160.976120 158.594925
190.079086 73.479156
349.777191 260.543945
332.161041 123.581673
373.225983 199.130249
176.081161 158.584427
429.742523 218.630554
422.604523 235.602325
418.304871 178.415588
215.521545 301.721497
383.518280 261.960358
145.586105 157.325592
388.611755 280.496063
168.777191 113.515556
171.467987 388.798279
175.017929 73.305984
365.438873 241.015060
323.121582 370.502441
398.822174 226.896118
161.278824 173.255798
153.115448 114.598442
189.136459 131.419800
165.623932 357.407318
157.340942 83.180641
399.467194 124.946693
126.728188 235.557220
322.506561 391.686676
353.579742 418.676361
145.987183 172.853622
414.972961 216.572357
176.692902 173.568100
373.211823 216.397400
-1.000000 -1.000000
316.390869 137.890366
336.293365 417.024689
122.843002 281.484131
320.716614 406.000122
422.226166 160.369064
411.802338 126.266090
142.246017 141.404907
160.610413 197.493378
168.382675 342.091339
268.910736 103.360420
159.853928 68.140381
314.605591 428.660614
386.927765 193.946167
286.246338 135.503708
384.813232 227.515518
-1.000000 -1.000000
179.872940 403.170685
-1.000000 -1.000000
284.092987 110.824600
271.102692 135.456619
145.533340 197.700989
185.213562 432.744629
295.077393 215.608826
268.499939 117.940521
426.018982 145.102280
203.680954 88.464912
385.949188 208.846619
-1.000000 -1.000000
252.512924 112.771957
199.968903 103.056793
316.855896 123.197128
441.088715 157.442719
126.715218 301.160706
177.433472 199.131897
302.423889 172.803589
254.642273 133.379562
206.107117 73.596443
146.559784 326.014282
457.900238 161.636948
127.165100 219.762527
285.540161 95.855072
189.284866 58.157223
302.081238 156.226669
156.986679 372.981934
287.083496 155.615616
129.708725 198.891556
196.464859 208.903015
298.728088 119.036217
192.929672 146.696747
286.196014 173.293091
291.771454 200.604736
271.936951 155.512314
270.889465 172.024948
-1.000000 -1.000000
368.783783 96.568176
112.916336 250.493973
353.639435 96.500267
156.736298 389.441467
317.469147 107.022491
129.555008 182.991043
-1.000000 -1.000000
299.919617 104.251274
293.118805 187.931137
280.071625 215.223053
427.151489 129.508652
278.841766 187.215836
251.637115 97.478752
165.048935 403.919098
399.446289 111.172371
153.156677 341.693970
114.780327 301.147278
205.029480 58.290337
136.313721 127.028320
268.163757 89.019852
129.222198 167.557770
442.871796 140.623871
150.547363 357.142792
244.330307 226.228546
412.506805 113.538696
108.555000 266.097656
170.897888 420.258636
218.439102 214.253372
193.767548 161.336395
235.029633 99.979660
252.127045 83.227226
267.981140 75.315506
108.473228 283.955505
234.609375 77.134369
251.525757 66.212486
111.052391 235.779282
262.509827 185.530899
141.081406 100.091858
228.131027 60.510735
220.231445 89.678810
132.656403 347.641907
418.403046 113.695541
277.276581 200.367538
174.071045 53.091412
289.788513 81.727135
304.366180 90.184181
268.872711 55.800571
459.079315 147.135086
236.666245 116.453316
193.939316 176.149658
142.216599 83.393478
336.225067 108.075127
221.872955 103.810585
288.406189 65.312401
144.577362 67.175812
220.984131 189.203461
240.453491 125.351097
-1.000000 -1.000000
206.503754 113.597519
200.364761 187.355789
-1.000000 -1.000000
253.929642 195.329254
-1.000000 -1.000000
-1.000000 -1.000000
195.367935 41.968815
254.740631 149.962921
125.216431 153.222488
-1.000000 -1.000000
111.359589 219.953323
-1.000000 -1.000000
