210.831985 231.763977
169.736847 216.259140
253.903030 278.293121
194.374054 257.864624
270.588776 250.201828
316.313995 303.143250
139.673218 252.235306
292.860779 292.753265
344.308105 223.795181
372.082275 144.126694
334.503662 249.766663
354.033112 198.161636
325.130035 276.866150
182.816437 110.729416
363.125275 170.705444
393.963501 134.414307
188.049850 221.213211
445.861237 196.239639
176.509659 150.902908
172.420364 137.051819
192.217239 84.175743
164.305664 163.334900
136.940475 241.468033
402.774963 150.407318
468.161713 222.341797
457.923462 209.894394
145.592209 285.642365
426.460602 177.507416
364.084778 188.830658
216.140350 259.561157
248.840683 243.014282
374.275269 162.465225
175.343094 244.263046
415.041718 164.482483
166.397247 178.259369
200.031403 307.111145
266.481598 393.279907
355.399841 215.525925
345.883057 241.396835
225.546814 383.260254
157.909714 203.847961
239.561279 321.397888
318.811279 225.038757
326.223175 294.109863
319.694611 322.568542
447.046173 303.318970
153.936020 337.203461
426.905304 173.176697
452.199463 387.368835
234.106400 263.479187
295.215057 385.762695
276.065125 279.457916
-1.000000 -1.000000
171.774048 341.114380
197.886215 356.780090
411.168488 150.820419
-1.000000 -1.000000
308.798523 166.744522
274.260986 378.591095
335.677612 268.498169
203.881653 442.952576
234.713486 371.280884
187.869904 349.715637
144.848923 213.320648
148.660248 229.571320
245.982468 343.055359
419.066895 260.121521
200.377197 392.296387
393.325623 273.347137
186.639114 126.317818
311.168335 392.435516
192.663239 102.593681
452.183868 317.770264
373.999878 385.374054
-1.000000 -1.000000
251.618912 428.446136
416.575592 428.410248
389.021484 287.063629
153.931610 187.992157
205.396225 329.593170
436.058167 354.108337
-1.000000 -1.000000
368.096985 287.226562
373.701752 453.890503
349.031219 401.831604
177.496902 428.525574
157.651337 422.566467
442.605438 440.729675
392.277832 378.820282
210.640457 415.957581
377.648651 240.139893
464.186310 254.079834
410.165649 333.795410
404.295624 227.952667
404.970886 433.382812
396.857758 220.411713
199.852951 368.936951
-1.000000 -1.000000
361.993042 301.078125
460.511017 363.752716
239.787247 383.516022
368.866089 402.347900
-1.000000 -1.000000
412.466583 378.565308
437.889038 194.658936
456.524567 407.787109
413.920227 274.695923
456.345367 270.898468
433.680847 179.568314
417.499329 362.160004
413.383270 294.308167
204.295547 454.504486
122.955605 269.780853
337.847565 328.194794
193.386063 436.238434
427.110596 217.028473
460.627167 338.699585
159.591736 369.319061
368.058533 366.662537
369.072113 316.828125
-1.000000 -1.000000
-1.000000 -1.000000
240.445023 407.471283
424.052124 448.263397
375.273193 230.102097
-1.000000 -1.000000
388.129608 192.186066
379.637726 205.571686
400.140961 193.834656
461.426178 221.628296
449.539917 208.409317
350.650238 414.935120
-1.000000 -1.000000
187.147964 390.368805
369.410095 263.344452
272.692383 89.930901
288.532990 253.536621
290.222107 376.808380
305.400116 443.832123
393.824127 392.163269
287.403748 437.325745
284.139771 349.550690
-1.000000 -1.000000
404.631134 324.884033
300.889252 357.634613
298.606873 118.154022
157.596222 308.509430
356.374237 442.620209
165.520462 453.709229
443.606293 454.681610
437.491394 368.717987
394.485016 249.567688
-1.000000 -1.000000
406.087677 181.633469
414.327576 239.939850
234.292053 247.716827
446.945770 374.239197
311.009277 383.346924
282.291656 413.090485
204.788940 380.868958
-1.000000 -1.000000
472.243042 261.845520
173.725143 254.273254
265.907745 405.906891
-1.000000 -1.000000
375.015045 409.161926
-1.000000 -1.000000
209.050568 350.072327
248.355927 363.660492
418.645966 385.943634
395.298218 330.852692
365.888306 434.631897
250.128281 267.160858
175.664444 316.714264
398.819458 347.952332
215.190201 269.872406
-1.000000 -1.000000
190.426514 246.545441
452.870300 356.641510
360.618744 348.104614
163.624435 394.226410
206.890671 317.043945
404.074005 404.717896
159.319931 296.659668
319.645172 343.816895
220.689667 241.793854
-1.000000 -1.000000
354.551300 370.793793
438.427795 419.587982
311.318176 116.725731
420.315552 233.462280
220.398956 313.493347
-1.000000 -1.000000
379.312683 292.038330
-1.000000 -1.000000
406.459167 249.780441
245.867401 396.738770
174.211563 418.582764
153.365845 380.504272
380.726044 263.544739
186.766830 338.962555
310.151917 242.895737
260.112946 327.741272
298.949615 269.622192
404.585419 279.569427
363.397827 269.568054
430.721039 265.551086
-1.000000 -1.000000
-1.000000 -1.000000
400.624207 417.339935
-1.000000 -1.000000
160.941940 329.982147
276.469452 423.830353
252.189255 449.497742
-1.000000 -1.000000
351.320648 355.043579
214.133270 438.018707
386.463623 224.814682
218.442581 334.270447
-1.000000 -1.000000
179.492676 304.926605
441.490295 326.353821
193.262009 425.197601
433.786926 309.656128
-1.000000 -1.000000
-1.000000 -1.000000
-1.000000 -1.000000
396.861694 323.604614
409.010468 212.860535
221.251770 421.723175
223.786102 395.630981
263.023346 345.566071
182.808350 403.526001
288.396606 282.680817
-1.000000 -1.000000
398.958893 210.878876
445.446411 286.424927
147.318649 238.712921
378.067841 221.400421
-1.000000 -1.000000
394.806183 238.827301
388.218201 402.486969
247.546600 329.491180
375.050995 338.591980
358.580811 434.957123
345.633057 354.562958
-1.000000 -1.000000
438.264923 304.025208
431.208038 380.304199
318.361938 232.405060
368.641022 251.086731
378.901306 312.352020
-1.000000 -1.000000
470.419800 240.934662
-1.000000 -1.000000
389.334991 254.622055
344.705994 427.488281
300.265961 343.886383
354.281647 256.202301
461.005035 290.637482
422.754547 289.666718
432.111206 331.660950
273.502380 289.406647
462.252106 324.237488
-1.000000 -1.000000
274.383606 337.503326
362.501495 423.636475
440.529388 392.476288
-1.000000 -1.000000
224.228485 354.197205
-1.000000 -1.000000
286.752258 73.532188
389.028076 331.920746
353.322388 342.383453
327.131866 344.663025
-1.000000 -1.000000
201.972366 81.853317
420.770264 166.348557
136.350739 263.855377
409.269623 414.548096
308.210052 258.009308
-1.000000 -1.000000
417.798279 314.049500
440.997070 400.938568
281.347656 94.315880
344.176422 384.943726
362.089050 405.822693
-1.000000 -1.000000
405.355865 381.826691
-1.000000 -1.000000
-1.000000 -1.000000
443.678101 360.895874
392.410278 419.831024
277.242645 388.294617
388.247101 354.567993
264.429047 369.439972
176.651932 124.641693
454.494995 446.083008
395.931396 442.031097
229.743362 336.197754
258.793884 438.733307
441.696075 385.717468
229.321152 439.119415
431.317352 230.534286
351.046112 441.818817
221.077881 90.675011
371.331177 205.024536
-1.000000 -1.000000
396.168945 315.125244
295.925934 255.828461
315.427948 430.884338
-1.000000 -1.000000
189.647141 325.447693
315.822449 68.979362
362.979614 395.042084
449.795227 414.885773
297.065033 134.103424
393.556763 182.579147
-1.000000 -1.000000
-1.000000 -1.000000
-1.000000 -1.000000
223.859543 372.015717
310.128906 322.499481
377.011078 440.607178
173.924347 233.024597
373.940430 192.711716
424.463806 311.237885
215.319183 72.488808
182.435608 136.644623
463.785553 393.481354
406.678680 371.041504
456.058838 437.905609
362.692474 451.692413
-1.000000 -1.000000
431.782837 342.817657
423.022858 407.884613
444.970917 394.381348
315.525146 146.666962
-1.000000 -1.000000
388.832947 145.019089
292.135468 272.563049
-1.000000 -1.000000
-1.000000 -1.000000
307.654144 129.203430
228.782883 402.842743
411.929077 228.067276
384.955688 242.440369
166.514572 150.574219
-1.000000 -1.000000
318.548615 272.570435
165.620224 382.377502
-1.000000 -1.000000
388.058411 372.481110
160.276001 433.276642
380.659180 339.919586
149.985077 250.340408
-1.000000 -1.000000
309.184326 299.795563
399.484406 337.605316
438.748138 309.516663
128.263168 237.421982
337.674957 362.005432
-1.000000 -1.000000
297.841705 279.426239
442.878235 185.696838
164.642563 133.083893
414.737976 330.357391
-1.000000 -1.000000
448.738068 346.892395
211.244446 86.501991
-1.000000 -1.000000
-1.000000 -1.000000
184.371887 80.357178
478.634155 237.394943
438.607147 435.965698
412.231110 174.929993
191.944077 112.443443
-1.000000 -1.000000
318.833649 288.778107
371.027313 353.105835
-1.000000 -1.000000
458.631439 307.194824
311.279907 418.798767
202.608841 402.849548
240.669800 435.449829
421.372864 241.318405
466.989044 212.883255
-1.000000 -1.000000
174.798431 161.203949
131.704697 271.499481
433.809540 406.087555
315.613007 129.995392
153.970825 346.962585
389.110687 429.785370
175.153839 107.300583
263.899536 378.704651
361.401123 333.286682
423.532288 190.592102
338.157837 234.414688
347.515778 189.960434
348.131531 211.998657
420.086456 347.413086
470.590393 213.586380
-1.000000 -1.000000
457.306641 376.453003
-1.000000 -1.000000
234.332382 362.446411
315.965790 262.090088
341.435303 254.960098
156.369843 159.621109
139.080475 226.603836
357.144653 362.522766
-1.000000 -1.000000
-1.000000 -1.000000
351.207275 228.457016
345.978394 453.445251
276.765320 439.897949
436.177155 293.287354
426.632141 433.252075
266.845612 91.981644
291.196381 94.647118
255.663376 243.777817
371.228912 176.400284
320.959076 266.366364
388.260620 327.061981
410.741882 263.579315
404.434052 418.826691
316.629456 117.013809
331.694733 281.011139
-1.000000 -1.000000
