212.004196 219.976868
165.580582 208.396576
257.812256 266.517639
190.741257 252.826065
280.520355 230.410629
331.521088 277.889832
129.071533 249.930344
301.270935 275.303894
359.651642 204.261414
386.759247 133.000076
350.070557 228.016907
369.017883 181.100494
340.642212 253.258652
171.087601 119.370033
378.038940 156.135376
403.188568 127.804321
186.679077 212.379776
442.295746 206.560730
164.427521 157.922104
161.134033 143.398544
180.957840 93.933380
152.881500 168.100632
126.682907 239.344620
411.923279 148.183044
457.041168 239.285492
450.363312 223.905090
133.876953 284.001923
428.507385 182.326309
377.680420 173.908920
214.958328 251.324844
255.043488 228.068085
387.876678 149.911606
169.297760 240.556549
420.570404 165.504349
154.725281 182.908356
194.875519 299.711487
265.092316 382.111053
369.221100 198.166718
359.967102 221.924500
218.104324 377.338348
147.025116 205.812943
239.377563 309.875610
327.697510 212.690109
340.707428 269.711884
333.656982 299.840302
431.978699 320.118195
137.296875 338.254395
429.143341 178.729797
428.563293 409.260651
234.987213 253.615158
299.387695 369.110199
282.936737 264.047394
-1.000000 -1.000000
157.191696 340.038818
188.669968 352.574066
418.363342 150.143616
-1.000000 -1.000000
313.390289 163.138031
275.146423 364.715485
349.693878 246.606079
186.843018 443.172516
230.248459 362.802094
176.364151 346.951508
133.889175 213.473618
137.569321 229.775497
243.608139 332.787659
413.795746 266.935913
186.482193 389.578644
393.222321 272.725128
174.356903 135.204071
317.620697 374.023041
179.860901 113.059029
435.332428 326.265259
372.233185 379.903381
-1.000000 -1.000000
240.978348 422.743378
399.866577 430.418854
390.799500 284.646454
142.674225 190.132889
197.423325 324.140564
423.787506 366.896057
-1.000000 -1.000000
372.807037 279.055756
-1.000000 -1.000000
351.661346 390.212250
154.267731 432.556549
131.393753 429.402191
-1.000000 -1.000000
387.092804 380.496613
193.455933 415.249329
385.184723 231.754578
451.028564 275.928192
402.555298 335.042572
406.854218 227.281342
388.626892 429.414978
401.807007 218.522568
189.882553 364.559326
-1.000000 -1.000000
368.215271 290.942017
437.922302 385.167572
234.806381 375.073975
366.307922 397.515320
-1.000000 -1.000000
401.675018 386.328857
436.236938 203.041840
430.793610 429.925690
410.763367 279.798645
442.055420 287.591766
433.755707 185.649384
407.694092 369.540924
408.261292 298.723907
-1.000000 -1.000000
110.844337 267.325287
350.858521 306.151428
173.347626 438.496399
424.681763 222.892059
441.747467 358.341553
140.634399 371.664581
367.394012 358.914215
371.929443 308.855377
-1.000000 -1.000000
-1.000000 -1.000000
231.863464 400.460052
-1.000000 -1.000000
383.995850 222.119064
-1.000000 -1.000000
397.408295 184.493942
388.538300 200.267303
404.746063 192.412827
452.072235 237.597412
444.176880 220.219803
351.614929 404.901825
-1.000000 -1.000000
167.593948 390.420502
375.712646 254.434601
268.058197 95.186600
301.034546 231.485260
294.021729 362.502563
303.500702 429.896179
386.571045 394.721802
282.683319 426.150604
288.478210 333.548248
-1.000000 -1.000000
397.823547 329.457245
307.434235 338.735901
307.147156 110.254341
141.993225 307.690765
351.708466 435.775482
-1.000000 -1.000000
-1.000000 -1.000000
421.566864 383.512421
396.111450 248.468369
-1.000000 -1.000000
410.892212 180.490097
413.364838 243.961411
236.797424 235.645187
425.143311 393.697449
317.841614 366.302490
280.463867 400.787811
192.585663 375.879181
-1.000000 -1.000000
456.670990 284.682373
166.284225 250.362366
262.715759 395.888641
-1.000000 -1.000000
370.061707 405.688721
-1.000000 -1.000000
199.475235 345.371796
244.090790 355.046021
405.899170 394.579620
390.674530 332.465668
358.919891 431.261200
253.992004 255.197205
162.571442 313.816406
391.490112 348.216400
212.970337 261.627808
-1.000000 -1.000000
186.965195 242.289917
432.926819 376.280640
361.874634 339.483154
139.607956 398.249756
200.433548 310.620453
389.398163 416.286163
145.802399 294.925751
330.844116 321.717712
221.324783 231.218307
-1.000000 -1.000000
355.958984 356.816986
418.211945 436.870972
320.031525 109.931549
416.923767 239.704514
217.363464 303.573334
-1.000000 -1.000000
383.352386 285.820801
-1.000000 -1.000000
-1.000000 -1.000000
239.593582 387.742706
150.941086 424.997040
131.517197 382.663208
-1.000000 -1.000000
175.570068 338.093201
320.210052 228.062622
262.179871 312.301544
309.878601 251.025330
403.174286 281.186951
371.543610 258.160950
425.351074 274.142395
-1.000000 -1.000000
-1.000000 -1.000000
387.571869 423.250610
-1.000000 -1.000000
143.764099 331.982239
272.220459 409.597046
239.517685 445.390137
-1.000000 -1.000000
355.121704 343.195251
194.962921 437.113190
393.488281 219.394684
213.802399 328.381165
-1.000000 -1.000000
168.812408 300.886261
425.900604 342.682556
174.800659 429.387604
423.252075 323.050537
-1.000000 -1.000000
-1.000000 -1.000000
-1.000000 -1.000000
391.599304 327.122498
412.134583 213.580170
205.837463 420.150146
214.308716 390.692200
265.558258 336.457184
161.899673 405.551941
297.390839 265.366394
-1.000000 -1.000000
403.434753 209.371704
431.948944 300.824402
136.505005 237.340775
387.175415 213.203049
-1.000000 -1.000000
396.720306 236.493484
380.572723 404.263733
246.826950 317.926514
376.264282 333.062225
353.823334 430.158264
352.047424 341.368378
-1.000000 -1.000000
424.975739 320.125183
415.169647 394.892609
327.755005 218.814041
373.574066 241.638428
380.531799 307.746704
-1.000000 -1.000000
457.015320 262.058014
-1.000000 -1.000000
393.313477 251.138184
344.685150 416.750732
309.028839 323.858063
364.962555 241.794403
-1.000000 -1.000000
415.670349 297.747772
420.260803 344.528839
279.664703 274.081818
445.450287 343.436615
-1.000000 -1.000000
280.160126 320.052826
356.492249 418.054230
421.306519 411.961304
-1.000000 -1.000000
218.810135 348.691193
-1.000000 -1.000000
289.949890 74.818306
386.959076 332.166107
357.015778 335.725830
337.190643 323.550018
-1.000000 -1.000000
190.641296 92.303787
424.554382 169.653091
127.531822 261.223907
393.324280 423.102966
318.398590 240.745468
-1.000000 -1.000000
411.144684 320.886597
420.991638 416.914368
272.314697 97.357742
347.999054 371.992096
359.794189 399.572632
-1.000000 -1.000000
395.093170 387.533539
-1.000000 -1.000000
-1.000000 -1.000000
427.092468 377.393341
382.414001 424.255310
276.670898 373.669128
384.502472 355.886749
264.462555 359.538971
164.622604 132.663315
-1.000000 -1.000000
383.427429 449.291687
226.341675 327.349579
248.972290 437.360626
421.366730 409.686066
215.765045 438.907166
428.718872 232.342453
349.129913 434.104462
203.654587 103.408836
382.685852 193.502487
-1.000000 -1.000000
391.030029 317.250427
308.473419 234.735336
317.844940 414.480011
-1.000000 -1.000000
181.386536 320.138611
325.191010 65.899712
363.307404 387.241516
425.122803 436.867310
303.708496 128.618423
401.024719 178.310944
-1.000000 -1.000000
-1.000000 -1.000000
-1.000000 -1.000000
217.256088 364.303009
324.615021 299.039001
369.322601 439.038574
167.918243 227.210098
385.766541 182.007797
415.831787 324.740814
200.945709 86.477623
170.636887 144.036301
438.713959 416.832031
399.448822 375.367035
-1.000000 -1.000000
-1.000000 -1.000000
-1.000000 -1.000000
419.664886 356.528564
-1.000000 -1.000000
422.691711 413.353241
320.709259 142.584991
-1.000000 -1.000000
-1.000000 -1.000000
302.158356 254.533157
-1.000000 -1.000000
-1.000000 -1.000000
315.674957 122.120888
218.965775 397.491638
411.391144 230.533691
390.454651 236.442429
154.876801 156.543411
-1.000000 -1.000000
334.708923 249.094513
143.641647 384.205017
-1.000000 -1.000000
383.398499 375.034973
131.840118 438.058105
379.314819 339.422150
139.262009 249.420776
-1.000000 -1.000000
324.709686 274.990723
392.065643 337.642944
425.292725 323.400970
118.297928 235.024109
343.251434 343.446899
-1.000000 -1.000000
308.140228 258.629333
442.047577 195.737854
153.890747 139.542816
407.365875 336.864838
-1.000000 -1.000000
433.537659 362.801697
197.082596 101.804428
-1.000000 -1.000000
-1.000000 -1.000000
172.795471 91.070511
466.497833 262.224854
417.951111 452.450439
418.394989 176.086945
180.095856 121.571823
-1.000000 -1.000000
333.660645 264.575653
371.446014 346.567139
-1.000000 -1.000000
442.293823 326.417389
314.178528 403.470245
187.592575 399.721954
229.300537 429.599396
417.341064 247.604858
459.159027 232.312531
-1.000000 -1.000000
163.004257 166.728348
118.181793 267.596741
414.974426 422.419891
321.892456 125.341232
136.177536 347.088470
378.636169 431.943512
163.784775 115.853073
263.217255 366.871063
363.965027 323.786133
-1.000000 -1.000000
352.497314 216.266983
363.438934 173.401093
362.602081 194.364197
411.112427 353.952606
463.567902 234.144470
-1.000000 -1.000000
434.026459 398.361389
-1.000000 -1.000000
230.418076 353.209778
325.734711 245.437210
356.259949 233.524048
145.411377 163.948471
128.117355 226.475815
357.759674 350.954620
-1.000000 -1.000000
-1.000000 -1.000000
365.791077 209.182236
-1.000000 -1.000000
270.329010 429.623840
423.518707 308.429932
409.116241 442.605652
262.260925 97.547783
285.769958 98.301819
261.880859 226.896652
385.444977 162.925583
334.615845 244.712906
385.428284 327.312622
-1.000000 -1.000000
389.212646 425.265869
323.929199 111.545387
346.700012 257.481750
-1.000000 -1.000000
