202.435745 241.416962
164.290771 227.246262
247.249557 282.358673
191.696167 263.084503
257.117523 258.633179
304.227905 307.427643
142.433441 260.316467
283.994232 295.719025
320.849609 222.979996
337.757538 137.945816
314.724762 250.656448
327.272308 195.310028
309.429565 279.604858
167.145386 111.652237
332.514282 166.632660
361.465637 120.624718
181.585312 231.017303
426.610046 159.575256
166.635834 153.342819
160.908508 139.655502
172.492569 82.728104
155.822281 167.399796
138.572296 249.824539
370.477539 132.667313
458.016968 177.648163
442.560211 168.270477
153.580261 290.800415
402.911377 149.852646
336.381714 184.202362
211.036713 263.998260
237.424576 250.478439
342.596832 156.346710
173.410278 249.981812
386.682831 141.341553
159.658859 182.160400
205.093658 311.546539
275.543610 389.296082
330.918762 212.680969
324.778320 240.620163
239.402252 380.039062
154.507599 209.620697
242.020630 324.735931
300.537384 221.098663
313.068146 296.973755
309.818665 324.661743
449.040924 258.822083
171.473618 337.877380
409.245880 137.942749
469.544067 334.578888
228.143234 268.236572
300.447144 382.754425
266.772705 282.518524
267.532532 447.798065
187.185822 341.317810
211.817505 356.420563
380.032074 129.604370
-1.000000 -1.000000
285.865295 163.361374
281.639587 376.704803
318.510712 269.253143
233.931702 434.600403
245.523880 369.826904
201.182083 348.792480
142.429810 220.377182
148.429672 236.393982
250.897919 342.747620
409.133148 227.820572
222.596466 389.570923
383.153320 249.629898
173.653122 127.356293
314.493408 388.186981
175.556183 101.311020
458.041504 275.314392
379.563049 365.807037
309.058258 450.617279
272.991302 419.796021
437.891144 391.223450
380.202545 265.531403
148.610687 193.693253
213.644272 330.593994
443.511505 311.360321
-1.000000 -1.000000
357.769470 272.212280
394.509125 430.531616
354.759979 388.484100
209.299500 420.417755
191.485306 415.055298
465.720215 390.678925
399.120026 350.358643
235.779938 408.736572
361.629120 228.561523
458.943695 205.240540
415.636963 312.568573
387.774200 206.988678
424.271942 398.171997
376.611298 200.177597
215.177048 367.252777
421.379761 428.786957
354.023499 288.390228
473.868988 312.028503
252.255554 381.158386
377.660156 380.458649
-1.000000 -1.000000
422.007904 342.187256
416.940887 160.722504
478.276520 353.862183
406.133057 243.966690
453.627838 227.345093
411.019531 147.528641
423.809570 327.704041
409.384216 265.830750
236.323578 445.483887
128.162689 278.682251
328.491028 327.503693
223.273270 427.077209
411.142975 188.245209
468.506561 289.847260
183.250992 368.295715
372.391083 351.816742
365.058441 303.922302
444.593353 421.714813
401.987274 445.035919
259.719208 403.929810
446.538544 406.000244
355.645416 217.080673
-1.000000 -1.000000
361.492096 179.707596
357.029144 191.144928
377.885162 173.229370
448.912506 178.975098
433.094696 170.250000
359.889435 400.496552
426.307098 440.761688
210.578903 386.073517
355.953461 250.434845
247.007797 82.209526
271.130920 261.017487
293.252502 372.819458
323.354767 434.824249
404.299713 362.467377
306.438110 428.800812
284.487122 348.674469
-1.000000 -1.000000
405.888428 294.604309
302.147583 356.811066
266.141724 116.659241
170.395050 312.746674
373.416321 424.223938
205.686935 445.401764
470.347717 403.041016
448.488251 324.450134
381.243561 227.648544
-1.000000 -1.000000
381.121857 162.695999
400.128021 212.695572
226.775177 253.650757
462.896423 324.055420
312.094452 378.833649
296.907471 409.053284
222.469147 378.148315
-1.000000 -1.000000
468.999115 211.725266
173.406296 259.816803
278.554382 399.934235
-1.000000 -1.000000
386.991425 387.573761
450.227081 451.782990
221.897736 350.724274
257.992493 363.892059
431.339508 349.472076
395.546173 306.069641
382.694763 410.705200
242.068634 270.652832
187.631119 320.188171
402.802582 322.648560
211.458313 274.039673
-1.000000 -1.000000
186.430405 251.274002
464.337738 306.466888
361.532898 332.604614
192.845795 390.156799
213.179993 318.613251
421.323364 367.142090
169.268173 301.721985
314.083954 344.071381
213.156998 248.406113
-1.000000 -1.000000
357.575531 359.962311
459.241455 369.998230
277.840149 113.199989
406.466553 202.389816
222.931442 316.812012
-1.000000 -1.000000
369.980652 275.335114
70.141495 426.658691
393.222321 222.022141
260.626678 392.626495
202.481598 409.349518
179.506989 379.239594
366.884430 244.559723
197.872467 337.231293
294.802795 242.254929
259.662537 329.915985
288.195282 272.164124
395.022186 253.817413
350.557526 260.192963
421.458954 232.011581
440.580658 454.157104
481.035858 193.063126
416.855621 383.650940
453.759277 427.200378
175.900513 328.390656
293.024658 418.572876
279.115265 442.932526
-1.000000 -1.000000
351.144684 345.287994
243.938019 430.786835
366.183258 208.671188
225.127029 335.050629
201.545288 454.888947
188.027527 309.363739
447.226074 285.485321
220.106354 415.308838
433.065491 271.571564
95.927208 373.603912
47.961006 332.121796
377.512421 439.737549
395.989075 295.608246
387.981567 190.544159
246.855377 414.172516
240.130173 391.466309
264.182648 344.393219
210.726181 398.573639
277.035156 285.467560
-1.000000 -1.000000
377.181213 190.778015
444.897827 245.350906
149.206909 245.832520
355.943634 208.095627
144.136688 419.208191
380.965057 217.382172
401.644165 373.451508
250.017807 330.726929
372.675262 320.778412
373.015930 413.797485
341.807617 345.927490
-1.000000 -1.000000
439.461334 260.502777
444.907013 336.132141
301.185089 231.279236
355.793091 239.100891
375.841553 293.728058
466.674988 414.152435
463.234589 194.573074
370.101715 448.736755
376.694885 237.646378
357.491364 412.576202
299.140198 345.415588
339.308533 248.747086
460.747101 243.790085
420.160400 255.492538
437.825012 290.816956
265.761169 292.404419
468.008850 276.515564
431.089478 454.969879
276.239105 338.946350
377.176819 400.180847
456.022919 344.795715
479.490479 426.659943
232.822800 353.131989
-1.000000 -1.000000
258.877563 67.272301
385.694092 309.171356
350.644196 327.770905
325.719116 336.980103
421.605438 452.055359
183.545120 77.846336
394.968628 140.082642
140.087982 270.564880
428.531769 377.939911
294.798828 259.940094
-1.000000 -1.000000
416.150787 281.520691
460.968231 358.778290
259.269714 88.137703
348.650818 374.969788
369.029175 390.071014
445.914734 437.578430
413.323395 351.099213
435.916595 430.163269
-1.000000 -1.000000
452.745270 314.960602
407.743561 387.083374
284.959106 385.103821
393.317078 329.575836
269.921936 366.250061
163.173996 125.269554
479.563080 392.514069
416.357117 407.807648
235.690811 338.301147
281.822296 430.712555
457.901672 335.539642
254.826294 431.511597
416.262390 199.907166
364.089722 425.046082
208.527298 80.559708
347.893494 194.479706
-1.000000 -1.000000
396.457367 285.225189
281.811249 259.436615
326.041748 423.997955
479.781342 414.023102
198.634186 325.455750
276.851959 64.393837
368.416901 378.780731
471.124084 363.336212
267.603851 131.475327
369.152466 166.017456
256.547394 448.028687
97.612175 384.419739
-1.000000 -1.000000
233.813248 369.175903
298.251007 322.676025
393.633698 413.896088
170.252396 238.895035
348.199615 183.921524
424.214966 273.222229
195.304214 61.762505
171.733017 136.320099
482.047577 336.619568
412.714478 339.871796
481.210785 382.950714
384.398529 430.515594
72.563271 436.838165
438.280914 301.401733
439.314514 370.055298
464.457153 345.784515
291.951172 142.467834
-1.000000 -1.000000
359.232880 129.729126
278.359741 275.729095
292.022705 445.254089
434.295593 419.080414
279.244873 126.812119
248.768738 401.832825
396.596375 202.962524
370.181458 226.678467
155.945633 152.576752
460.868561 445.707520
298.532166 275.064789
192.278305 379.182465
25.685097 392.010071
393.963806 340.642456
194.399536 423.900940
383.218353 318.234100
153.014008 259.810516
416.147430 418.692871
294.370941 306.619232
405.980896 312.487671
443.021362 271.176025
128.376526 246.650314
340.073273 357.324310
-1.000000 -1.000000
287.577759 283.488953
421.491577 149.091202
150.668747 135.477448
415.443695 296.628052
-1.000000 -1.000000
455.384674 301.691254
193.863251 83.481705
234.079269 279.505432
-1.000000 -1.000000
162.202881 78.933083
469.227356 185.804199
460.108337 380.764771
384.968201 150.744003
177.793015 110.440865
-1.000000 -1.000000
298.163544 296.174225
371.041443 334.320923
145.292786 429.562103
460.335724 258.008820
320.669708 413.887421
227.036102 400.230530
265.492767 429.288788
410.261047 214.520920
452.461792 166.502930
474.259308 438.266327
166.852188 162.686218
136.948273 280.110535
450.815613 357.414948
288.685120 124.502357
171.755402 346.395050
406.593536 397.622772
156.667786 107.671791
271.096436 377.886932
360.300720 317.875122
400.806793 159.594009
310.613098 217.694412
315.367798 193.903473
318.196350 209.715912
425.220428 315.086273
461.194794 167.846695
322.209503 129.500381
473.125458 323.761536
256.766541 415.981110
243.994598 362.495453
304.676941 244.750900
329.019958 250.245834
145.330215 162.979095
137.723740 233.413528
362.963745 350.541809
435.502472 444.114960
369.077209 141.709671
334.120178 222.436157
362.293518 435.440979
295.157227 428.561981
434.656647 249.958557
447.861969 393.001801
238.795303 86.279236
269.084808 88.464310
246.290771 252.620636
347.689911 165.223022
305.785431 261.138245
386.061218 298.892365
399.807739 232.698166
425.948944 388.784454
287.674988 113.474541
323.823425 278.556183
328.766510 150.917160
