-1.000000 -1.000000
-1.000000 -1.000000
-1.000000 -1.000000
267.198242 273.386688
-1.000000 -1.000000
367.871613 145.122772
261.114502 257.542023
282.793640 276.544098
-1.000000 -1.000000
-1.000000 -1.000000
-1.000000 -1.000000
-1.000000 -1.000000
295.432983 309.464172
-1.000000 -1.000000
310.037903 315.473358
-1.000000 -1.000000
-1.000000 -1.000000
366.399506 130.003510
324.435089 325.153595
267.227905 289.437531
251.173965 272.770355
-1.000000 -1.000000
299.318817 279.003723
186.611618 244.692642
291.839966 294.754883
435.329834 421.929047
283.994354 260.877991
167.586288 305.709473
353.600830 143.627350
261.150787 241.580841
417.212982 423.072815
374.568726 375.631622
-1.000000 -1.000000
159.398331 241.162338
369.340881 160.703491
418.898621 340.751801
294.271393 324.375885
399.053223 342.359467
361.034363 376.067383
460.302185 389.598328
165.800537 290.867401
186.583939 228.493393
444.617065 307.269135
245.209564 257.122681
458.958618 307.960358
225.590012 261.178802
352.147583 128.873642
390.302399 368.509979
227.767151 372.968964
309.059631 330.593567
152.710297 305.991516
450.402679 417.295868
157.603851 225.336487
445.008728 394.533966
279.621063 309.109650
434.698730 334.338348
257.394073 382.016205
190.754196 260.503326
207.123398 254.834213
166.688751 277.072540
229.344559 358.091980
-1.000000 -1.000000
150.898834 291.021179
231.126556 337.134918
151.299805 276.592407
300.229126 263.830994
435.871246 407.395844
440.072571 321.234558
207.327026 238.795944
402.630981 424.189789
459.753510 404.080872
324.606720 340.074982
-1.000000 -1.000000
347.147003 375.086060
216.869965 332.991974
223.088333 244.938019
-1.000000 -1.000000
310.850403 300.702820
253.225845 409.342743
375.409576 361.151398
421.075104 408.190765
159.534637 257.232422
258.060730 366.100403
205.485458 373.182007
384.040222 347.629578
430.827087 436.377777
354.933929 158.685028
412.643799 354.821594
273.017426 386.174713
366.376221 391.479370
419.800842 326.357239
457.841797 323.107819
331.099762 303.007172
-1.000000 -1.000000
236.268448 278.277710
251.131775 289.056335
213.947693 358.212006
173.155838 320.735535
175.519760 263.152893
289.256683 363.945984
258.302582 347.291534
368.733246 114.986031
430.191559 305.428619
370.786713 407.526947
356.681580 360.482422
401.832703 327.771790
352.085876 390.369385
138.196945 268.904266
273.383362 370.048981
415.861206 377.016083
298.805542 241.401077
201.474289 332.630157
338.353210 343.467651
288.219421 389.237274
286.109467 405.228210
160.297775 209.905701
462.284393 374.382294
460.003632 338.442413
196.973572 358.366150
279.774048 244.211945
209.162231 270.566498
245.952042 434.745667
269.377502 408.533142
388.597748 383.225189
445.747803 292.413025
460.649200 293.970734
226.527969 388.219421
355.274536 339.016937
376.652405 438.611359
144.310699 241.516342
357.952393 406.109375
382.127319 147.119797
322.215057 355.461731
291.176697 338.576416
445.986633 379.641327
314.151093 241.039230
180.888504 212.693695
429.892120 390.966003
-1.000000 -1.000000
277.270599 323.581207
134.081573 283.851105
361.213898 172.827286
433.211304 348.880676
338.206940 155.075638
313.631348 224.858536
448.973236 431.756714
244.058960 240.863480
230.752945 435.237030
384.889984 332.091278
461.440155 355.940033
200.934937 387.798767
400.582336 313.324951
344.946960 214.835464
346.406982 199.267105
185.600464 374.857239
407.643280 406.403168
234.220871 408.775299
137.930252 307.009460
342.886658 228.598709
354.697937 114.121635
209.509888 403.655884
264.049652 304.183716
380.567963 131.669037
400.965240 298.085083
202.790680 223.065170
457.710754 197.364395
344.584167 185.851410
329.778595 214.045792
336.577240 255.931030
445.580017 267.787994
367.513702 305.294586
-1.000000 -1.000000
213.935333 435.625183
336.931122 140.035706
331.654236 198.278732
342.965546 405.431000
247.379333 330.847198
366.561462 289.068268
315.103851 269.783630
186.993301 278.658447
336.198364 271.534515
308.723938 344.980377
281.223389 421.569183
264.236847 433.884338
368.462036 345.946686
443.946960 191.990585
444.785278 242.244217
339.404785 169.104889
334.028564 286.604675
314.682007 211.308044
223.634155 228.757904
235.247009 293.146332
314.336273 283.566528
362.916382 188.883087
158.487869 321.476440
-1.000000 -1.000000
382.399780 163.425293
381.752319 412.740417
219.887009 317.381866
365.037476 423.781219
449.550232 351.485840
396.844604 158.630310
337.309662 390.075714
263.716736 227.391693
392.641022 182.021240
329.648804 185.078796
185.231979 306.412262
362.902863 321.101074
412.483307 271.526245
380.457245 312.471954
338.561646 327.206055
-1.000000 -1.000000
458.415894 182.086868
300.291260 409.950623
-1.000000 -1.000000
348.788391 292.200134
427.197327 273.201965
457.779602 279.080444
361.757935 203.051346
414.696350 300.398926
458.839508 233.627960
424.130219 364.125763
178.817719 359.666931
-1.000000 -1.000000
142.556412 226.094971
444.548553 227.835388
183.009659 388.740997
405.412872 191.426620
405.021698 253.383957
369.511566 273.260803
303.791199 388.925903
324.250336 168.404175
190.039078 88.966301
458.892487 263.839935
123.540947 265.516754
443.758179 210.665375
384.666840 116.281250
398.796997 268.402588
419.916016 256.457764
360.655579 218.198898
410.843994 161.854004
351.473145 307.305481
203.965515 316.326935
433.113617 259.174683
-1.000000 -1.000000
175.084610 88.714272
190.268936 404.133240
399.864899 143.285294
322.636108 155.264465
352.145660 246.978928
391.050018 252.004028
374.736603 177.356293
283.538879 230.147537
444.296783 176.588730
219.107483 286.976959
388.509369 299.358704
128.329300 250.368149
175.167007 131.685486
160.033127 131.653442
145.050049 210.893723
181.509079 345.292755
313.578156 195.690384
168.207306 373.552338
159.331512 98.978691
296.383087 425.906494
236.143066 316.023834
418.826721 198.930038
400.963776 211.594482
185.964096 292.355743
366.949585 258.775757
186.364502 103.795647
413.703064 146.590973
195.850418 436.384583
162.205170 158.437073
192.555649 74.728622
351.732788 262.278564
337.491119 125.134529
376.310608 201.143753
177.287872 158.421753
431.858032 223.634094
424.350830 240.476776
420.970947 183.290680
214.523300 301.395264
385.224060 265.207428
146.907883 157.303467
389.582825 283.882568
170.921265 113.580185
166.968277 389.783691
177.601578 74.446075
366.866211 243.048630
321.975281 371.196320
400.858337 230.922302
162.315598 172.992508
155.454422 114.733994
190.734650 131.517838
162.446045 358.243347
160.135132 83.837936
403.200012 128.248016
126.563171 235.287033
321.182037 392.629669
350.801117 421.332581
147.063492 172.612213
417.156860 220.418015
177.677322 173.300613
375.680908 218.433395
-1.000000 -1.000000
320.656433 140.344971
333.811554 418.869263
121.786346 280.770966
319.110077 407.230591
425.096680 165.465469
414.898224 129.884064
144.046448 141.467941
161.119385 197.035217
165.769089 342.728180
273.237946 104.615479
162.693604 69.100204
311.766144 429.580475
390.692566 196.294968
290.326660 136.462524
386.173645 230.744202
-1.000000 -1.000000
175.193634 405.222321
-1.000000 -1.000000
288.366913 112.083977
275.303040 136.434723
146.005280 197.338745
179.501114 434.783203
297.644012 216.973465
272.983368 119.197327
429.230804 150.245758
205.416489 89.664658
388.603180 211.683182
-1.000000 -1.000000
257.348206 113.897766
201.728943 103.624313
321.503784 126.658279
443.996216 163.362320
125.194298 300.790680
177.709534 198.453461
306.038269 172.855606
259.461548 134.639801
208.053268 75.125229
144.741776 327.673096
459.846771 167.692062
127.380516 219.387482
289.046295 97.001595
191.389267 59.694088
305.429626 156.037628
153.321976 374.234802
290.635437 155.155457
130.444855 198.754181
196.955032 208.234528
302.740173 120.433617
194.276367 146.351471
289.471832 172.750473
294.536774 202.458344
275.612183 155.172806
274.349945 171.628876
-1.000000 -1.000000
373.090240 99.191956
112.765572 250.175201
358.335876 99.107620
152.420547 391.273956
321.437164 110.470352
130.546631 183.113556
-1.000000 -1.000000
303.628601 105.411537
296.322998 187.852127
281.966980 217.194717
429.888336 134.046280
281.736328 186.997620
255.849808 99.082748
160.397400 406.405518
403.999878 114.262039
150.820145 343.460968
116.095390 303.261200
207.023422 59.957302
138.224640 127.700752
271.846130 90.377998
130.486069 167.590897
445.834106 145.842117
147.596878 358.892090
244.958618 225.606735
417.557281 118.292107
108.481529 265.691711
165.490845 421.905151
219.538818 213.734619
194.655396 161.260712
238.827225 102.335472
256.107758 85.063416
271.677673 77.088142
108.380447 283.445435
238.664902 79.518532
255.846619 68.759125
110.985565 235.603821
265.568787 185.232315
143.515305 101.261330
231.548126 64.921417
221.605957 92.296028
134.114014 366.405792
420.024109 117.257202
279.388245 202.296402
176.295410 54.656853
291.719421 84.027306
306.564362 90.913483
272.435486 59.008865
461.416138 152.938934
242.322647 120.626205
193.918945 176.842545
145.472900 83.595840
338.173889 111.853729
223.096252 107.341164
291.158752 69.046303
147.660568 69.660133
217.780334 199.313889
246.119507 133.113007
-1.000000 -1.000000
207.887680 114.817764
197.883606 192.805527
-1.000000 -1.000000
246.398438 209.054626
-1.000000 -1.000000
-1.000000 -1.000000
199.167328 45.098061
260.388672 154.374893
126.858810 154.563797
-1.000000 -1.000000
112.284126 218.543015
-1.000000 -1.000000
