213.058197 226.360733
170.176544 211.299362
256.395966 274.169220
194.320740 254.963211
275.967957 242.899216
322.489716 295.458069
136.933456 249.315857
297.092651 287.529694
352.696869 218.451447
382.402954 142.171707
342.268463 243.442535
362.888275 193.964218
332.036041 269.790771
183.232346 111.924583
372.680450 167.486954
401.339264 135.355438
189.427704 216.164520
448.428589 205.183746
175.816589 151.671036
172.374939 137.416229
193.513367 86.177643
163.475616 163.071762
134.463089 238.305145
411.071625 153.035904
467.025177 233.965881
458.690796 220.486542
141.196762 282.946838
431.407532 183.496765
372.747711 185.596283
216.963699 256.086914
253.147919 236.792358
383.679138 160.259399
174.482971 241.546097
421.640747 168.720871
165.232529 178.088501
198.297455 303.528229
264.445038 390.131866
363.510803 211.238632
353.294159 236.156479
221.270233 381.016998
156.423309 202.433853
239.630295 317.098236
324.774994 221.664932
332.342072 286.824493
325.100037 316.076691
442.719391 314.680603
146.752991 335.932343
431.961456 179.732651
442.643555 401.286041
235.760025 259.585999
295.439240 381.297577
279.719543 274.669037
-1.000000 -1.000000
165.407135 339.536011
193.313904 354.782867
418.787964 154.378052
-1.000000 -1.000000
314.474640 166.362213
273.284424 374.632721
342.210114 262.271729
194.168457 443.179230
231.814911 368.466156
182.668213 347.838928
142.899597 210.929306
146.338226 227.515900
244.555054 339.726654
419.366913 266.724670
193.142075 390.939362
395.119354 276.634064
186.623108 127.747658
312.110107 387.456024
193.065933 104.764778
446.686920 325.227325
372.381073 386.405060
-1.000000 -1.000000
244.931854 427.220154
408.221771 435.168640
391.142883 289.364319
152.634644 186.546463
201.978027 327.130981
431.305603 363.804382
-1.000000 -1.000000
371.115295 286.997559
-1.000000 -1.000000
348.804077 400.182465
165.740875 429.289734
145.087250 423.908691
432.480225 452.563538
389.555298 383.140167
201.653351 415.677399
382.948395 239.703461
461.624695 267.744995
407.606873 337.385986
408.195099 231.195938
396.959259 439.075226
401.937744 223.004105
194.970352 366.988953
-1.000000 -1.000000
365.340515 299.851013
452.038422 377.464020
236.531616 380.689972
366.511261 403.658691
-1.000000 -1.000000
407.576202 385.890778
441.126373 202.566010
445.586792 421.782196
414.686279 280.571564
452.942688 282.358337
437.980835 186.582565
413.458862 369.124969
412.616821 299.990173
193.867691 454.852997
118.878685 266.281647
342.767242 322.429169
182.637772 436.771606
429.173157 223.418823
454.194214 351.359863
150.710663 368.989380
367.201965 366.518768
370.501556 316.564606
-1.000000 -1.000000
-1.000000 -1.000000
234.921005 405.333252
-1.000000 -1.000000
381.554565 229.867569
-1.000000 -1.000000
395.408081 192.157516
386.325378 205.681931
405.439667 196.423279
461.189819 232.834259
451.000000 217.837662
349.302795 413.807831
-1.000000 -1.000000
177.760452 389.472961
373.590973 262.825500
276.280487 92.170593
294.508270 245.845627
290.503418 373.110565
301.809631 440.806854
389.950897 397.008820
282.817810 434.813171
285.324432 344.933105
-1.000000 -1.000000
402.567261 330.604858
302.609436 352.383331
307.032379 115.626099
151.703781 306.585052
351.866760 443.346069
-1.000000 -1.000000
-1.000000 -1.000000
431.214294 379.233917
397.411285 252.652252
-1.000000 -1.000000
411.853546 184.483200
416.362030 245.246643
236.852951 242.537003
438.270172 387.159637
312.504364 379.155670
279.398315 409.950043
198.545609 378.676056
-1.000000 -1.000000
468.685547 275.955750
172.210098 251.521622
262.742310 403.104431
-1.000000 -1.000000
371.418030 411.418671
-1.000000 -1.000000
204.481567 348.143921
245.711502 361.101562
412.737244 393.799042
393.974609 335.287628
360.889008 436.844727
252.863373 263.050140
170.487228 314.506714
396.191711 352.512909
215.447418 266.397186
-1.000000 -1.000000
190.586639 243.773819
445.339508 369.418091
360.983704 347.773132
152.478149 394.601654
204.419235 314.121613
396.977051 412.418274
154.443161 294.473877
323.859467 337.435577
222.623917 237.215225
-1.000000 -1.000000
354.394745 369.693176
429.395935 431.558716
319.897766 115.144058
421.915619 239.990601
219.099442 309.229797
-1.000000 -1.000000
381.894073 292.559082
-1.000000 -1.000000
408.904053 254.772003
241.747894 393.884918
162.522690 420.030670
143.216354 379.521973
384.458435 265.065460
182.259415 337.750244
315.958862 238.635391
260.625885 322.373901
304.158142 263.994751
405.594116 283.921539
367.862030 268.245026
430.677979 273.126312
-1.000000 -1.000000
-1.000000 -1.000000
393.911743 424.162018
-1.000000 -1.000000
153.977478 329.179688
272.418243 419.618622
244.268921 449.137939
-1.000000 -1.000000
352.342560 353.323425
203.823013 438.193665
392.060425 225.805099
216.459641 331.979065
-1.000000 -1.000000
175.575806 302.289185
436.443512 337.193665
183.563599 426.647217
430.971039 319.169159
-1.000000 -1.000000
-1.000000 -1.000000
-1.000000 -1.000000
395.400818 328.652679
413.519470 216.670303
212.920944 421.470886
218.348862 393.859863
263.683319 343.371918
172.769699 403.836304
292.736481 277.179260
-1.000000 -1.000000
404.034271 214.009445
442.091003 296.770355
144.806671 236.008987
384.629272 221.459747
-1.000000 -1.000000
398.018646 241.563660
383.850891 407.255554
246.996750 325.575623
375.738770 339.192139
354.510864 436.123444
347.793793 351.980530
-1.000000 -1.000000
434.324432 314.788147
424.449493 391.122742
324.341370 228.547379
372.347137 250.336380
380.035797 313.974823
-1.000000 -1.000000
468.251770 253.957993
-1.000000 -1.000000
392.821686 256.175598
342.638489 426.645111
303.107849 337.874207
360.155670 253.372650
456.974670 302.652710
421.409027 297.378174
428.060883 341.603058
276.823181 284.617401
456.816895 337.033691
-1.000000 -1.000000
276.377686 331.494629
358.099121 424.906494
432.321930 405.156555
-1.000000 -1.000000
221.455627 352.676025
-1.000000 -1.000000
294.182678 73.881386
388.906891 335.363770
354.643738 342.972687
330.944519 338.567047
-1.000000 -1.000000
203.314240 84.234276
426.725830 171.769394
133.705399 260.646454
401.515289 422.359650
313.783966 252.628876
-1.000000 -1.000000
416.156342 320.243439
432.127991 411.894836
282.923798 95.518799
344.499603 382.995483
359.665985 406.556824
-1.000000 -1.000000
400.843567 387.997742
-1.000000 -1.000000
-1.000000 -1.000000
437.332947 372.293457
386.645905 425.712219
275.428650 383.762085
386.478516 358.667816
263.466248 367.265381
176.705612 125.638641
-1.000000 -1.000000
388.891510 448.829254
227.992401 333.478394
252.146210 438.686218
433.200836 400.601593
221.208237 440.611053
433.210236 235.228348
348.038239 441.866791
219.814423 94.574135
378.853363 203.477203
-1.000000 -1.000000
394.919525 319.683167
302.365936 248.705734
313.944916 427.005096
-1.000000 -1.000000
186.332947 322.905884
325.834869 68.338524
362.000183 394.928253
439.129272 428.799255
304.265442 132.838211
400.209625 184.360184
-1.000000 -1.000000
-1.000000 -1.000000
-1.000000 -1.000000
220.141830 369.047668
315.611877 315.583954
371.558777 443.952637
173.376724 229.331390
382.012939 191.325531
422.054535 320.521729
216.032593 76.680977
182.428711 137.478302
453.529785 408.491364
403.373566 376.685028
444.597015 451.615143
-1.000000 -1.000000
-1.000000 -1.000000
427.330811 352.850189
-1.000000 -1.000000
435.538605 406.982971
321.839661 146.066696
-1.000000 -1.000000
399.374084 144.645737
297.188538 266.950806
-1.000000 -1.000000
-1.000000 -1.000000
315.654144 127.485023
222.937805 400.960571
414.187012 233.085434
389.119293 243.504944
165.689392 150.800873
-1.000000 -1.000000
325.902954 265.674042
155.517960 381.648743
-1.000000 -1.000000
385.579834 377.724579
146.682266 433.539734
380.323151 343.309631
147.392303 247.716232
-1.000000 -1.000000
315.625854 292.322723
396.652496 340.972260
434.679413 319.514404
125.985550 233.996994
339.374878 358.052094
-1.000000 -1.000000
302.868683 271.919434
446.514465 194.071671
164.898422 133.798920
412.368500 337.669128
-1.000000 -1.000000
443.344574 358.060455
211.345703 90.980522
-1.000000 -1.000000
-1.000000 -1.000000
185.366913 82.867119
476.999054 252.162567
428.852112 448.097870
418.577850 178.945938
192.407166 113.941040
-1.000000 -1.000000
324.999542 281.553009
370.895355 354.144440
-1.000000 -1.000000
453.823822 319.759094
310.246277 415.191467
194.788696 401.576416
233.474258 433.761200
422.512909 247.646561
467.864258 225.490417
-1.000000 -1.000000
174.054199 161.387924
127.035934 267.471893
425.406799 417.188171
322.724457 129.497452
145.928040 344.892914
382.974426 435.170990
175.667130 108.815224
262.385590 375.029938
362.421448 332.694641
-1.000000 -1.000000
345.780670 229.951630
357.174103 186.007401
356.394135 207.536896
416.691406 354.450745
472.284973 226.693542
-1.000000 -1.000000
448.016571 390.106415
-1.000000 -1.000000
231.830078 359.502930
321.027161 257.046021
348.750854 249.031357
155.872467 159.390884
136.991119 223.973480
356.621582 362.565308
-1.000000 -1.000000
-1.000000 -1.000000
359.082428 223.305557
-1.000000 -1.000000
271.473816 436.805786
433.006500 303.666138
418.240082 442.287292
270.485687 93.911255
294.344452 96.447525
259.693909 237.370270
381.051697 174.281052
327.160461 259.955017
388.044006 330.563629
411.985199 269.396515
396.706421 425.691376
324.622498 116.293663
338.399658 274.156830
-1.000000 -1.000000
