212.774399 224.488953
168.763367 210.346436
256.946289 271.678192
193.221985 254.333969
277.632721 238.663132
325.599457 289.716125
134.388947 249.692627
298.707764 283.518158
355.289612 213.663239
384.346191 138.714432
345.113983 238.256958
365.263062 189.534470
335.101929 264.395844
179.501678 114.254471
374.916321 163.410263
400.229797 133.378159
188.528000 214.891174
446.949799 205.223145
172.410980 153.561646
169.006897 139.343719
189.693588 88.567001
160.273529 164.668564
131.911697 238.814438
411.825623 151.155197
464.073120 235.288925
456.544403 221.124756
138.521072 283.474976
430.897186 182.761002
374.785370 181.497086
216.464218 254.568832
253.861908 233.779846
385.616699 156.470825
172.850952 241.297928
421.717987 167.256699
161.980240 179.682220
197.095398 302.465759
264.691711 387.828278
365.802307 206.773834
355.760193 231.340759
220.336197 380.074921
153.461777 203.548706
239.455536 314.900970
325.989319 218.540100
335.256683 281.270691
328.087341 310.798981
439.590271 316.193237
143.657715 336.952454
431.397003 178.771286
438.444550 403.670044
235.597549 257.660980
296.763428 377.399109
280.948608 271.207794
-1.000000 -1.000000
162.618271 339.891632
191.705078 354.312439
419.127960 152.712921
-1.000000 -1.000000
314.437897 165.056534
273.883392 371.603943
344.972656 257.118713
191.571503 443.550385
231.271896 366.714752
180.667389 347.889709
140.039139 211.820251
143.509598 228.393250
244.332779 337.657837
418.122223 266.516876
190.734695 390.717224
394.904938 275.196625
182.823746 130.045242
314.041687 383.334442
189.087448 107.321114
443.350433 323.031616
372.551025 384.277435
-1.000000 -1.000000
243.602264 426.090210
405.662048 433.709991
391.434631 287.667084
149.501953 187.816055
200.576324 326.357452
429.079926 364.687683
-1.000000 -1.000000
371.957703 284.340332
-1.000000 -1.000000
349.808319 397.082611
161.785156 430.755005
140.380203 426.121674
429.037354 454.083405
388.950043 382.276093
198.830475 415.892365
383.870087 236.851624
458.864105 269.961517
406.289520 336.041840
408.117218 229.583771
394.346558 435.152832
402.204315 221.295181
193.344055 366.517883
-1.000000 -1.000000
366.486359 296.790924
447.965454 379.715332
235.894440 379.073303
366.609650 401.713654
-1.000000 -1.000000
405.914062 386.008850
439.994995 202.309082
441.049194 424.307617
413.835266 280.088074
449.997589 283.613190
437.072449 186.026169
411.888000 369.213470
411.516571 299.335846
-1.000000 -1.000000
116.262733 266.862457
345.638336 317.049805
179.580383 437.753723
428.185974 222.865555
450.623657 353.450897
147.272507 370.136841
367.461731 363.734741
371.137634 313.875458
-1.000000 -1.000000
-1.000000 -1.000000
233.777893 403.908264
-1.000000 -1.000000
382.609039 227.080734
-1.000000 -1.000000
396.506500 189.209610
387.433380 203.615570
405.622986 194.777863
458.782715 233.848999
449.196533 218.142426
350.005890 411.065491
-1.000000 -1.000000
174.385361 390.095795
374.639618 259.884186
273.975372 92.825874
296.667572 241.086151
291.715790 369.905853
302.240601 437.407837
389.000946 396.237946
282.695129 432.203033
286.468079 341.440796
-1.000000 -1.000000
401.333679 330.106506
304.200165 348.011627
307.462555 113.545441
148.483688 307.127808
351.793304 440.975220
-1.000000 -1.000000
-1.000000 -1.000000
428.476959 380.446533
397.374420 251.055054
-1.000000 -1.000000
412.046051 182.858749
415.817352 244.375809
236.969925 240.490326
434.345734 389.046448
314.416718 375.165283
279.642029 407.174774
196.527069 378.107330
-1.000000 -1.000000
465.396729 278.439270
170.364410 251.208206
262.719971 401.098022
-1.000000 -1.000000
371.070770 409.529785
-1.000000 -1.000000
202.790375 347.314758
245.216934 359.301544
410.792419 393.921844
393.213074 334.301361
360.279663 435.209808
253.518768 260.510590
167.783920 314.400146
395.030334 351.470734
214.753815 264.888000
-1.000000 -1.000000
189.461243 243.312073
441.655334 371.539612
361.450775 345.065277
148.101517 396.104279
203.172714 313.234436
394.682648 413.495392
151.657593 294.736481
326.208221 332.459747
222.263596 235.247162
-1.000000 -1.000000
355.052216 365.900024
426.119904 433.178680
320.219879 113.226807
420.759338 239.547638
218.695740 307.597565
-1.000000 -1.000000
382.637878 290.174683
-1.000000 -1.000000
408.646454 254.016830
240.996948 392.193634
158.547562 422.086700
139.147507 380.878662
385.381256 263.179565
180.202316 338.189148
317.540710 235.026047
261.240356 319.272858
306.175385 259.766632
405.205536 282.794678
369.384674 264.784882
429.442047 273.119568
-1.000000 -1.000000
-1.000000 -1.000000
392.088196 423.957825
-1.000000 -1.000000
150.563431 330.396515
272.286224 416.697998
242.639038 448.057220
-1.000000 -1.000000
353.439667 350.015747
200.792374 438.254639
392.801483 223.483566
215.534149 330.975006
-1.000000 -1.000000
173.390686 301.956818
433.504913 338.654816
180.705338 428.143616
428.971771 320.130249
-1.000000 -1.000000
-1.000000 -1.000000
-1.000000 -1.000000
394.468353 328.090820
413.551178 215.286407
210.522018 421.437042
217.140533 393.117279
264.467804 341.415100
168.978180 404.566864
294.492249 273.304901
-1.000000 -1.000000
404.354584 212.198120
439.297729 297.751160
142.032043 236.651886
385.914856 218.525085
-1.000000 -1.000000
398.047211 239.692963
382.848297 406.250824
246.954086 323.311401
376.309845 336.882477
354.385468 434.257324
349.507385 348.381439
-1.000000 -1.000000
431.583496 316.239441
421.734375 392.227417
325.605682 225.319702
373.187103 247.344009
380.401764 311.798004
-1.000000 -1.000000
465.200287 256.054047
-1.000000 -1.000000
393.388641 254.117142
343.284363 423.523499
304.938507 333.537659
361.989136 249.332809
453.947601 304.241516
419.870911 297.282867
425.978394 342.282715
277.862122 281.218109
453.670563 338.853058
-1.000000 -1.000000
277.164490 328.439209
357.584259 422.864777
429.073364 407.190735
-1.000000 -1.000000
220.741684 351.698425
-1.000000 -1.000000
293.159332 73.638100
388.569550 334.185822
355.564026 341.115814
332.945160 333.913818
-1.000000 -1.000000
199.435028 86.708046
426.476654 170.721024
131.315643 260.977234
399.044952 422.521912
315.502197 248.569077
-1.000000 -1.000000
414.917114 320.220886
428.832092 413.336090
279.490845 95.525536
345.751740 379.470703
359.882507 404.317017
-1.000000 -1.000000
399.266785 387.817596
-1.000000 -1.000000
-1.000000 -1.000000
434.468567 373.774872
385.443573 425.030609
275.634613 380.773346
386.006287 357.403198
263.872620 365.204193
173.116119 127.822121
-1.000000 -1.000000
387.224243 448.974823
227.496933 331.392151
251.077362 438.093079
429.696564 403.253967
219.353958 440.504150
432.235016 233.697205
348.524231 439.364258
214.692490 97.083237
380.447784 199.799789
-1.000000 -1.000000
393.882080 318.873688
304.378754 244.018234
315.249939 423.205811
-1.000000 -1.000000
184.648346 322.203308
326.265015 67.300735
362.551910 392.482635
434.893433 431.310486
304.436737 131.137589
400.847534 182.026062
-1.000000 -1.000000
-1.000000 -1.000000
-1.000000 -1.000000
219.230133 367.837036
318.459290 310.262909
370.904419 442.351105
171.677231 229.302902
383.637939 187.948959
420.383453 321.704102
211.412933 79.689880
178.728561 139.574875
449.087921 410.957550
402.457672 376.125122
440.533783 453.902069
-1.000000 -1.000000
-1.000000 -1.000000
425.213867 353.938843
-1.000000 -1.000000
431.720673 408.863251
321.805084 144.537262
-1.000000 -1.000000
399.628479 142.238571
299.114044 262.922760
-1.000000 -1.000000
-1.000000 -1.000000
315.951996 125.436790
221.617432 400.048737
413.531952 232.023529
389.891632 240.951035
162.608368 152.554153
-1.000000 -1.000000
329.112122 260.250305
151.522491 382.764801
-1.000000 -1.000000
385.069885 376.947998
141.789749 435.949554
380.286255 342.335449
144.607269 248.523026
-1.000000 -1.000000
318.674194 286.352600
395.458801 339.716919
432.026794 320.453857
123.503334 234.526627
340.779602 353.655579
-1.000000 -1.000000
304.822235 267.161316
445.472900 194.076385
161.579681 135.396164
411.077148 337.001099
-1.000000 -1.000000
440.437775 359.490143
207.147491 93.912483
-1.000000 -1.000000
-1.000000 -1.000000
181.589630 85.440033
474.216370 254.772293
425.568787 449.460175
419.160583 177.815536
188.595749 116.297333
-1.000000 -1.000000
328.111877 276.021545
371.289520 351.885651
-1.000000 -1.000000
450.532104 321.754700
311.601410 411.472137
192.275833 401.232849
231.939621 432.664093
421.356445 247.213486
465.747955 227.280029
-1.000000 -1.000000
170.648895 163.098221
124.209335 267.730988
422.259399 418.413605
322.745331 127.860161
143.203171 346.608215
381.602997 433.971344
172.102814 110.760277
262.700897 372.605225
363.101013 329.806091
-1.000000 -1.000000
348.289520 225.517227
359.575684 181.746689
358.842041 203.010681
415.213562 354.229095
469.943237 228.613785
-1.000000 -1.000000
443.870361 392.635956
-1.000000 -1.000000
231.318573 357.666290
322.788452 253.135803
351.334717 244.021286
152.854858 160.755020
134.085663 224.933655
357.021637 359.789459
-1.000000 -1.000000
-1.000000 -1.000000
361.598511 218.609253
-1.000000 -1.000000
271.058197 435.214722
430.395203 304.971313
415.655640 442.572937
268.095154 94.551361
291.926636 96.395325
260.500977 233.911224
382.474762 170.273849
329.672394 254.888626
387.679810 329.404358
411.285706 267.825500
394.373566 425.465088
324.760681 114.658073
341.315521 268.768158
-1.000000 -1.000000
