-1.000000 -1.000000
-1.000000 -1.000000
-1.000000 -1.000000
266.417908 273.609375
-1.000000 -1.000000
365.050079 143.656647
260.298370 257.635132
281.896118 276.796844
-1.000000 -1.000000
-1.000000 -1.000000
-1.000000 -1.000000
-1.000000 -1.000000
294.266571 309.389587
-1.000000 -1.000000
308.897583 315.326538
-1.000000 -1.000000
-1.000000 -1.000000
363.491577 128.427765
323.613739 324.947845
266.535980 289.833527
250.542633 273.090576
-1.000000 -1.000000
298.056152 279.211365
186.344040 245.080490
290.704987 294.971497
437.448334 418.005493
283.028198 260.900696
168.586960 305.899597
350.541382 142.411194
260.312286 241.501312
419.072571 419.463074
375.131805 373.802582
-1.000000 -1.000000
159.315048 241.632889
366.536713 159.402252
419.546875 337.537720
293.167084 323.903076
399.425354 339.519135
361.494171 374.429840
462.191437 384.561951
166.728073 291.063477
186.345016 228.806305
445.071014 303.092194
244.600388 257.412292
459.688385 303.482849
225.163513 261.521851
349.024353 127.542557
390.708099 366.006165
229.099808 372.461182
308.083191 330.125885
153.677704 306.191772
452.451385 412.794281
157.446457 225.717667
446.902405 390.215302
278.877960 309.029266
435.193298 330.510437
258.051392 381.447906
190.514130 260.824066
206.827011 255.230392
167.287720 277.305481
230.593597 357.730865
-1.000000 -1.000000
151.775665 291.201416
232.103363 337.328461
151.692215 276.805664
298.981506 263.579041
437.909607 403.527313
440.492157 317.155823
207.049744 239.122574
404.432861 421.063324
461.683136 399.143158
324.360779 339.918518
-1.000000 -1.000000
347.874207 373.440430
217.977768 333.174469
222.557739 245.264709
-1.000000 -1.000000
309.637909 300.867981
254.449661 408.487762
375.927124 359.376801
422.990448 404.715210
159.492798 257.586670
258.709503 365.738892
207.041962 372.644287
384.450958 345.235016
432.930725 432.366058
351.870911 157.807770
413.265656 351.532593
273.595428 385.599304
366.994995 389.524658
420.390625 323.181793
458.673309 318.340271
329.879333 303.051270
392.521179 438.875000
235.851151 278.592499
250.455490 289.290039
215.234833 357.840912
174.433731 320.958710
175.486069 263.431213
289.527527 363.761871
258.924194 347.367950
366.159760 113.418602
430.571960 301.748444
371.784576 405.561859
357.022278 359.238037
402.251038 325.086273
352.943665 388.318634
138.455521 269.107147
273.801147 369.586914
417.084229 373.778595
297.362610 241.073395
202.741730 332.709747
338.695923 343.104919
288.543823 388.795349
286.683411 404.543793
160.074051 210.253555
464.187897 369.399628
461.185333 333.692047
198.724747 358.048920
278.720581 244.058472
208.826370 270.904602
248.808228 433.683624
270.475769 407.620911
389.188843 380.983154
446.216125 288.357422
461.364014 289.658905
228.076630 387.556519
355.398804 338.254822
378.410248 437.919952
144.232468 241.964417
359.033295 403.970947
379.936218 145.448349
322.738312 355.019287
290.356445 338.049103
447.742279 375.419922
312.497559 240.405624
180.701324 213.044785
431.872528 387.583252
-1.000000 -1.000000
276.450378 323.090729
134.854187 284.125397
358.248993 172.346115
433.844299 345.236572
334.972443 154.276001
311.598480 224.398880
451.193665 427.366699
243.574707 241.071442
233.668823 434.063782
385.290375 330.064392
463.228241 351.234467
203.210876 387.362976
400.907196 311.016632
342.633636 214.037399
343.846832 198.604034
187.595505 374.218018
409.326508 403.433105
236.796631 408.563263
138.881042 307.138367
340.820953 228.285080
351.972198 112.651001
212.190750 402.924622
263.688141 304.257751
378.220520 129.938019
401.018036 295.900024
202.539490 223.367935
457.242798 193.893890
341.830688 185.137939
327.516174 213.242355
334.969818 255.494308
445.788422 264.025879
367.683929 303.884521
-1.000000 -1.000000
217.227722 434.467072
333.609650 139.134155
329.050079 197.628006
344.082306 403.573883
247.687332 330.853424
366.251373 287.546204
313.847076 269.365570
186.649445 278.565430
334.868347 270.429871
308.426361 344.736694
282.958771 421.133942
266.342224 433.270111
368.930084 344.675293
443.120178 188.585541
444.528381 238.815277
336.268372 168.755890
332.800476 285.796844
312.358429 210.587845
222.950806 228.990097
234.992325 293.251129
313.040771 283.734589
360.306366 188.050232
159.562149 321.565033
-1.000000 -1.000000
380.503143 161.776566
383.378082 410.688965
220.839401 317.453064
366.943176 422.079865
450.658325 347.335876
395.034058 156.566498
338.204773 388.509918
262.288391 226.983185
390.817139 180.151062
326.862854 184.277863
186.496094 306.622894
363.188904 320.107727
412.304749 268.653809
380.774933 310.702087
338.334869 327.000885
-1.000000 -1.000000
457.845154 178.642944
300.892731 409.254974
-1.000000 -1.000000
348.163055 291.115662
427.381927 269.961731
458.359894 275.152435
359.486755 202.097900
415.225647 297.825226
458.933044 229.931656
425.193665 360.359558
180.633591 359.262360
-1.000000 -1.000000
142.416519 226.354050
444.038025 224.289948
185.557037 388.366638
403.554077 188.956253
404.161224 250.509476
368.869751 271.068054
304.056091 388.663391
321.239746 167.904205
188.719910 88.227959
459.339447 260.010803
123.675209 265.727997
443.020599 206.751770
382.100037 114.588928
398.244995 265.895264
419.370789 253.570953
358.713898 217.446228
408.502075 158.829071
351.148926 306.740112
204.998322 316.431976
432.859436 255.936844
-1.000000 -1.000000
173.703781 88.039391
193.047653 403.011444
398.164032 141.387131
319.746735 154.281082
350.629181 246.361069
389.916168 249.260376
372.166107 176.489532
282.407135 229.590500
443.302795 173.184769
218.924500 287.107941
388.286285 297.571503
128.468002 250.648712
174.176071 131.658798
158.892929 131.603836
144.837067 211.117950
183.191025 345.015076
310.920807 195.157349
170.290176 372.994843
157.793274 98.538651
297.938080 425.495575
236.343216 315.971588
417.321167 196.052277
399.458771 210.019516
186.388809 292.369324
366.336121 257.245453
185.061081 103.449181
411.608093 143.767456
199.237869 435.318970
161.436981 158.598206
191.101166 73.831154
350.629669 261.103119
334.169861 124.107056
374.629822 200.047729
176.540161 158.586563
430.458008 220.965591
423.259979 237.676605
419.495239 180.277557
215.253555 301.575165
384.066589 263.248108
146.038483 157.349792
388.934052 281.974854
169.647400 113.488167
169.607620 389.387817
176.072800 73.614990
366.378326 241.898361
322.834442 370.598114
399.528625 228.511688
161.659714 173.234680
153.985031 114.586479
189.814224 131.467041
164.199615 357.831055
158.400848 83.355026
401.015381 126.089867
126.622192 235.426224
322.208435 392.303650
352.928925 419.708435
146.364059 172.810547
415.642303 218.491135
177.074997 173.566910
374.593658 217.194489
-1.000000 -1.000000
318.171204 138.570328
335.636261 417.806671
122.336182 281.235168
320.277130 406.617004
423.535278 162.286072
413.070374 127.524773
142.854843 141.389908
160.794510 197.277435
167.221832 342.443085
270.639252 103.664284
160.959335 68.379814
313.419434 429.273254
388.199341 195.301239
287.867889 135.719009
385.610443 228.834503
-1.000000 -1.000000
177.834808 403.761200
-1.000000 -1.000000
285.811157 111.097588
272.750946 135.678177
145.672653 197.561768
182.836151 433.715332
296.164490 215.850693
270.253815 118.225235
427.423798 147.019501
204.527573 88.795616
387.027069 210.259476
-1.000000 -1.000000
254.319290 113.142525
200.795654 103.190727
318.734467 124.158279
442.345825 159.673477
126.055275 301.077484
177.614716 198.855774
303.877289 173.031464
256.348206 133.700546
207.062500 74.061897
145.757141 326.830200
458.716888 163.914444
127.191376 219.525665
287.058838 96.114586
190.202515 58.580727
303.531067 156.388687
155.403351 373.626526
288.571106 155.709900
129.861343 198.723755
196.663605 208.534302
300.358856 119.310333
193.541748 146.664948
287.531250 173.375885
292.899200 201.010147
273.451843 155.642792
272.264771 172.145721
-1.000000 -1.000000
370.588318 97.452797
112.748260 250.333252
355.563141 97.355865
154.966476 390.385315
319.099915 107.974525
129.826050 182.984207
-1.000000 -1.000000
301.478088 104.472740
294.396790 188.065689
280.971405 215.601883
428.449951 131.293411
280.037048 187.328232
253.266068 97.956741
163.027756 404.662933
401.436707 112.313858
152.088318 342.399811
115.504913 302.435150
205.959213 58.779270
136.954407 127.215103
269.674011 89.413368
129.628799 167.488678
444.183533 142.618668
149.163254 357.725006
244.642838 225.898605
414.700836 115.348557
108.441284 265.956543
168.625229 420.988220
218.802124 213.924957
194.266434 161.289093
236.388412 100.677963
253.715607 83.815285
269.504425 75.887085
108.288689 283.738129
236.010513 77.814041
253.209961 66.940208
110.951889 235.705688
263.684296 185.582245
141.991318 100.481285
229.344131 61.821178
221.050415 90.589912
132.916336 353.590790
418.860138 114.984993
278.212433 200.786148
175.074753 53.529427
290.920929 82.466652
305.515747 90.341194
270.199432 56.686893
460.172638 149.424622
238.795959 117.804298
194.072800 176.473373
143.424286 83.397133
337.310974 109.208893
222.723877 104.941475
289.842010 66.512749
145.757507 67.874939
221.008072 190.687408
242.482773 127.397194
-1.000000 -1.000000
207.236679 113.978951
199.873886 188.852020
-1.000000 -1.000000
253.411148 197.493454
-1.000000 -1.000000
-1.000000 -1.000000
196.890350 42.966084
256.731781 151.334320
125.715263 153.557007
-1.000000 -1.000000
111.567024 219.417313
-1.000000 -1.000000
