-1.000000 -1.000000
-1.000000 -1.000000
-1.000000 -1.000000
275.687744 268.266571
-1.000000 -1.000000
393.449829 158.000046
269.759430 251.340637
292.613800 271.850677
-1.000000 -1.000000
-1.000000 -1.000000
-1.000000 -1.000000
-1.000000 -1.000000
305.903503 306.600983
-1.000000 -1.000000
320.139801 313.184814
-1.000000 -1.000000
-1.000000 -1.000000
392.867279 143.600739
333.062836 324.055573
274.993317 284.619873
258.958374 267.212158
-1.000000 -1.000000
311.919861 274.419098
190.655060 236.740982
302.565643 291.091187
-1.000000 -1.000000
295.059753 256.374817
157.512878 296.245789
381.259857 154.522369
270.563354 235.598984
-1.000000 -1.000000
368.225525 388.917786
-1.000000 -1.000000
161.276901 231.360809
394.391968 173.346344
410.805695 368.394653
304.022003 323.179810
394.062256 365.966370
356.805359 386.704803
439.159882 433.077911
157.190567 281.533264
191.034012 218.838120
437.627106 345.080048
253.388199 250.254868
448.852722 347.854309
231.428711 254.466217
380.723816 140.722748
384.451874 387.904114
217.164291 371.863556
316.719391 329.354401
142.789322 296.458832
-1.000000 -1.000000
160.473892 214.841965
424.598602 433.149780
287.753052 306.101379
427.178589 367.999573
250.255951 381.900421
194.615295 254.653442
211.731934 247.063263
161.212570 268.183868
219.841125 356.647095
-1.000000 -1.000000
142.617477 281.744965
225.545029 332.489349
146.449112 267.563354
313.442444 260.759491
-1.000000 -1.000000
433.174530 357.349609
212.499802 229.442444
-1.000000 -1.000000
-1.000000 -1.000000
328.226410 338.980835
-1.000000 -1.000000
342.848236 385.128693
210.256866 327.251984
229.134674 235.926834
-1.000000 -1.000000
321.944061 297.434692
240.667862 410.282532
369.648956 375.612946
401.086517 438.220886
160.678558 248.996796
251.602676 365.178497
193.083817 371.745209
379.417419 366.705963
-1.000000 -1.000000
382.376770 167.701599
404.772888 382.006195
267.186707 386.265472
360.647095 403.586456
412.423492 355.160950
446.923187 364.231232
341.808350 302.436127
-1.000000 -1.000000
242.791656 273.310242
258.522644 284.488861
203.176987 356.330292
161.204605 311.355194
177.875259 257.004181
285.341187 360.816406
253.615234 343.671387
394.220917 128.223206
424.684875 338.948883
361.717560 419.812592
353.905396 369.005585
396.704132 350.929291
346.584564 401.655853
135.205734 260.280457
268.479095 369.779785
403.053589 403.703278
313.807037 238.462463
193.573196 328.008850
339.707489 343.755920
283.393036 389.003662
278.069916 406.384247
164.386063 199.630692
440.958679 418.331879
446.078827 379.415833
184.365234 356.569946
292.837250 239.523392
213.373932 264.686371
220.929718 438.217560
258.346558 409.686279
381.019989 401.349670
438.701416 330.038055
451.193970 333.513916
214.294876 387.591431
355.710663 344.655731
-1.000000 -1.000000
145.812042 231.999054
350.202362 418.208954
403.693268 161.836761
320.830200 353.869110
296.573608 336.479126
427.378296 416.851318
330.043030 242.358383
185.474182 202.197861
409.652039 422.079895
-1.000000 -1.000000
280.535797 320.359833
126.882690 274.481934
387.372375 180.146011
423.832031 381.678436
366.771301 163.216415
332.417053 225.867126
-1.000000 -1.000000
252.772369 232.929474
204.556229 438.618439
381.114838 348.723480
441.725189 400.223938
184.797165 385.437836
396.573395 335.682587
365.398560 219.528793
369.380676 203.569672
166.860291 373.155701
390.679932 432.842896
215.337082 405.802246
127.974388 297.928314
362.214081 230.361252
381.443207 126.540344
188.135300 401.655945
269.599945 300.159393
403.572174 146.458817
399.527466 319.212372
208.500275 213.680756
462.556458 229.611603
369.027191 192.297318
350.067139 218.195251
351.953613 257.209747
441.215515 304.235321
369.935913 314.980164
-1.000000 -1.000000
186.018097 438.643036
366.365326 148.645187
355.023621 201.701736
335.611969 415.634308
244.201141 325.526306
372.595306 299.604034
327.887573 269.402588
190.305695 273.855835
348.868652 275.395874
310.856049 342.520203
264.933868 422.218933
243.458450 435.376923
363.938507 357.465393
451.029510 223.413513
445.464661 276.508453
367.425751 173.443604
344.769806 289.055573
335.384521 214.112427
230.975830 219.610306
239.786423 288.738617
327.004211 279.642120
386.753235 197.302979
146.900787 313.107208
-1.000000 -1.000000
402.573395 179.070541
367.020752 426.553558
215.356857 310.652710
350.171814 437.390350
436.090576 391.142212
414.174713 176.803513
332.230072 399.172882
276.464508 222.967667
408.910004 200.964523
354.266174 191.233398
177.857620 297.899963
362.217316 329.475952
413.919525 297.131927
379.757935 326.595795
343.863068 327.657257
-1.000000 -1.000000
464.337616 213.446030
291.477814 411.333893
-1.000000 -1.000000
356.082062 298.012268
425.547302 303.588654
450.058319 317.110565
382.934021 211.136520
409.782257 324.097839
458.050812 270.623138
412.413208 394.304871
161.185120 357.082611
-1.000000 -1.000000
144.794876 217.008438
447.521118 263.797882
159.535034 385.879608
419.667694 215.064468
412.301453 277.187439
378.021729 288.161407
301.929565 389.112549
351.579285 172.688629
204.113068 91.056160
453.317444 301.011322
121.366219 256.587402
449.252380 246.280457
408.776154 129.802124
402.859619 289.660706
425.132721 283.358063
380.493591 224.472626
429.449432 188.405075
357.063812 311.410461
198.436615 308.881226
433.979126 290.789642
-1.000000 -1.000000
189.528625 90.384064
163.293945 403.871002
418.970428 160.165695
349.237305 163.500900
367.858978 251.706512
399.793488 273.799225
396.224457 189.429565
298.179321 226.228378
454.789062 208.681885
221.651993 281.771240
389.803497 316.041382
127.547958 241.264771
186.059326 129.877457
170.977936 129.932510
148.371796 203.030563
166.375763 343.200531
337.258209 198.210907
148.133270 371.371674
173.690536 99.683006
280.580505 426.457550
234.803802 310.717407
430.282562 226.729172
413.370117 230.480667
182.714401 285.246826
375.670929 271.078430
200.001328 103.892456
433.283661 170.220840
-1.000000 -1.000000
170.463165 155.321564
207.497665 78.189812
362.981384 269.302643
367.467407 134.989792
394.864655 212.408432
185.549118 155.341278
440.392365 256.054443
432.744446 269.080444
434.415527 212.472397
211.001282 294.381226
393.360046 283.362885
155.253159 154.345139
393.746216 301.556793
184.407120 111.223557
143.109253 388.187866
193.056061 77.476875
376.905151 251.988235
318.570862 369.587646
411.200714 251.548569
169.398163 169.146774
169.013718 112.675293
201.868546 129.644714
145.128845 356.130646
176.103745 84.604874
428.213745 149.181030
126.268074 226.924423
316.571869 394.517517
337.888641 431.387756
153.954254 168.169525
428.095032 242.708481
184.820633 169.739334
390.280273 228.607269
-1.000000 -1.000000
343.181396 151.915543
322.283234 422.609283
115.573555 270.283325
312.276001 409.001160
440.849854 195.301788
435.983612 150.950760
154.304916 138.579834
166.418396 188.002960
150.745544 339.485168
298.064117 110.452415
179.167389 71.537148
296.991364 429.534882
408.646790 212.551147
313.584381 140.221878
396.190460 245.901321
-1.000000 -1.000000
148.589401 406.709259
-1.000000 -1.000000
313.172913 117.227280
299.097290 140.246704
150.601517 189.702591
146.841766 438.754333
311.399963 219.683365
298.158295 124.958031
446.360138 178.230774
218.218567 92.891647
404.174988 226.618347
-1.000000 -1.000000
283.272064 121.153374
214.673111 104.295708
346.119263 143.024796
458.320099 196.670181
116.052490 289.492767
182.955490 188.759628
326.592926 173.856094
285.447266 141.637405
221.176300 78.936867
132.023041 322.738922
470.092072 202.507660
129.433243 210.628098
312.593628 102.162254
206.009842 63.898701
326.263184 156.760574
133.236832 376.213745
312.234711 155.093735
134.264755 193.009171
202.872345 198.409775
326.389160 125.852455
204.391068 142.654358
309.725342 172.349182
308.851135 207.952225
297.706665 155.442703
295.294556 171.842102
-1.000000 -1.000000
399.600830 113.350060
112.162811 241.390610
385.560089 113.228401
128.784485 415.243439
346.674957 129.987503
136.353882 178.563141
-1.000000 -1.000000
327.634521 110.263405
315.092743 188.525833
296.460022 218.788773
445.259308 155.236038
300.313477 187.281540
279.562714 108.299484
133.520996 415.934326
431.473511 133.394531
135.820847 342.921234
108.321678 289.099091
220.235550 64.048668
148.496170 127.247017
293.334290 96.587585
137.770859 162.821198
463.896210 179.026993
130.362183 362.371826
252.786057 216.794525
444.384766 144.700745
107.261757 257.340424
135.351471 427.630371
227.857986 204.934860
202.056519 158.875595
261.559052 116.386528
277.253998 94.268494
291.938812 85.789253
105.790283 274.216522
261.494141 90.845123
277.496155 78.231613
110.645355 228.079330
284.273041 184.452820
157.030243 101.985313
251.741791 80.890305
231.986481 100.323196
-1.000000 -1.000000
445.696503 143.393967
290.059113 210.982254
191.517349 58.575600
308.400574 90.783539
327.069763 94.743683
294.002869 69.998108
-1.000000 -1.000000
272.348724 148.724243
198.787354 175.233994
163.331329 81.052170
363.897522 124.225807
229.336273 126.096992
307.561737 78.955826
164.625000 74.907936
226.893188 197.751953
276.232727 165.651001
-1.000000 -1.000000
219.513550 114.580223
205.120712 185.458847
-1.000000 -1.000000
255.122299 203.600861
-1.000000 -1.000000
-1.000000 -1.000000
210.870224 52.397232
285.892517 162.573975
134.894470 153.242844
-1.000000 -1.000000
115.607674 207.095764
-1.000000 -1.000000
