201.683334 242.429077
164.127274 228.322311
246.274200 281.988312
191.412582 262.737549
255.650055 259.691162
302.752777 307.627563
143.234665 260.344696
282.675720 295.227997
317.577545 222.882263
332.434021 137.317139
311.990997 250.723480
323.183197 194.997910
307.322723 279.712982
164.993484 111.405411
327.809784 166.167236
355.783600 119.018951
180.910324 231.732483
422.866821 154.174118
165.304153 152.797028
159.452637 139.437317
169.584930 82.422035
154.861008 167.330856
139.289108 250.064148
364.870361 130.503784
455.636444 170.638245
439.384277 162.029007
155.323929 290.841339
398.635254 145.895065
332.279419 183.452103
210.561493 263.706909
235.882156 251.036560
337.881439 155.492996
173.262070 249.684998
381.481995 138.208466
158.794830 181.725906
205.757584 311.437714
277.478973 387.777252
327.564911 212.201187
321.966278 240.154770
241.903671 378.653351
154.274109 209.499069
242.259293 324.539551
297.431244 220.835922
311.662964 296.909027
308.659393 324.218658
448.720398 251.226303
174.439651 336.533173
406.215546 132.400497
471.623169 325.437408
227.270966 267.937561
301.488068 381.182892
265.557068 282.100372
272.096466 444.544739
189.753830 339.803253
214.149246 354.904144
374.539093 126.934853
-1.000000 -1.000000
281.989014 161.997101
283.012695 375.186615
316.431702 269.028351
238.801651 431.338837
247.463150 368.163605
203.678177 347.490692
142.689575 220.797256
148.717896 236.347900
252.086426 341.607758
407.253479 222.819977
226.205154 387.421082
381.173706 245.845764
171.804977 126.830780
315.496124 386.836670
173.168152 100.745537
458.252808 267.366364
380.547760 361.913971
312.936615 447.506195
276.797302 417.003448
440.767059 383.939117
378.314270 262.302551
148.261475 193.955811
215.487595 329.485565
443.968475 304.516571
-1.000000 -1.000000
356.145020 269.718170
397.625763 425.254791
355.700989 385.918182
214.435791 417.204620
196.915146 411.991730
468.723450 381.445770
399.828430 345.696320
240.079147 405.927124
358.559662 226.019302
457.156494 197.431046
416.038910 306.728546
384.521332 203.105042
426.957214 391.392914
372.916565 197.209839
217.753387 365.684296
424.541504 422.373505
352.293335 286.360382
475.207031 303.262573
254.348221 379.809753
379.093811 376.328674
404.974823 453.756714
423.222473 335.994781
413.111115 155.844177
481.001801 344.767639
404.207733 239.392563
452.556274 219.919662
408.108398 142.329865
424.705627 321.718842
408.397278 260.417999
241.474640 442.237885
129.679642 279.012695
327.480713 326.604889
228.360962 423.980011
408.219238 183.123642
468.951782 281.633728
187.334625 366.247101
373.009521 348.065033
364.260925 300.651337
448.270386 413.644501
405.361603 439.464966
262.716309 401.747864
449.616943 398.311432
351.992432 215.199097
-1.000000 -1.000000
357.325165 177.609451
353.144928 189.304932
374.035034 170.203766
446.082916 172.301514
429.658112 164.506714
361.305786 397.327820
430.067413 433.792938
214.529099 383.981750
353.625763 247.954147
243.385468 81.636467
268.592499 261.934326
294.265045 371.174713
326.082428 432.115662
405.501190 357.170654
309.563263 426.106628
284.901886 347.612823
-1.000000 -1.000000
405.663635 289.309296
302.341949 355.733185
261.471191 117.007614
172.772675 312.034515
376.091125 419.664001
212.132950 441.771606
473.978699 393.729889
449.583557 316.981842
378.750305 223.935669
-1.000000 -1.000000
377.146637 159.469696
397.684052 207.828094
225.601990 254.096710
464.811859 315.300354
312.754700 377.203186
299.265594 406.793976
225.488586 376.651703
-1.000000 -1.000000
467.675964 203.614456
173.765991 259.622498
280.904938 398.082672
337.462189 453.515106
388.827698 382.853638
455.011230 443.125000
224.169922 349.145935
259.753723 362.179932
432.953064 342.609833
395.503235 301.045319
385.183685 405.945312
240.790604 270.176086
189.626648 319.347961
403.169159 317.273590
211.380905 273.794586
-1.000000 -1.000000
185.826157 250.865677
465.419800 297.956451
361.537079 329.459686
197.658218 387.675598
214.684433 318.434570
423.520996 360.370178
171.110199 301.423157
313.293182 343.812378
212.171844 248.892593
-1.000000 -1.000000
358.101349 356.679291
461.948975 361.186646
272.859741 113.253311
403.900696 197.615768
224.493988 316.967804
249.907852 453.159882
368.688568 272.301697
86.738853 413.531830
390.732269 218.058472
263.071014 390.928253
207.299011 406.159576
184.415894 377.614319
364.568115 241.959320
200.011368 335.651093
292.108978 241.867371
260.735168 330.013214
286.349243 271.951843
393.595001 249.498459
348.464966 257.891449
419.884827 226.438538
445.232849 445.858337
479.172058 184.758133
419.272858 377.207916
457.785217 418.787018
178.621460 326.728516
296.245361 416.880280
283.419556 439.605652
-1.000000 -1.000000
351.385345 342.483032
248.809067 427.649658
362.752411 206.025879
226.266373 333.788696
209.081482 451.811981
189.596283 308.829163
447.342926 278.035095
224.690872 412.118439
432.821106 264.536407
112.547272 358.206177
65.429428 315.769623
380.674133 434.838776
395.721222 290.788208
384.636719 186.819565
250.757065 410.862152
243.248276 389.364044
264.662811 343.409027
215.193710 395.903107
275.631165 285.114990
-1.000000 -1.000000
373.673767 187.492752
444.121155 238.000931
149.655746 246.032394
352.659302 205.662155
159.677032 404.616180
378.131500 213.763046
403.148987 367.682465
251.026123 330.458221
372.585388 317.522247
375.355011 409.358978
341.641357 343.615906
-1.000000 -1.000000
438.925446 253.629150
446.337830 328.458405
298.273254 230.891937
353.116333 236.789047
374.613953 290.027557
470.674988 404.753357
461.300446 187.076843
372.885956 444.379608
374.589691 234.088470
359.122345 408.961548
298.454620 344.909637
336.320312 247.148849
460.008179 236.095245
418.782471 249.663483
437.654877 283.602234
264.966125 292.021210
468.231934 268.508118
435.492188 447.516907
275.966949 338.697174
379.395721 395.744476
457.727142 336.614960
483.739197 416.846954
234.581116 351.938171
482.373108 451.093811
254.370773 65.930244
385.616547 304.540039
350.579590 325.580597
325.159882 336.207825
425.695312 444.959167
180.231506 77.372192
390.722260 136.074570
141.096298 270.924042
431.116058 370.853027
292.600433 259.814758
-1.000000 -1.000000
415.801544 276.201752
463.862518 350.783081
254.604156 87.162163
349.115997 372.179260
370.290894 386.673645
450.416962 429.136078
414.422821 345.408539
439.259308 422.971741
-1.000000 -1.000000
453.615265 307.215912
409.781403 380.947388
287.144470 384.179932
393.413177 324.678925
271.126556 365.022888
161.480057 125.201851
482.603302 382.854614
418.997650 401.173431
236.604996 336.518646
285.785553 427.549438
459.691833 326.935608
259.208252 428.449097
413.821381 194.946472
366.404633 421.110626
205.311707 78.639694
343.582611 192.922318
39.531391 367.883698
395.945526 280.591736
279.131256 260.353821
328.301453 421.691528
483.825806 403.147522
200.016708 323.645935
270.459503 64.444489
369.422852 375.608582
473.897461 354.391205
263.259277 130.928665
364.643219 163.262115
261.384277 444.921631
114.366920 368.727448
394.307098 452.090576
236.316864 368.148529
297.799774 323.116943
396.222595 408.442200
170.125626 239.120605
343.745026 182.192627
423.343719 266.959839
192.006119 60.600456
169.823685 136.137589
483.819366 327.033264
413.565521 334.391144
484.387726 373.075317
387.540619 425.291931
89.491814 423.781616
438.360626 293.902100
441.400055 362.730774
467.108704 337.943573
287.583710 141.382645
-1.000000 -1.000000
353.725250 128.522049
276.421326 275.341858
295.836792 442.402985
437.506439 411.941833
274.259460 126.738281
252.231506 399.766022
393.917786 198.023987
367.963318 222.897644
154.880188 152.380112
465.406647 437.066833
296.947998 275.461792
196.838745 377.121674
43.380424 378.145721
394.272217 335.339508
200.752182 421.183441
383.408783 314.696320
153.572327 259.633392
418.895538 411.542480
292.816284 305.628906
406.221802 307.255432
442.745422 263.953308
129.107300 247.008026
340.327332 355.924438
-1.000000 -1.000000
285.918243 283.623962
418.088318 143.962585
149.225754 135.260529
415.451813 290.847778
-1.000000 -1.000000
455.853973 294.179993
190.936783 81.379364
234.415695 279.464966
-1.000000 -1.000000
159.399124 78.568359
466.760529 177.561249
462.946808 371.655212
380.162659 147.810562
175.335953 110.150482
-1.000000 -1.000000
300.863800 292.533569
371.246857 330.858704
161.516861 415.016785
459.836487 249.722229
322.603241 411.753967
230.864059 397.854401
269.589508 426.862732
407.774414 208.645035
449.418945 160.039032
479.087830 428.462646
165.459778 162.340561
139.126541 280.717224
452.796143 348.887451
283.953522 123.883385
175.849640 345.572083
408.602386 391.157379
154.755066 107.565781
272.630585 376.593811
359.896118 315.085754
396.620331 155.866592
307.323730 218.957626
312.589386 191.099274
316.867279 208.455902
425.795837 309.470642
458.799103 160.672638
321.998535 130.705017
474.859375 314.556091
260.962982 414.510193
245.656540 360.555603
301.828247 245.992310
324.980103 250.629379
144.592804 163.248245
138.280533 233.658920
363.237823 347.074463
440.075623 435.944427
363.627960 139.731506
329.463104 222.853424
364.480896 431.185913
298.837646 426.948517
433.959290 243.305603
450.735626 385.815155
234.355560 85.238998
264.692963 87.206100
245.257187 254.479202
341.669312 165.135895
305.664703 262.589111
385.867554 294.391083
397.485107 228.130020
428.621765 381.346069
282.859955 113.337158
319.773071 279.471558
327.277130 151.050446
