-1.000000 -1.000000
-1.000000 -1.000000
-1.000000 -1.000000
277.712585 263.670410
-1.000000 -1.000000
396.248505 155.510803
271.656860 246.762375
295.165649 267.367828
-1.000000 -1.000000
-1.000000 -1.000000
-1.000000 -1.000000
-1.000000 -1.000000
309.520966 301.799255
-1.000000 -1.000000
324.019379 307.865784
-1.000000 -1.000000
-1.000000 -1.000000
395.638916 141.067245
336.779053 318.879089
277.038574 280.601196
260.785400 264.104584
-1.000000 -1.000000
315.229919 269.537994
190.217575 235.957260
305.826935 286.641846
-1.000000 -1.000000
297.767975 251.467621
153.982880 295.357697
384.538177 151.558594
272.356567 230.767014
-1.000000 -1.000000
368.579102 387.147919
-1.000000 -1.000000
159.799866 230.409790
397.110657 171.184692
409.535065 369.153625
307.909027 318.213776
393.884949 365.970154
357.877533 384.152649
435.280365 436.472321
153.843170 280.668701
190.451111 217.284973
435.638519 347.331085
255.257217 247.051361
445.282532 350.766174
231.797333 251.780457
383.985138 137.819244
384.465271 387.182495
216.169495 371.293518
320.290070 324.118042
139.210083 295.997742
-1.000000 -1.000000
159.025131 213.624435
421.250427 435.733459
290.324036 301.691498
425.540985 369.585236
250.094360 380.215546
194.355194 254.108902
211.604630 244.841080
158.743134 267.442261
219.092667 356.193878
-1.000000 -1.000000
139.224884 281.273193
225.194763 331.152222
143.520889 267.155304
316.830963 255.680222
-1.000000 -1.000000
431.338928 359.398956
212.367172 226.589233
-1.000000 -1.000000
-1.000000 -1.000000
331.161133 333.610992
-1.000000 -1.000000
344.264862 382.449585
209.370377 325.661285
229.471268 232.304916
-1.000000 -1.000000
325.751190 291.822784
239.505051 408.803802
369.892456 374.215942
398.945160 438.728668
159.175781 248.542603
251.559174 363.465546
191.178558 371.459076
379.582916 365.892242
-1.000000 -1.000000
385.774445 164.516312
403.756104 382.624786
267.513977 384.382263
361.424286 401.329559
411.073181 356.172150
443.181732 367.355103
345.441040 297.506744
-1.000000 -1.000000
243.860611 271.230560
260.437531 281.513916
201.672195 355.824799
157.487183 310.427856
176.905014 256.511139
286.071167 356.421021
253.884232 340.841003
397.096039 125.538544
423.215820 340.410065
362.204193 417.326294
355.247284 366.295868
396.372589 351.072601
347.733673 399.079956
132.428665 260.206329
268.957794 367.863678
401.459991 403.990021
317.112366 233.525818
192.079208 327.352875
342.310242 338.842316
283.920288 386.270935
278.346741 403.960724
163.025528 198.278641
436.861053 421.767639
441.886078 382.443695
182.454758 356.547943
295.769135 234.421402
213.331253 263.080505
218.183853 438.531281
257.850739 408.070679
380.866821 400.664124
436.521027 332.350677
447.656982 336.651215
212.997192 387.081726
357.534088 340.783234
-1.000000 -1.000000
144.079712 231.919037
351.079590 415.656677
405.856354 159.787720
323.011719 348.504944
299.416840 331.554626
424.215851 418.939697
333.465973 237.791107
184.712845 200.478088
406.809052 423.351624
-1.000000 -1.000000
282.422424 315.679108
123.550087 274.537201
390.603363 177.002151
421.990051 383.355499
370.531250 159.539810
335.870728 221.457657
-1.000000 -1.000000
254.578308 229.312286
201.107361 438.813751
381.314789 347.366577
437.520447 403.893768
182.488068 385.374359
396.204834 335.695587
368.986938 215.261566
373.045410 199.359100
162.754349 373.960693
389.128174 433.423065
213.480255 404.880249
124.312996 298.103882
365.811249 225.910278
384.535431 123.686172
184.800278 401.322357
271.842987 296.247681
405.948944 144.166946
399.045593 318.990204
208.302628 211.054901
460.766754 230.737381
372.748688 188.260544
353.706268 213.770370
355.570251 252.417984
438.674713 306.132721
371.547241 312.038116
-1.000000 -1.000000
-1.000000 -1.000000
370.085632 145.037598
358.743927 197.325119
336.793152 412.832672
244.285431 322.270813
374.566772 296.936462
331.422394 264.249298
190.212479 273.177368
352.410217 270.544312
313.345032 337.136505
264.208588 420.410400
241.505081 434.469421
364.433746 355.439423
449.582550 224.436142
442.944244 278.572968
371.191223 169.443375
348.182190 284.263824
339.020813 209.747467
231.755646 215.898514
240.692902 286.493469
330.717499 274.028717
390.158630 193.816757
143.101776 312.678619
-1.000000 -1.000000
404.474030 177.636169
366.776001 424.344604
214.796265 308.459930
349.988800 436.161987
433.082611 393.984741
415.104858 175.577103
333.669739 396.337494
278.052551 218.058502
409.733032 200.003174
358.038605 187.039322
176.091965 297.022797
363.677490 326.185547
413.453613 297.394928
380.280121 324.700989
347.321472 322.931122
-1.000000 -1.000000
463.625458 215.191971
292.123016 407.927673
-1.000000 -1.000000
359.004272 293.935455
424.285095 304.528015
446.554596 319.933136
386.257874 207.622742
408.658051 323.977600
455.388916 272.986908
410.911499 395.075317
156.514999 357.800812
-1.000000 -1.000000
142.936996 216.944855
445.324371 265.979492
154.210312 386.647858
420.024078 215.286377
412.463745 277.362183
380.229156 286.138214
303.900269 385.724548
355.380890 168.512619
201.070831 93.742897
449.959167 303.419281
118.547447 256.826233
447.605927 248.103714
411.199951 127.068764
403.036560 289.227753
424.924530 283.873413
383.878082 220.976532
430.057465 188.436234
359.762878 307.386078
197.254532 307.381470
432.599091 292.048126
-1.000000 -1.000000
186.552719 92.985191
157.700607 404.901428
420.352692 158.041718
352.747528 160.070831
371.222931 247.613846
400.586487 273.202362
398.521973 187.070618
301.400299 221.133560
454.031403 209.615585
221.117630 279.490356
390.281494 314.571533
125.011124 241.460281
183.216385 131.861969
168.142990 131.912735
146.575272 203.074966
162.681198 344.190277
340.995331 193.951233
143.136948 372.309296
170.808746 102.074913
280.101807 423.593567
235.181412 307.906708
429.904694 227.410553
414.039062 229.869980
181.305725 284.300018
377.876404 268.516846
197.015732 106.381134
434.407837 169.342178
-1.000000 -1.000000
167.677856 157.044220
204.425995 80.996941
366.057220 265.286224
371.231995 131.516449
397.160309 209.934631
182.753616 157.094025
439.176178 258.020508
432.184479 270.413513
434.333893 213.506409
210.243515 292.333649
394.246490 282.592133
152.433212 156.071472
394.370972 300.464142
181.497894 113.433525
137.718155 389.352234
190.060394 80.224091
379.737640 248.660721
320.555389 364.270111
411.498566 250.849945
166.604950 170.695801
166.155273 114.813995
198.996674 131.682648
140.422134 357.155182
173.148773 87.130135
430.108490 147.687393
123.689178 227.314560
318.117188 391.126373
338.517242 428.648743
151.163422 169.632919
428.013000 242.834381
182.071762 171.358536
392.686737 225.893234
-1.000000 -1.000000
344.874512 151.170181
323.135437 418.939484
112.310669 270.442505
313.639526 405.536591
441.489655 196.776840
437.745544 149.982513
151.493347 140.349930
164.619614 186.860321
146.401321 340.277008
299.117279 109.445236
176.282059 74.188545
297.383301 425.924347
409.690674 211.763519
315.162659 138.341614
397.650421 244.033890
-1.000000 -1.000000
142.902878 408.268921
-1.000000 -1.000000
314.777405 115.188576
300.655670 138.664139
148.164200 190.060455
-1.000000 -1.000000
314.308777 215.270096
299.553802 123.793137
447.210297 178.596481
215.154190 95.637253
405.689789 225.200882
-1.000000 -1.000000
284.118103 121.838753
211.651321 106.851532
347.716370 141.803757
458.178284 197.728226
112.521080 289.487488
181.456970 187.317078
327.813416 172.516098
286.907684 141.153824
218.035355 81.729790
127.955688 323.412384
469.260376 203.800980
126.836395 211.086456
313.985138 100.376694
202.921448 66.751228
327.584534 155.394073
128.138077 377.605164
313.590179 153.707092
131.638123 193.773392
202.458267 196.465363
328.044983 123.788582
201.504684 144.584274
310.948273 170.980881
311.247833 204.652679
299.088806 154.104477
296.505798 170.554688
-1.000000 -1.000000
402.278320 110.508934
109.502182 241.742706
388.208282 110.396454
122.760643 427.794769
348.325043 128.824203
133.597244 179.630478
-1.000000 -1.000000
329.430389 108.110870
316.172729 187.139450
300.079010 213.855408
446.448944 154.482559
301.382843 185.903580
279.458618 109.719772
127.641838 422.304260
434.097046 131.956665
131.371246 344.170746
104.840355 289.022980
216.988037 66.875153
145.674561 129.104126
292.719604 96.151588
135.124451 163.803909
464.463165 180.465378
125.534737 363.638245
254.654892 213.167145
446.584290 144.892334
104.458916 257.928314
129.444275 434.730743
228.964844 201.614853
199.217499 160.740555
259.948364 118.591805
276.006989 95.413834
290.569092 85.868034
102.684448 274.702728
259.780518 92.103294
276.196503 78.480125
108.070915 228.532104
285.322327 183.106155
154.219879 104.056053
249.681915 83.849937
228.656296 103.434250
-1.000000 -1.000000
448.007355 143.649811
292.698242 207.364029
188.478226 61.366661
308.101807 89.558029
328.939789 92.541595
292.974548 70.213501
-1.000000 -1.000000
274.244110 152.060822
196.222717 176.659897
160.568512 83.278511
367.760529 120.650154
225.898621 129.275589
306.090240 78.644447
161.843201 77.355141
227.890427 194.961716
277.589233 165.369553
-1.000000 -1.000000
216.478180 117.033127
205.242889 184.118820
-1.000000 -1.000000
257.036346 200.203217
-1.000000 -1.000000
-1.000000 -1.000000
207.059174 55.417179
287.286316 161.575867
132.180725 154.466599
-1.000000 -1.000000
113.014320 207.475647
-1.000000 -1.000000
