-1.000000 -1.000000
-1.000000 -1.000000
-1.000000 -1.000000
280.477142 253.168457
-1.000000 -1.000000
397.891479 150.465469
274.237091 236.391876
299.020050 257.272552
-1.000000 -1.000000
-1.000000 -1.000000
-1.000000 -1.000000
-1.000000 -1.000000
315.960327 289.962158
-1.000000 -1.000000
330.981659 294.873535
-1.000000 -1.000000
-1.000000 -1.000000
397.111816 135.753036
343.572266 306.424622
279.889313 270.679993
263.232147 257.277557
-1.000000 -1.000000
320.596893 258.230774
188.294083 234.699142
311.564392 275.617889
-1.000000 -1.000000
301.933716 240.029083
145.711395 293.705292
387.215485 145.133102
274.824310 220.075241
-1.000000 -1.000000
369.053101 381.898804
-1.000000 -1.000000
155.115219 228.605957
398.455292 167.099731
405.486298 369.179291
314.978577 305.725067
392.529388 364.467010
359.629608 376.951416
425.389282 438.814362
145.895447 278.982941
187.992905 214.322876
428.127594 350.742065
257.784607 239.783676
434.715424 355.369202
230.817398 246.019714
386.415924 131.479660
383.261444 383.901917
214.598129 369.085632
326.789307 311.020172
130.772736 295.234100
-1.000000 -1.000000
154.282974 211.332535
412.896973 438.585297
294.194733 290.799988
419.474640 371.518372
249.762192 374.894714
192.854691 252.706924
209.898834 240.042313
153.390411 266.105560
217.633713 353.916046
-1.000000 -1.000000
131.061798 280.396942
223.983307 327.507050
136.319870 266.330994
322.336945 243.736740
-1.000000 -1.000000
424.718109 362.325378
210.489380 220.697983
-1.000000 -1.000000
-1.000000 -1.000000
336.696747 320.475159
-1.000000 -1.000000
347.074371 374.635742
207.219131 321.593048
228.567413 224.427658
-1.000000 -1.000000
332.421051 278.204590
237.110428 403.852722
370.163452 369.387360
393.615265 438.422302
154.440033 247.284790
251.375748 358.224182
187.158630 369.659790
378.850677 362.396790
-1.000000 -1.000000
388.439636 158.103638
399.909698 382.340149
267.908051 378.389648
362.661865 394.958405
406.689453 356.692261
432.425354 372.094543
351.687622 285.939606
-1.000000 -1.000000
244.949738 266.007050
263.214233 273.534515
198.506943 353.595856
149.061035 308.880768
173.543793 255.045609
287.595154 347.185516
254.174026 333.509460
398.906799 119.805084
417.407013 342.227417
363.286011 410.094086
357.536530 359.493500
394.331665 349.823029
350.075806 391.326508
125.303947 260.052734
269.621948 362.014252
397.141571 402.977997
322.073151 221.992264
188.538666 325.338135
347.340515 327.052887
284.894226 378.105530
278.832703 396.312500
158.078354 195.889008
426.088318 426.971680
430.335327 387.260254
178.449554 355.372345
300.191864 222.689560
211.685333 258.729492
213.953934 438.549683
256.858917 402.812531
379.590302 397.636963
428.519989 335.932220
437.103729 341.899475
210.922653 385.056671
360.841309 331.601776
-1.000000 -1.000000
138.834259 231.885605
353.099060 407.888489
406.396759 155.961685
327.645599 335.498444
303.891907 319.036469
415.193939 422.187378
338.527618 226.981720
181.653961 197.104553
399.972076 424.065826
-1.000000 -1.000000
285.429291 304.112305
115.464218 274.649536
392.961517 170.987228
415.776367 385.450134
374.265564 151.323120
340.726807 211.065628
-1.000000 -1.000000
257.091675 221.327469
195.419891 438.762787
380.447052 343.612823
425.929169 409.546356
177.948654 384.255127
393.892426 334.236969
373.589386 205.367630
377.417725 189.839859
154.398697 375.303741
385.413177 432.551941
210.264938 402.153320
115.706657 298.563293
370.625000 215.960419
386.869202 117.452866
178.626312 400.028534
275.195099 286.526947
406.899384 139.170090
395.943085 317.005005
206.326416 205.855087
452.979462 232.904892
377.026428 178.902786
358.522705 203.237976
361.130737 241.300461
428.998016 309.364471
374.620941 304.654633
-1.000000 -1.000000
-1.000000 -1.000000
373.514221 137.300446
363.243683 187.207184
339.610321 404.591400
244.065140 314.582611
377.792297 290.230103
337.120026 252.046616
188.658066 271.467957
358.114502 258.784882
318.018250 324.045563
263.257843 415.109772
238.305038 430.731598
365.345886 349.781494
442.672119 225.958527
433.537201 281.903046
375.042328 160.669846
354.149567 272.145996
343.865448 199.539124
231.779068 207.799377
241.454498 281.021973
336.888184 260.903168
393.225098 186.595871
134.373291 311.851105
-1.000000 -1.000000
404.323700 174.396240
366.744080 417.973877
213.325562 303.071289
350.246521 431.572784
423.749298 398.367859
413.422546 172.858200
336.868958 388.019745
279.979706 206.753830
408.018219 197.846176
362.494659 177.125671
171.837540 294.850983
367.426880 317.554474
409.747467 296.774017
380.000519 319.735382
353.897797 311.889526
-1.000000 -1.000000
458.230133 218.639801
293.664032 398.604279
-1.000000 -1.000000
364.253479 284.012604
417.935883 305.560211
435.660645 324.804749
389.674744 199.874603
404.380188 322.643311
445.871399 277.319061
406.273010 394.987488
146.387146 358.669800
-1.000000 -1.000000
137.372223 216.933640
436.396454 269.770477
143.228226 387.938538
416.631592 214.791016
409.596588 276.785553
383.432068 281.139557
307.856934 376.514252
359.622314 159.015259
190.273972 100.510368
438.954376 307.855591
111.320915 257.316406
439.854126 251.464294
412.358673 121.239571
400.806305 287.658691
420.249634 284.560303
387.603271 213.414230
427.484711 187.999756
364.331665 297.765961
194.304337 303.975311
425.599792 293.869171
-1.000000 -1.000000
175.854462 99.615791
146.400024 406.816528
419.220673 152.975952
356.585907 151.741486
375.896606 238.349960
399.620026 271.098938
399.565033 182.874924
306.136749 209.418106
448.304657 209.856369
218.746155 274.153381
389.950928 310.460175
118.210152 241.797363
173.269485 137.134003
158.230164 137.167221
141.005493 203.560745
155.324005 345.346375
345.696503 183.809113
132.499222 374.096466
160.332169 108.264694
279.852875 415.954285
235.136917 300.563232
424.540283 227.743698
411.318054 228.312790
177.939850 282.019989
381.125336 262.247742
186.363083 112.883232
433.126099 167.169067
-1.000000 -1.000000
158.269302 161.683502
193.456284 88.017731
370.890656 255.610840
374.627014 124.123207
398.272064 205.249786
173.305145 161.827103
431.734039 261.440582
426.315277 272.482269
429.517303 214.626099
208.095520 287.399597
395.025513 279.441162
143.020172 160.686752
394.128998 296.844391
171.094849 119.306686
126.595993 391.559570
179.185776 87.183060
383.457245 241.578903
324.904205 351.332458
408.379456 248.659531
157.657532 174.510284
155.890900 120.371056
188.929901 137.118729
130.212326 358.798065
162.370041 93.639038
429.815002 143.214691
116.548363 228.203796
321.574158 381.840729
340.702240 420.811920
142.086746 173.631607
423.151917 242.637497
173.177475 175.133743
394.439880 220.345535
-1.000000 -1.000000
344.556610 149.712311
325.612762 409.613464
104.289314 270.937836
317.030060 396.175598
439.008148 198.702362
437.620239 147.782043
141.890182 145.052109
158.926285 184.819275
136.846817 341.193787
298.001923 107.898476
165.575378 80.922768
298.847504 416.642029
408.150452 210.273239
314.776550 134.328018
398.299377 239.872452
-1.000000 -1.000000
131.298782 410.967285
-1.000000 -1.000000
314.455383 110.910904
300.248749 136.939453
140.592407 191.931915
-1.000000 -1.000000
318.645599 204.177841
298.948639 121.369339
445.325256 178.699692
204.147705 102.688042
405.057281 222.280594
-1.000000 -1.000000
281.643311 124.856583
200.823822 113.561897
347.423431 141.245667
454.250702 198.915436
104.063538 289.709778
177.004532 184.469162
327.023438 170.355530
286.347229 141.534042
206.851166 88.874504
118.739998 324.524780
463.529602 205.577454
119.230225 212.279160
313.309814 96.180939
191.927399 73.776237
326.936951 153.228317
117.287086 380.393982
312.977142 151.524460
123.486946 195.658539
199.990952 192.347382
327.758820 119.420090
191.449585 150.124527
310.168854 168.763000
314.115082 196.202393
298.489960 151.997513
295.783783 168.477890
-1.000000 -1.000000
403.330963 104.372871
102.407288 242.444870
389.304749 104.309357
110.390198 431.406860
347.827576 125.651024
124.914795 182.279053
-1.000000 -1.000000
329.334045 103.664017
315.564056 184.266861
305.346344 202.439774
445.137573 152.146576
300.526337 183.565796
273.674866 114.158600
115.453476 425.675537
434.912354 128.065125
121.537880 346.118408
96.444786 289.168304
205.645050 73.920250
136.066772 133.892517
287.501587 97.094467
126.352470 166.529724
461.601410 182.659210
115.114326 365.874573
257.257965 205.101440
446.588165 144.505463
97.151581 258.929413
116.880272 438.277191
229.807938 194.263763
189.781647 165.712326
251.687958 123.378723
268.671692 99.012688
283.270386 87.177666
94.876152 275.542969
251.557190 96.023705
269.057648 80.403877
101.101173 229.633972
284.449158 180.867950
144.117508 109.599113
241.444717 89.453224
217.361908 111.097382
-1.000000 -1.000000
448.045532 143.421890
297.383636 196.904007
177.375351 68.419106
304.021393 86.175804
328.832367 88.251778
285.991791 72.298607
-1.000000 -1.000000
273.643951 152.692566
190.928345 176.617523
150.117722 89.273087
371.334320 113.040703
215.466446 134.869751
298.011475 78.193001
151.245575 83.861687
228.894608 188.504807
276.947052 164.251343
-1.000000 -1.000000
205.709518 123.949814
203.573990 181.208389
-1.000000 -1.000000
259.712158 192.676788
-1.000000 -1.000000
-1.000000 -1.000000
194.547241 62.857311
286.616913 159.793701
123.271126 157.739197
-1.000000 -1.000000
105.393921 208.566711
-1.000000 -1.000000
