-1.000000 -1.000000
-1.000000 -1.000000
-1.000000 -1.000000
276.075989 268.050018
-1.000000 -1.000000
394.345917 158.363342
270.169647 250.975586
293.045349 271.702454
-1.000000 -1.000000
-1.000000 -1.000000
-1.000000 -1.000000
-1.000000 -1.000000
306.281189 306.423218
-1.000000 -1.000000
320.430023 313.030334
-1.000000 -1.000000
-1.000000 -1.000000
393.789734 143.970551
333.364594 323.955719
275.295044 284.524872
259.346222 267.070343
-1.000000 -1.000000
312.418121 274.235138
190.876709 236.469208
302.971069 291.010162
-1.000000 -1.000000
295.535431 256.122833
157.227921 295.674896
382.179626 154.841644
271.025604 235.176773
-1.000000 -1.000000
368.115479 389.201294
-1.000000 -1.000000
161.413498 230.964890
395.232056 173.766418
410.586975 369.214661
304.310211 322.930359
393.897949 366.617310
356.781647 386.905365
438.421478 434.397369
156.946625 280.943970
191.310150 218.339645
437.368988 346.236969
253.815430 249.940338
448.542633 349.050140
231.696640 254.238708
381.677948 141.073639
384.289978 388.413269
216.964478 371.707153
316.984283 329.126099
142.496262 295.896057
-1.000000 -1.000000
160.656433 214.341873
423.947205 434.375183
288.183502 305.895203
426.921875 369.001495
250.055527 381.757751
194.824051 254.511063
211.968765 246.803436
161.080948 267.671783
219.664200 356.534210
-1.000000 -1.000000
142.371979 281.158569
225.452576 332.309418
146.322876 267.024384
314.012665 260.503510
-1.000000 -1.000000
432.905762 358.468903
212.823532 228.961136
-1.000000 -1.000000
-1.000000 -1.000000
328.463409 338.835449
-1.000000 -1.000000
342.925171 385.309418
210.197098 327.018921
229.400757 235.448669
-1.000000 -1.000000
322.335968 297.321777
240.270950 410.120087
369.528717 376.042053
400.497833 438.768066
160.786682 248.638245
251.452621 365.105530
192.864410 371.594635
379.320496 367.268707
-1.000000 -1.000000
383.268982 168.022781
404.551666 382.777374
266.959351 386.125092
360.585846 403.805115
412.211792 356.074005
446.578125 365.441040
342.195312 302.482849
-1.000000 -1.000000
243.212479 273.223969
258.816132 284.352295
202.940872 356.187561
160.853516 310.824463
178.083450 256.776733
285.210602 360.635498
253.573883 343.572968
395.195221 128.583221
424.529053 340.059723
361.588226 419.995178
353.927673 369.271088
396.529236 351.711578
346.604706 401.845184
135.164307 259.783203
268.273651 369.654907
402.742249 404.389160
314.461121 238.167145
193.520920 327.932281
340.062744 343.759064
283.191254 388.900391
277.790466 406.292389
164.644958 199.117935
440.236481 419.780975
445.636597 380.583527
184.180252 356.463318
293.380188 239.198288
213.568024 264.529938
220.294510 438.290710
258.092529 409.554108
380.802887 401.829315
438.458252 331.307556
450.918335 334.800476
214.056961 387.432129
355.851685 344.911652
-1.000000 -1.000000
145.942520 231.608032
350.143951 418.371582
404.543610 162.282227
321.017548 353.616425
296.768158 336.188934
426.793671 418.165985
330.632111 242.277878
185.779022 201.649475
409.065948 423.244232
-1.000000 -1.000000
280.526642 319.927795
126.667068 273.949158
388.195404 180.487900
423.491516 382.663330
367.653564 163.537109
333.078125 225.774567
-1.000000 -1.000000
253.246323 232.489471
203.874023 438.670685
381.063049 349.319580
441.087891 401.873749
184.498337 385.289551
396.443359 336.556610
366.083893 219.598709
370.150452 203.704285
166.297470 372.978027
390.110748 433.835754
214.965332 405.634613
127.682167 297.415436
362.857758 230.435043
382.445618 126.881332
187.626450 401.432526
269.835297 299.941467
404.445374 146.859741
399.470612 320.054352
208.885345 213.174103
462.811584 230.610321
369.810791 192.537582
350.742645 218.234436
352.490906 257.198212
441.057312 305.537262
370.419159 315.291443
-1.000000 -1.000000
185.381668 438.695343
367.280884 148.953735
355.822021 201.737381
335.637451 415.731079
244.129898 325.084045
373.217163 299.891479
328.394684 269.254425
190.499634 273.504120
349.375946 275.253937
310.986694 342.241516
264.412415 422.234283
242.823776 435.508179
363.894958 357.906128
451.283508 224.336975
445.484283 277.833252
368.287109 173.680527
345.226410 288.852051
336.066620 214.105530
231.302521 219.095184
240.166214 288.528290
327.481659 279.452850
387.532745 197.677704
146.548401 312.667480
-1.000000 -1.000000
403.374390 179.614807
366.775146 426.817993
215.432419 310.221252
349.895477 437.898285
435.544006 392.425293
414.898010 177.429733
332.295166 399.344208
277.008698 222.609711
409.488831 201.643021
355.068695 191.408096
177.878845 297.433197
362.420563 329.844452
414.094147 297.952271
380.001740 327.082489
344.219147 327.718506
-1.000000 -1.000000
464.741425 214.529251
291.081787 411.243408
-1.000000 -1.000000
356.573059 298.129913
425.548950 304.659912
449.851257 318.528564
383.706024 211.387680
409.712036 325.037781
458.113739 272.076477
412.100433 395.099640
160.589233 356.867828
-1.000000 -1.000000
144.967758 216.534180
447.618195 265.109924
158.746918 385.730804
420.139984 215.893982
412.477234 277.884583
378.649780 288.418121
301.940033 389.075317
352.457672 172.833115
204.722412 90.987701
453.189392 302.403473
121.323570 256.131195
449.447662 247.357590
409.723877 130.168411
403.043091 290.314178
425.197632 284.386658
381.258026 224.756531
429.996826 189.079956
357.520660 311.666382
198.453140 308.417175
433.919861 291.966705
-1.000000 -1.000000
190.143036 90.297989
162.430389 403.480377
419.829498 160.726059
350.114166 163.760162
368.470062 251.886475
400.047943 274.235779
396.901062 189.875092
298.859406 225.892288
455.238861 209.694305
221.774643 281.530518
389.840912 316.656525
127.619804 240.806946
186.549698 129.804550
171.425690 129.862366
148.584518 202.638107
165.931915 343.013702
338.029846 198.258484
147.469757 371.172668
174.214401 99.641441
280.081787 426.518158
234.876938 310.271912
430.606171 227.631409
413.560059 231.433258
182.815277 284.796814
376.327789 271.340881
200.581131 103.830620
433.968781 170.811417
-1.000000 -1.000000
170.860901 155.227722
208.122391 78.175865
363.525970 269.417816
368.423920 135.334518
395.565613 212.901505
185.958206 155.262314
440.531738 257.132538
432.767822 270.243866
434.878387 213.420425
211.110657 293.971893
393.524078 283.899048
155.552597 154.235199
393.807404 302.185211
184.979675 111.087952
142.309082 388.056458
193.683319 77.463280
377.575989 252.380493
318.705444 369.343781
411.342621 252.427963
169.695374 169.057037
169.504211 112.549171
202.409302 129.558807
144.533768 355.923126
176.660461 84.555161
429.191986 149.820145
126.344856 226.527023
316.628510 394.575043
337.871979 431.615509
154.236633 167.984375
428.233276 243.662811
185.186569 169.673889
391.103577 229.082031
-1.000000 -1.000000
344.137238 152.008820
322.278992 422.789703
115.375832 269.774567
312.315918 409.026062
441.447357 196.233383
436.915802 151.673370
154.681839 138.408417
166.758499 187.545898
150.245132 339.171387
298.963409 110.536018
179.763962 71.524864
296.634735 429.656311
409.120697 213.330200
314.475464 140.237000
396.920868 246.418488
-1.000000 -1.000000
147.734894 406.371002
-1.000000 -1.000000
314.118988 117.223213
299.978424 140.279602
150.874359 189.332550
145.857666 438.864044
312.103638 219.439651
299.058929 125.042374
447.072327 179.102249
218.869415 92.871002
404.664001 227.396591
-1.000000 -1.000000
284.083344 121.486496
215.319656 104.230423
347.090973 143.170990
458.903564 197.743668
115.789375 288.942535
183.338745 188.299408
327.393829 174.185104
286.240112 141.845078
221.842712 78.940529
131.619141 322.415955
470.471893 203.525055
129.619873 210.096603
313.569336 102.175964
206.660019 63.878849
327.124664 157.058563
132.556229 376.183136
313.097229 155.388992
134.474762 192.628632
203.308533 197.924530
327.315399 125.832214
204.913086 142.617783
310.527527 172.668686
309.483795 207.849380
298.554901 155.737549
296.078339 172.162888
-1.000000 -1.000000
400.646729 113.737625
112.142532 240.907913
386.588928 113.615738
127.924469 416.218109
347.667206 130.133926
136.578506 178.283173
-1.000000 -1.000000
328.599762 110.244919
315.813538 188.786865
297.288330 218.432922
445.986786 155.905869
301.026093 187.550674
280.372864 108.610764
132.658356 416.317902
432.535736 134.031860
135.293793 342.687317
108.078812 288.552490
220.903046 64.022705
148.899017 127.033089
294.139557 96.709267
138.091934 162.420364
464.591644 180.156738
129.735031 362.081573
253.266647 216.344330
445.353058 145.570358
107.180763 256.901917
134.429825 427.975281
228.273849 204.459335
202.575607 158.782349
262.169922 116.765602
278.027649 94.537415
292.713989 85.971176
105.584435 273.723938
262.087219 91.093681
278.288849 78.274780
110.648094 227.682617
284.914215 184.619308
157.512161 101.777054
252.376175 81.115669
232.740387 100.360809
-1.000000 -1.000000
446.687775 144.298370
290.979553 210.529770
192.176651 58.555550
309.383850 90.882019
328.067230 94.757492
294.851593 70.046776
-1.000000 -1.000000
273.162964 148.311371
199.185516 175.221725
163.939987 80.885963
364.931488 124.521240
230.058151 125.955002
308.513916 79.045540
165.254501 74.718979
227.435959 197.303528
277.000061 165.510239
-1.000000 -1.000000
220.151825 114.587204
205.767136 185.070297
-1.000000 -1.000000
255.888077 203.223724
-1.000000 -1.000000
-1.000000 -1.000000
211.430420 52.431435
286.605804 162.814743
135.169952 152.920532
-1.000000 -1.000000
115.738953 206.560608
-1.000000 -1.000000
