204.637848 238.931656
165.445877 224.522446
249.189621 281.739502
192.194550 262.255432
261.213837 256.286072
308.052307 306.662170
140.848190 258.841278
286.758850 295.362701
328.779266 223.502167
349.711853 139.837616
321.333618 250.702225
336.453705 196.386444
314.559875 279.311249
172.270004 111.959885
343.092499 167.945206
373.368164 125.073685
183.099854 228.878555
433.983765 172.029907
169.677628 153.199448
164.495193 139.588013
179.124100 83.662025
158.341797 166.904968
137.390579 248.368057
382.039459 138.342804
462.347565 193.318085
448.823242 182.639496
150.267670 290.381226
411.618164 159.157883
345.914978 185.799667
212.509155 263.392822
240.718567 248.934952
353.594360 158.336868
173.655197 249.068878
397.260895 149.130997
161.564453 181.716309
202.745956 311.224518
271.983490 392.193024
339.348724 213.884979
331.755127 241.253677
234.143585 382.826263
155.173813 208.790848
240.708664 324.654449
306.780762 222.893005
317.193939 296.586761
312.945557 324.680939
448.902252 274.998352
164.522659 339.422119
413.296753 150.574417
464.340759 353.964630
229.858398 267.446472
298.181122 385.001740
269.640411 282.086517
257.209167 452.856781
181.338989 342.864929
206.157516 357.970398
391.124786 136.466782
-1.000000 -1.000000
293.709351 164.958725
278.552063 378.628632
324.211121 269.552002
222.905075 439.582275
241.284866 371.826172
196.002014 350.889771
142.703857 219.259918
147.968948 235.309982
248.858093 344.139252
413.078400 239.138504
214.280472 392.346375
386.989685 258.246185
177.775085 127.644066
313.137726 390.900879
181.381058 102.380760
456.786804 291.774170
377.689087 373.688141
-1.000000 -1.000000
265.404633 424.854126
430.830872 405.798828
383.451385 273.478638
149.965607 192.808289
210.387543 331.710144
441.530548 327.054718
-1.000000 -1.000000
361.484406 277.899200
387.340942 440.286255
352.480225 394.580170
197.913193 425.548706
179.005020 419.858337
458.336945 409.422516
396.991760 361.169098
226.772812 413.415405
367.448456 233.029404
461.712433 222.427994
414.120178 323.540771
393.851471 214.613007
417.969177 411.709076
383.794525 207.411667
209.211639 369.622101
413.853424 442.643341
356.909790 293.408936
470.080139 330.836761
247.328339 383.646759
374.649902 389.388397
-1.000000 -1.000000
419.058380 355.956970
424.919464 172.193848
471.564575 373.768768
409.362610 254.880386
455.448547 243.082779
418.929810 158.355026
422.020569 340.544037
411.147858 276.545654
224.700500 451.030121
125.845680 277.217529
331.455566 328.407196
212.435837 432.609222
417.108093 198.640625
466.591156 307.549408
174.389160 370.512085
370.749634 358.237946
366.496735 309.310638
436.166290 438.517517
-1.000000 -1.000000
252.553833 406.800934
439.109009 422.138397
362.718262 221.734741
-1.000000 -1.000000
370.926239 184.111694
365.091278 196.013580
385.869171 180.412598
454.055206 193.740875
439.491699 183.248245
356.562714 406.878174
-1.000000 -1.000000
202.175842 390.026611
360.597992 255.455032
255.992081 84.614967
277.008148 258.972778
292.098724 375.470154
316.809082 439.737305
400.979218 373.779602
299.510406 433.466949
283.998322 350.199158
-1.000000 -1.000000
405.827087 305.847137
301.403107 358.239563
277.223785 117.115623
165.227325 312.813873
367.264954 432.076630
191.066360 450.576202
461.778351 422.360992
445.271698 340.705048
386.169220 235.662766
-1.000000 -1.000000
389.996948 169.237610
405.344757 222.546967
228.741837 252.438385
458.120087 342.598724
311.477112 381.545288
291.390472 411.941071
215.834641 380.945892
-1.000000 -1.000000
470.999054 229.454803
172.994370 258.929504
273.841553 403.802673
-1.000000 -1.000000
382.870361 396.304749
-1.000000 -1.000000
216.727203 351.945679
254.077026 365.090668
427.378326 363.257690
395.527649 315.481964
376.968506 420.595551
244.452728 270.232239
182.916046 320.318573
401.580750 332.536804
212.380707 273.517761
-1.000000 -1.000000
187.410355 250.684891
461.159973 324.731201
361.227448 338.995575
182.080109 393.440948
210.597748 319.246216
415.685089 381.329651
165.228943 301.238220
315.595612 344.837860
215.255005 246.879272
-1.000000 -1.000000
356.380432 364.846100
452.764252 388.579651
289.490723 114.297020
411.769470 213.292587
221.615662 316.807892
-1.000000 -1.000000
373.223267 281.616882
33.438225 453.056519
398.363037 231.633804
255.166153 395.809906
192.866150 414.757660
169.749390 381.999817
371.815826 251.328094
193.734863 339.558807
299.931458 242.905609
259.482086 330.197906
291.490723 271.965851
398.581146 263.132812
354.841919 263.781525
424.928619 243.996399
-1.000000 -1.000000
484.091339 211.139114
411.456512 396.538330
444.321686 444.450623
170.299820 331.091034
286.846924 422.328979
269.240784 447.307770
-1.000000 -1.000000
350.815308 349.591156
233.020493 435.303497
373.476074 214.345673
222.153915 336.107452
-1.000000 -1.000000
184.492645 309.024841
445.869659 300.752869
210.734421 421.015350
433.827972 285.553864
59.019272 405.368774
-1.000000 -1.000000
370.313141 448.241913
396.632904 305.703888
395.519135 198.368561
237.464355 418.718292
234.025543 394.769958
263.370300 345.637878
200.330505 402.152679
280.711060 285.330414
-1.000000 -1.000000
384.863342 197.847031
445.716705 260.326996
147.960999 244.702393
363.477051 212.976242
109.325577 448.700348
386.160400 225.369568
397.258301 384.775299
248.899292 331.056335
373.582642 327.689117
368.029907 422.642670
343.244415 349.782257
-1.000000 -1.000000
439.807129 275.983673
440.770660 352.549896
306.930115 232.072586
360.523926 243.842972
377.120453 300.988037
457.492157 433.879883
466.560516 210.939819
-1.000000 -1.000000
380.919159 244.078232
352.853394 419.161926
299.071808 345.792328
344.568207 251.732834
461.660431 260.454041
421.759094 267.892242
436.485443 306.011017
268.023743 291.994446
466.740143 293.608246
-1.000000 -1.000000
275.150360 339.299591
372.239807 409.745361
451.495605 362.027954
469.012756 447.059021
229.213455 353.839203
-1.000000 -1.000000
267.795013 72.469841
386.931732 317.891632
351.660522 333.477478
326.289734 340.541199
-1.000000 -1.000000
189.657608 79.825058
403.974396 148.894958
138.122253 269.751190
422.152588 391.774139
299.069946 260.009094
-1.000000 -1.000000
417.040131 293.142578
454.427643 375.989868
267.385376 89.933350
346.871185 379.367645
366.634277 396.761505
435.229004 454.648499
410.805481 362.789673
427.919861 445.174133
-1.000000 -1.000000
450.072327 331.682190
402.892975 399.582336
282.149139 387.809235
391.832489 339.260376
267.559174 367.085266
167.573563 125.746590
471.817932 412.370239
409.651367 421.162140
233.073349 338.961151
273.337341 435.167206
452.985413 353.954407
245.475952 434.854675
421.811340 210.870941
359.477295 432.423828
212.956604 85.278847
356.231812 198.281570
-1.000000 -1.000000
396.538940 296.207611
286.621765 259.138184
322.094269 428.000641
469.727539 436.140656
194.903671 327.301025
290.469910 65.801949
366.475372 385.591400
464.605621 382.256042
277.815430 132.463165
377.866333 171.588943
246.982346 454.147919
60.036797 413.518707
-1.000000 -1.000000
230.454117 372.034485
302.725800 323.664948
388.099030 424.556854
171.013290 237.955246
357.100555 187.217041
425.023193 286.865265
202.214188 66.109840
174.997833 137.752808
476.847443 357.399048
410.920654 351.588226
473.263336 403.377228
376.875763 438.941589
-1.000000 -1.000000
436.677704 316.691223
434.085815 384.909241
458.347900 363.648193
299.973114 144.381363
-1.000000 -1.000000
370.136139 134.637344
282.902496 275.391266
283.826904 448.688721
427.072540 433.802307
288.927307 127.516167
240.946960 403.158081
402.248718 212.088028
375.613739 232.595062
159.431000 152.832169
-1.000000 -1.000000
305.728607 275.149384
182.319580 383.072632
-1.000000 -1.000000
392.158051 351.447144
182.413727 430.088959
382.219177 326.208862
151.261368 257.649231
409.020844 432.545868
299.233582 304.339142
404.015503 322.265594
442.033325 285.049316
127.875580 244.835556
338.723907 359.623901
-1.000000 -1.000000
290.723236 283.215088
429.024200 161.359283
155.246536 135.384781
415.593964 308.987274
-1.000000 -1.000000
453.603760 318.184326
199.548599 84.859222
-1.000000 -1.000000
-1.000000 -1.000000
169.737198 80.030937
473.456329 203.829636
453.837860 402.944977
394.784973 158.849396
182.328781 112.329750
-1.000000 -1.000000
309.346497 290.920380
371.193909 341.771912
-1.000000 -1.000000
460.579071 275.561676
317.052307 417.081390
217.784866 402.969238
256.342682 433.513489
414.291473 223.646774
458.178436 182.543304
-1.000000 -1.000000
169.182312 163.200195
135.034531 278.721069
445.956848 375.845276
297.963257 126.282303
165.071884 348.668427
400.968109 410.379791
163.126358 108.261650
268.200287 379.376648
360.578003 323.955719
409.381409 169.887314
318.397858 226.457535
327.139313 189.378784
329.924072 210.156036
423.739166 326.952148
465.364929 183.722809
-1.000000 -1.000000
468.551666 343.505310
248.207443 417.867096
240.146957 363.857727
308.399628 252.883362
332.679871 253.448166
149.068130 162.859695
137.878403 232.398102
360.279633 353.688477
-1.000000 -1.000000
379.964264 148.053635
339.217865 226.005020
356.864929 443.898071
288.836914 435.017975
435.825012 265.284729
440.929504 408.175262
248.791901 88.413483
276.966156 88.454178
248.957657 251.002823
355.676239 170.175369
309.998169 264.929108
387.855682 309.035889
404.049805 243.386810
418.459534 400.897614
297.576874 114.852173
324.828735 281.928802
-1.000000 -1.000000
