-1.000000 -1.000000
-1.000000 -1.000000
-1.000000 -1.000000
279.865021 256.189789
-1.000000 -1.000000
397.872833 151.426971
273.689972 239.263184
298.097656 260.211060
-1.000000 -1.000000
-1.000000 -1.000000
-1.000000 -1.000000
-1.000000 -1.000000
314.191681 293.437714
-1.000000 -1.000000
329.040741 298.662231
-1.000000 -1.000000
-1.000000 -1.000000
397.131989 136.809357
341.772003 310.012726
279.238037 273.688293
262.722137 259.311951
-1.000000 -1.000000
319.244629 261.493591
189.009918 235.141296
310.016022 278.952942
-1.000000 -1.000000
300.945068 243.278519
148.100937 294.145111
386.924377 146.539948
274.319885 222.984161
-1.000000 -1.000000
369.047028 383.380402
-1.000000 -1.000000
156.589798 229.163895
398.496155 167.879959
406.962219 369.004486
312.997894 309.305267
393.173004 364.862793
359.360870 378.891296
428.738525 438.700714
148.198914 279.425903
188.810837 215.101288
430.974579 349.487579
257.286530 241.772873
438.285858 353.815521
231.277420 247.640030
386.211609 132.873138
383.821869 384.754303
215.151703 370.005371
325.073120 314.813629
133.196884 295.456024
-1.000000 -1.000000
155.787476 211.958710
415.667633 438.105560
293.288666 293.983429
421.801636 370.711792
249.861435 376.624847
193.430099 253.310577
210.548721 241.442230
154.950516 266.495422
218.174667 354.939178
-1.000000 -1.000000
133.403885 280.637787
224.410843 328.731812
138.390488 266.563599
321.007324 247.120178
-1.000000 -1.000000
427.221191 361.212372
211.192993 222.260849
-1.000000 -1.000000
-1.000000 -1.000000
335.345978 324.295135
-1.000000 -1.000000
346.505249 376.830078
207.969894 322.882141
228.976288 226.467468
-1.000000 -1.000000
330.613800 282.230499
237.829620 405.441162
370.196930 370.779022
395.446228 438.634155
155.949738 247.795364
251.445908 360.004211
188.389359 370.385315
379.290771 363.389954
-1.000000 -1.000000
388.172180 159.494751
401.379364 382.278015
267.745148 380.417633
362.508240 396.648499
408.269043 356.392395
436.022491 370.566284
350.018951 289.296173
-1.000000 -1.000000
244.812485 267.703156
262.582886 275.982147
199.470383 354.435730
151.476074 309.302948
174.692673 255.616287
287.185974 349.945435
254.145020 335.883514
398.848297 120.998466
419.669281 341.505188
363.154022 412.062042
357.141449 361.387085
395.306671 350.204193
349.590515 393.564484
127.428955 260.144623
269.380859 363.988800
398.733368 403.130676
320.991150 225.227768
189.670975 326.177338
346.222290 330.463531
284.585327 380.697052
278.670166 398.710052
159.741974 196.519531
429.729492 425.571838
434.212463 385.552185
179.695038 355.949036
299.171387 225.978607
212.311127 260.134399
215.125839 438.650665
257.157043 404.500854
380.159576 398.436829
431.470184 334.810547
440.692291 340.223633
211.535339 385.805206
360.150909 334.271942
-1.000000 -1.000000
140.501831 232.021194
352.709381 410.082886
406.605774 156.600601
326.565887 339.235382
302.838745 322.651367
418.291626 421.277374
337.382660 229.968307
182.686722 198.032974
402.379395 423.976471
-1.000000 -1.000000
284.631653 307.395386
117.788559 274.657349
392.747101 172.317688
418.150299 384.590668
373.619934 153.350067
339.643768 213.896622
-1.000000 -1.000000
256.604004 223.415970
196.988953 438.845581
380.964447 344.669403
429.901611 408.102753
179.359558 384.838257
394.977051 334.800262
372.663422 207.916641
376.527039 192.366913
156.724182 375.169891
386.593628 432.966919
211.221008 403.100769
118.195122 298.457184
369.578156 218.634933
386.669250 118.787247
180.452682 400.607117
274.371094 289.378021
407.041504 140.173676
397.211304 317.680420
207.080063 207.256805
455.802063 231.619461
376.174194 181.405685
357.496002 206.054688
359.799255 244.367859
432.400055 308.376343
374.110504 306.674896
-1.000000 -1.000000
-1.000000 -1.000000
372.990540 139.070724
362.325714 189.881393
339.025818 407.029694
244.206985 316.675293
377.284363 291.957336
335.730835 255.454330
189.247269 272.040283
356.728943 261.995544
316.853485 327.795441
263.504425 417.021606
239.203842 432.188385
365.216278 351.491028
445.341980 225.058640
436.810455 280.928650
374.327789 162.952286
352.594818 275.514038
342.801453 202.326126
231.973877 209.893677
241.392715 282.667358
335.326752 264.602020
392.803406 188.324097
136.871445 312.150543
-1.000000 -1.000000
404.806030 174.935608
366.870728 419.852753
213.883743 304.646698
350.285309 433.257385
427.050720 396.947327
414.431000 173.435898
336.161987 390.486267
279.624481 209.888885
408.960327 198.255600
361.592682 179.778076
173.272751 295.521027
366.468719 320.137756
411.349030 296.875885
380.459198 321.227814
352.184967 315.081573
-1.000000 -1.000000
460.470886 217.077026
293.195312 401.504089
-1.000000 -1.000000
362.923737 286.820160
420.277374 305.197571
439.452759 323.334839
389.167450 201.663712
406.013947 323.094360
449.164154 276.004730
408.020020 394.827301
149.251068 358.639435
-1.000000 -1.000000
139.188644 216.982895
439.562286 268.512390
146.329529 387.864410
418.287994 214.761154
410.839844 276.834106
382.883331 282.296539
306.800262 379.340668
358.806458 161.474640
193.841339 98.287994
442.786102 306.508423
113.450401 257.288330
442.764526 249.980469
412.444672 122.458290
401.971405 288.127899
422.055084 284.234711
387.005890 215.262421
428.856232 187.847427
363.290833 300.571777
195.324066 304.944092
428.321594 293.191376
-1.000000 -1.000000
179.390060 97.443405
149.577774 406.261536
420.040771 154.224167
355.860840 153.942291
374.924744 240.832352
400.260773 271.392609
399.655670 183.660828
305.096710 212.690216
450.716187 209.620911
219.519974 275.727936
390.200897 311.636597
120.269264 241.815613
176.507828 135.521179
161.436523 135.565170
142.829926 203.427139
157.284378 345.129791
344.680450 186.576065
135.506149 373.814789
163.749741 106.274155
279.910889 418.507080
235.327957 302.640045
426.809662 227.392532
412.499817 228.737930
179.254623 282.776855
380.627747 263.628143
189.882614 110.768448
433.941895 167.457428
-1.000000 -1.000000
161.286057 160.337036
197.073715 85.734497
369.802094 258.267090
374.139709 125.753975
398.339020 206.336044
176.340576 160.451920
434.616028 259.937500
428.699615 271.687012
431.698181 214.048859
208.921829 288.870850
394.994995 280.124237
146.004486 159.347076
394.433228 297.825317
174.520966 117.406654
129.736465 391.260315
182.779007 84.916656
382.885162 243.339005
323.880066 355.051025
409.622375 249.291946
160.466751 173.601730
159.224762 118.599518
192.248917 135.424377
133.103989 358.536835
165.881119 91.533424
430.436188 144.326202
118.763435 228.067566
320.796143 384.759338
340.257782 423.233765
144.967377 172.496750
425.224365 242.450027
175.936783 174.357285
394.404968 221.763214
-1.000000 -1.000000
345.079041 149.937027
325.140411 412.673248
106.555962 270.909180
316.255402 399.111816
440.416595 197.716476
438.114502 148.148712
144.952972 143.622620
160.818207 185.359482
139.567383 340.918518
298.648743 108.178696
169.086945 78.717873
298.482056 419.698914
409.047363 210.574356
315.235870 135.121124
398.684814 240.807861
-1.000000 -1.000000
134.570740 410.210632
-1.000000 -1.000000
314.859467 111.740944
300.677826 137.234604
142.942703 191.367355
-1.000000 -1.000000
317.742462 207.343491
299.433502 121.869926
446.426727 178.334000
207.863525 100.360634
405.612061 222.990936
-1.000000 -1.000000
282.821075 123.590240
204.469711 111.368835
347.890717 140.905884
456.071350 198.301682
106.497704 289.754456
178.326050 185.250122
327.589935 170.904266
286.770935 141.194519
210.640366 86.539398
121.395615 324.351135
465.793396 204.499466
121.626251 211.941788
313.816284 97.105583
195.565445 71.485847
327.449890 153.724426
120.361664 380.029358
313.477753 152.028030
126.069992 195.104523
200.880371 193.476456
328.200470 120.319534
194.748871 148.481888
310.728546 169.314941
313.636383 198.569595
298.978027 152.503754
296.285126 168.968521
-1.000000 -1.000000
403.507599 105.725571
104.548912 242.346985
389.455597 105.663666
113.864029 430.541656
348.390472 126.239594
127.655533 181.503067
-1.000000 -1.000000
329.738159 104.587692
315.994202 185.055862
304.178467 205.652466
445.945312 152.518677
301.110107 184.153809
276.159637 112.579903
118.886635 424.786407
435.171906 128.919739
124.339951 345.705994
98.863823 289.331421
209.493515 71.586449
139.137039 132.397324
289.404907 96.284569
129.143707 165.691544
463.050049 181.543915
118.067276 365.423767
256.731995 207.246597
446.952118 144.357300
99.244774 258.816376
120.404190 437.862061
229.786026 196.176651
192.878769 164.228348
254.567642 121.795441
271.390594 97.612228
285.871185 86.134201
97.050049 275.470825
254.382858 94.529922
271.707794 79.268234
103.142387 229.441605
284.976044 181.357285
147.398895 107.785934
244.254059 87.553421
221.209183 108.569702
-1.000000 -1.000000
448.400513 143.221680
296.340790 199.845016
181.105392 66.099365
305.679749 87.004433
329.251984 89.176468
288.636932 71.093483
-1.000000 -1.000000
274.119385 152.446442
192.463486 177.076752
153.522263 87.351547
370.794800 114.762085
219.087021 132.849289
301.082550 78.154907
154.720367 81.752007
228.815063 190.244720
277.388153 164.431458
-1.000000 -1.000000
209.335236 121.790771
204.389816 182.128098
-1.000000 -1.000000
259.173248 194.656219
-1.000000 -1.000000
-1.000000 -1.000000
198.724213 60.420456
287.071564 160.194534
126.112801 156.725327
-1.000000 -1.000000
107.774643 208.301941
-1.000000 -1.000000
