213.031082 226.773514
170.336044 211.503510
256.273102 274.519379
194.432175 255.008026
275.690247 243.648819
322.006989 296.333221
137.284561 249.208328
296.730835 288.054749
352.249786 219.259506
382.040558 142.679596
341.816711 244.244781
362.471252 194.711472
331.602081 270.712372
183.615250 111.670700
372.321625 168.189026
401.042511 135.845032
189.399811 216.379608
448.446716 205.202454
176.260223 151.342255
172.754517 137.180237
193.901932 85.913071
163.882843 162.825638
134.780838 238.276520
410.847778 153.447845
467.215881 233.911865
458.815643 220.448730
141.692368 282.962769
431.268768 183.717361
372.365601 186.222107
217.086624 256.226288
252.886017 237.254456
383.386261 160.873795
174.664520 241.491028
421.494019 169.009094
165.610413 177.824661
198.168701 303.721039
264.458862 390.529114
363.128265 212.002396
352.894012 236.906311
221.433762 381.224030
156.755569 202.236191
239.360626 317.477936
324.402832 222.255096
331.915588 287.706146
324.651367 316.768860
443.075897 314.485199
147.227142 335.801910
431.883179 179.969620
443.189148 400.948975
235.770477 259.810852
295.181122 381.858795
279.550262 275.099304
-1.000000 -1.000000
165.837845 339.402191
193.511993 354.807495
418.628265 154.737915
-1.000000 -1.000000
314.421875 166.493973
273.062378 375.106293
341.860291 263.069031
194.543854 443.092743
231.901245 368.669220
183.053986 347.953339
143.263474 210.908829
146.650177 227.328003
244.620667 340.017975
419.527069 266.941071
193.424484 390.820374
395.113770 277.017395
186.994293 127.412666
311.911621 388.211731
193.454666 104.431519
447.016571 323.910950
372.334473 386.752899
-1.000000 -1.000000
245.098846 427.366821
408.538483 434.138947
391.016418 289.664886
152.959915 186.379013
202.299667 327.215393
431.570984 363.773163
-1.000000 -1.000000
370.958923 287.539734
-1.000000 -1.000000
348.625610 400.708710
166.258926 429.030426
145.628189 423.598236
432.816803 452.449158
389.557190 383.397217
202.006973 415.626099
382.505554 240.133835
461.919159 267.449432
407.754791 337.324585
408.073578 231.370239
397.213226 438.851257
401.740112 223.384048
195.318604 367.116364
-1.000000 -1.000000
364.923004 300.436432
452.520386 377.054260
236.560806 380.955627
366.484467 404.041718
-1.000000 -1.000000
407.788605 385.960541
441.108215 202.633682
446.121857 421.376343
414.672668 280.762024
453.248108 282.087280
437.923615 186.731995
413.671997 369.183685
412.680084 299.967804
194.280640 454.782654
119.369400 266.202332
342.392975 323.157867
183.264923 436.645996
429.275299 223.389221
454.597595 351.205719
151.194489 368.706299
367.153229 366.672424
370.313812 316.854218
-1.000000 -1.000000
-1.000000 -1.000000
234.954941 405.385040
-1.000000 -1.000000
381.078796 230.382507
-1.000000 -1.000000
395.125793 192.544067
386.041992 206.282028
405.312256 196.848022
461.353546 232.667557
451.113556 217.882965
349.049927 414.346832
-1.000000 -1.000000
178.453003 389.459595
373.388763 263.281921
276.470886 92.110527
294.477264 246.734406
290.385468 373.612183
301.604889 441.223541
389.977173 397.245148
282.793152 435.211151
285.161774 345.438141
-1.000000 -1.000000
402.706390 330.721497
302.207031 352.965820
306.865723 115.986145
152.125244 306.384064
351.932404 443.599335
-1.000000 -1.000000
-1.000000 -1.000000
431.492920 379.213562
397.318298 252.944199
-1.000000 -1.000000
411.698853 184.708145
416.447479 245.328018
236.771896 243.282593
438.700409 386.842407
312.288269 379.750458
279.188843 410.241760
198.799820 378.860992
-1.000000 -1.000000
469.035736 275.598145
172.461533 251.509247
262.774261 403.567261
-1.000000 -1.000000
371.382904 411.561768
-1.000000 -1.000000
204.744080 348.031067
245.815689 361.178558
413.004791 393.678101
394.010529 335.387299
360.920258 437.165588
252.878281 263.385162
170.763626 314.393616
396.296906 352.407135
215.621765 266.595459
-1.000000 -1.000000
190.680634 243.751617
445.775665 369.270782
360.766571 348.216919
153.086136 394.295135
204.577560 314.358643
397.180695 412.577179
154.811218 294.322266
323.372375 338.270111
222.597473 237.517044
-1.000000 -1.000000
354.264465 369.621857
429.690216 431.337341
319.625610 115.487625
421.952087 240.181671
219.273849 309.615326
-1.000000 -1.000000
381.696747 292.978668
-1.000000 -1.000000
408.924164 255.071518
241.777130 394.229919
163.250046 419.773956
143.780182 379.354706
384.346649 265.659149
182.643097 337.791138
315.530975 239.339264
260.666870 323.010590
303.800629 264.596405
405.641632 284.144958
367.619568 268.644501
430.916595 273.171936
-1.000000 -1.000000
-1.000000 -1.000000
394.119354 424.091492
-1.000000 -1.000000
154.493484 329.044861
272.432281 420.311401
244.457321 449.065186
-1.000000 -1.000000
352.151550 353.731720
204.322861 438.087158
391.767334 226.304123
216.494797 331.994598
-1.000000 -1.000000
175.791580 302.223206
436.815247 336.796326
183.996872 426.506958
431.238831 319.062286
-1.000000 -1.000000
-1.000000 -1.000000
-1.000000 -1.000000
395.473724 328.902191
413.549896 216.862274
213.198990 421.430359
218.700165 393.981110
263.591492 343.943573
173.176498 403.515350
292.556610 277.710724
-1.000000 -1.000000
404.023743 214.182281
442.413666 296.578796
145.072266 235.953445
384.321381 221.855316
-1.000000 -1.000000
397.809753 241.844711
383.799530 407.367554
246.940308 326.007629
375.639160 339.594696
354.537598 436.473877
347.657898 352.446625
-1.000000 -1.000000
434.570465 314.749603
424.669464 390.865265
323.967468 229.088806
372.082855 250.731903
379.825134 314.199036
-1.000000 -1.000000
468.535034 253.720139
-1.000000 -1.000000
392.785950 256.447388
342.372253 426.968567
302.614197 338.646271
359.738831 253.946045
457.324860 302.455597
421.406311 297.327667
428.225830 341.425385
276.611267 285.067688
457.226959 336.801086
-1.000000 -1.000000
275.428711 332.647949
358.060181 425.466400
432.727142 404.922546
-1.000000 -1.000000
221.646179 352.648285
-1.000000 -1.000000
294.439697 74.166618
388.997223 335.527710
354.443390 343.759613
330.326355 339.569885
-1.000000 -1.000000
203.624771 83.984055
426.602570 171.974274
134.024277 260.602631
401.749054 422.272308
313.387024 253.309219
-1.000000 -1.000000
416.259613 320.413055
432.555176 411.568359
283.063110 95.513062
344.235779 383.457123
359.632324 406.913300
-1.000000 -1.000000
401.046570 388.106262
-1.000000 -1.000000
-1.000000 -1.000000
437.747040 372.145599
386.689606 425.783844
275.369690 384.540070
386.428284 358.827911
263.483002 367.471222
177.083710 125.370377
-1.000000 -1.000000
389.009827 448.765625
228.106613 333.590271
252.331375 438.529572
433.658630 400.315338
221.566116 440.628387
433.348816 235.203201
348.006500 442.191925
220.293335 94.182007
378.424225 204.152863
-1.000000 -1.000000
394.881897 319.945374
301.722626 249.500885
313.781372 427.538879
-1.000000 -1.000000
186.467148 323.039337
325.880035 68.918716
361.848877 395.410339
439.589935 428.412720
304.143494 133.181198
399.906738 184.645660
-1.000000 -1.000000
-1.000000 -1.000000
-1.000000 -1.000000
220.318878 369.204926
315.201324 316.460510
371.640778 444.225403
173.584488 229.869522
381.624878 191.764252
422.170166 320.706848
216.500626 76.329124
182.737488 137.239807
454.106689 408.123871
403.521240 376.812988
445.026093 451.441284
-1.000000 -1.000000
-1.000000 -1.000000
427.534027 352.799286
-1.000000 -1.000000
436.012177 406.663055
321.695740 146.393433
-1.000000 -1.000000
399.261719 145.250702
296.990723 267.573822
-1.000000 -1.000000
-1.000000 -1.000000
315.395050 127.829887
223.166031 400.949768
414.176605 233.196548
388.836639 243.823257
166.079575 150.541245
-1.000000 -1.000000
325.465454 266.495667
155.950500 381.466858
-1.000000 -1.000000
385.553986 378.101257
147.441696 433.868835
380.279724 343.911469
147.787476 247.374390
-1.000000 -1.000000
315.146423 292.867035
396.704987 340.810272
434.958710 319.334015
126.309898 233.944962
339.020172 358.691132
-1.000000 -1.000000
302.444794 273.106201
446.490997 194.107376
165.263657 133.184952
412.533356 337.601227
-1.000000 -1.000000
443.753845 357.879730
212.004501 90.011932
-1.000000 -1.000000
-1.000000 -1.000000
185.931595 82.558693
477.364594 251.895813
429.200012 447.941589
418.885193 179.584457
192.718292 113.663536
-1.000000 -1.000000
324.600006 282.395355
370.874084 354.455139
-1.000000 -1.000000
454.207092 319.770538
310.060913 415.552429
195.009918 401.452972
233.604813 433.896851
422.549957 247.649994
467.923004 225.231049
-1.000000 -1.000000
174.420151 161.147400
127.737785 267.499573
425.705078 417.311615
322.530548 129.766602
146.796402 345.866486
383.025269 435.238434
176.037689 108.441399
262.384552 375.340393
362.294098 333.304260
-1.000000 -1.000000
345.382599 230.651932
356.626038 186.650070
356.111511 208.104706
416.882690 354.457764
472.498535 226.614807
-1.000000 -1.000000
448.588867 390.070129
-1.000000 -1.000000
231.865784 359.746643
320.685791 257.768005
348.177856 250.028976
156.315979 158.949448
137.243378 223.921707
356.485809 362.664154
-1.000000 -1.000000
-1.000000 -1.000000
358.571320 224.302322
-1.000000 -1.000000
271.593445 437.984192
433.210022 303.781189
418.525787 442.184875
270.718536 93.831757
294.487030 96.510231
259.459839 237.790009
380.180847 174.848099
326.740356 260.748474
388.109894 330.816986
411.975281 270.004120
396.929413 425.526794
324.447540 116.599495
337.887085 275.166077
-1.000000 -1.000000
