213.227509 227.796417
171.252747 211.940292
256.026917 275.878113
195.131516 255.313141
274.765106 246.094467
320.219604 299.580353
138.845291 248.853882
295.826202 290.349091
350.651794 222.123123
380.684814 144.942642
340.135498 247.230438
361.018341 197.267426
329.831024 273.810272
185.691422 110.316925
370.911194 170.567276
401.176270 137.193420
190.082642 217.049850
449.246521 205.278534
178.300949 150.237946
174.686447 136.020370
196.095963 84.511917
165.834656 161.777893
136.340988 237.811218
410.332428 154.594757
468.661774 233.343246
459.988647 220.173019
143.125885 282.457703
431.511353 184.251007
371.034515 188.698639
217.441864 257.073517
252.482925 239.076126
382.144989 163.154800
175.661346 241.589966
421.376923 169.947144
167.569717 176.915482
199.172821 304.234711
264.461029 391.641266
361.754425 214.620529
351.339905 239.728439
222.119003 381.572388
158.535751 201.530807
239.663132 318.617432
323.756653 224.011536
330.220245 290.872650
322.955719 319.827118
444.663544 313.770416
149.395081 334.986115
432.118073 180.484253
445.573944 399.486267
235.898346 260.986420
294.606995 383.882935
278.853729 277.167633
-1.000000 -1.000000
167.705307 339.051636
194.565430 354.944855
418.318146 155.819427
-1.000000 -1.000000
314.408234 167.427155
272.906372 376.705383
340.193237 266.031250
196.328979 442.695923
232.350464 369.498413
184.273117 347.674683
145.081604 210.133972
148.412476 226.676575
244.785004 341.084656
420.192017 267.103119
194.983826 390.847961
395.162445 277.856415
189.160919 126.126434
310.831573 390.373260
195.711960 102.921028
448.824219 326.877686
372.336212 387.830383
-1.000000 -1.000000
246.008301 427.840332
410.037201 435.632385
390.882904 290.677826
154.814301 185.595551
203.186905 327.516632
432.758270 363.249390
-1.000000 -1.000000
370.407318 289.064362
-1.000000 -1.000000
348.097931 402.427246
168.866745 427.949890
148.659134 422.081726
434.789368 451.516724
389.965973 383.844696
203.824783 415.304108
381.952789 242.003708
463.491516 266.374420
408.445160 337.968842
408.014862 232.543121
398.648224 440.192719
401.569031 224.401535
196.365509 367.164001
-1.000000 -1.000000
364.342255 302.126404
454.816467 375.817444
237.086212 381.704773
366.428253 405.068237
-1.000000 -1.000000
408.757935 385.807648
441.677582 202.834442
448.694641 420.156799
415.092285 281.080505
454.819763 281.526459
438.339020 187.173264
414.515564 369.156799
413.246216 300.502441
196.115280 454.296753
121.072746 265.663544
340.841705 326.116058
185.184433 435.765686
429.759491 223.891754
456.440033 350.064331
153.432129 367.949799
366.994263 368.327576
369.930237 318.478729
-1.000000 -1.000000
-1.000000 -1.000000
235.820587 406.143097
-1.000000 -1.000000
380.460999 232.011673
-1.000000 -1.000000
394.369110 194.496063
385.356873 207.667709
405.157715 197.783371
462.624237 232.284409
452.069916 217.841980
348.728607 415.759125
-1.000000 -1.000000
180.494049 388.813293
372.771667 264.996765
277.868195 91.687447
293.080170 249.484482
289.671661 375.277649
301.549744 443.000092
390.656158 397.565155
282.982178 436.517548
284.462402 347.291443
-1.000000 -1.000000
403.428833 331.050690
301.462189 355.354156
306.512756 117.362206
154.186890 305.922485
351.972931 444.871887
154.834869 454.072571
-1.000000 -1.000000
433.125366 378.483887
397.319153 253.890167
-1.000000 -1.000000
411.422607 185.926697
416.660980 246.055893
236.753677 244.291565
441.085388 385.736572
311.173645 381.819641
279.224487 411.908386
200.268982 378.889282
-1.000000 -1.000000
470.870087 274.364014
173.649994 251.578720
262.871765 404.419617
-1.000000 -1.000000
371.642761 412.634674
-1.000000 -1.000000
205.808151 348.388428
246.144043 362.195312
414.085388 393.669647
394.424805 335.977570
361.342285 437.989655
252.492874 264.713562
172.595764 314.379608
396.834900 353.321320
216.046127 267.420258
-1.000000 -1.000000
191.416061 243.965118
447.778778 368.027527
360.501831 349.732269
155.778534 393.157776
205.411667 314.634430
398.580322 412.013763
156.526138 294.051086
322.139374 341.057831
222.873154 238.570480
-1.000000 -1.000000
353.901794 372.019073
431.562103 430.406403
319.420990 116.633354
422.508179 240.386505
219.505264 310.386292
-1.000000 -1.000000
381.274841 294.251251
-1.000000 -1.000000
408.981750 255.533310
242.455307 395.001251
165.747696 418.283813
146.401581 378.381927
383.809235 266.752899
183.749588 337.254730
314.660736 241.385269
260.280182 324.692535
302.697327 267.124298
405.762451 284.853455
366.813507 270.851990
431.492340 273.229736
-1.000000 -1.000000
-1.000000 -1.000000
395.125671 424.219971
-1.000000 -1.000000
156.629440 328.104889
272.578949 421.652710
245.535767 449.534424
-1.000000 -1.000000
351.453552 355.714111
206.208389 437.816620
391.249023 227.698700
217.103714 332.479034
-1.000000 -1.000000
177.235565 302.381439
438.486542 336.081573
185.638916 425.271515
432.328461 318.728363
-1.000000 -1.000000
-1.000000 -1.000000
-1.000000 -1.000000
396.007599 329.160431
413.387024 217.782059
214.801971 421.288208
219.475784 394.232910
263.063995 344.175446
175.577469 402.920654
291.492157 279.984650
-1.000000 -1.000000
403.682220 215.344864
443.826050 296.129822
146.792572 235.418655
383.438446 223.715607
-1.000000 -1.000000
397.778534 242.996567
384.418030 407.966187
247.128754 327.164459
375.285400 340.969788
354.639343 437.486237
346.373413 354.645691
-1.000000 -1.000000
436.178497 313.963501
426.302887 390.348450
323.243408 231.012497
371.768250 252.550049
379.689789 315.508301
-1.000000 -1.000000
470.177216 252.748367
-1.000000 -1.000000
392.376282 257.916992
342.199921 428.725067
301.899109 341.089386
358.699554 256.332764
458.899445 301.489502
422.322632 297.464325
429.487671 340.891693
275.964630 286.969116
458.884338 335.788727
-1.000000 -1.000000
275.821167 333.991058
358.398621 426.330872
434.541046 403.594330
-1.000000 -1.000000
222.092499 353.114380
-1.000000 -1.000000
294.695557 74.462074
388.904907 336.381897
353.859589 343.373474
329.315308 342.044617
-1.000000 -1.000000
205.859772 82.612617
426.683594 172.684555
135.229172 260.137512
403.302368 422.155121
312.400024 255.685760
-1.000000 -1.000000
416.879242 320.451477
434.520477 411.028778
285.322784 95.727783
343.681854 385.476990
359.540161 408.049896
-1.000000 -1.000000
401.854706 388.261475
-1.000000 -1.000000
-1.000000 -1.000000
439.358673 371.308289
387.499817 426.192139
275.653778 385.947723
386.718872 359.418030
263.272614 368.438110
179.141525 124.070885
-1.000000 -1.000000
390.043335 448.727875
228.459152 334.452240
253.106583 439.083099
435.678589 397.552521
222.710983 440.266754
433.773224 235.910721
347.629639 443.576630
223.205292 92.548531
377.520935 206.161362
-1.000000 -1.000000
395.406647 320.454956
300.811676 252.159348
313.070496 429.477631
-1.000000 -1.000000
187.584244 323.183960
325.567139 69.925453
361.608276 396.631805
442.085754 427.008850
303.914490 134.237564
399.435760 186.196747
-1.000000 -1.000000
-1.000000 -1.000000
-1.000000 -1.000000
220.955002 369.847717
313.309662 319.370422
372.051971 444.907196
174.670746 228.771622
380.533875 193.990662
423.159851 319.997772
219.042084 74.597015
185.007202 135.924530
456.555939 406.579102
404.085754 377.061768
447.585052 449.961639
-1.000000 -1.000000
-1.000000 -1.000000
428.735291 352.265320
-1.000000 -1.000000
438.243958 405.623291
321.684784 147.304749
-1.000000 -1.000000
398.732452 146.449921
295.847961 269.925079
-1.000000 -1.000000
-1.000000 -1.000000
315.150787 129.119415
224.018799 401.417847
414.572662 233.926147
388.420959 245.394852
168.163452 149.415970
-1.000000 -1.000000
323.618713 269.655853
158.619492 380.649109
-1.000000 -1.000000
385.926086 378.343170
150.493835 431.738861
380.136627 343.963104
149.384064 247.021225
-1.000000 -1.000000
313.259918 296.397034
397.492523 341.645935
436.406342 318.956818
127.848938 233.546768
338.235718 361.029419
-1.000000 -1.000000
301.458557 275.692566
446.977295 194.254135
167.146042 132.508682
413.205505 337.669617
-1.000000 -1.000000
445.095856 357.211212
214.631592 88.250145
-1.000000 -1.000000
-1.000000 -1.000000
188.099106 81.271751
478.757996 250.507538
431.075684 447.012451
418.067139 180.226913
194.958099 112.308647
-1.000000 -1.000000
322.993347 285.450989
370.540833 355.861237
-1.000000 -1.000000
455.909698 318.769653
309.361359 417.648834
196.680603 401.532440
234.648804 434.260284
423.179108 248.065948
469.044525 224.515381
-1.000000 -1.000000
176.468414 160.141220
129.334869 267.122498
427.528351 416.237396
322.481934 130.818527
148.351212 343.790558
383.878845 435.627686
177.979324 107.446342
262.286163 376.621887
361.852356 334.854919
427.755188 197.261505
343.853943 233.125031
355.074799 189.096695
354.628357 210.754440
417.680481 354.606781
472.864319 225.486511
-1.000000 -1.000000
450.966644 388.253937
-1.000000 -1.000000
232.320297 360.555573
319.706818 260.104828
346.723389 252.639709
158.078751 158.087616
138.994156 223.145126
356.330902 364.325439
-1.000000 -1.000000
-1.000000 -1.000000
357.338104 226.812241
-1.000000 -1.000000
271.856781 437.422974
434.479126 303.033569
419.934235 441.998749
272.074432 93.584457
296.089600 96.666611
259.012512 239.699463
379.664337 176.879074
325.192261 263.702362
388.076447 331.494415
412.398285 269.851868
398.352661 425.734955
324.272522 117.489403
336.250031 277.990204
-1.000000 -1.000000
