207.247726 235.875397
167.165298 220.953995
251.169327 280.283630
192.933594 260.485504
265.465179 253.664200
311.766418 305.360931
139.908524 256.208679
289.380371 294.246948
336.218811 223.795486
360.490265 141.840378
327.603760 250.589081
344.802856 197.353287
319.417511 278.467163
177.065048 111.607391
352.761169 169.272949
383.546539 129.572235
185.008987 225.751572
439.857422 183.637299
172.706100 152.265167
168.052551 138.733673
185.194183 84.169861
161.005676 165.502106
136.824097 245.748413
391.998199 143.965820
465.467072 207.251556
453.465820 195.750351
147.697495 288.780243
418.952271 168.007843
354.702759 187.220108
214.040512 261.892487
244.235764 246.560226
363.512726 160.162537
174.207581 247.210434
405.860535 156.438782
163.599213 180.328842
200.996796 309.792969
269.175842 393.448547
347.042847 214.798157
338.552185 241.464752
229.709183 383.848572
156.094528 206.828400
239.743378 323.578491
312.339844 224.394455
321.522797 295.720001
315.991852 323.859222
448.216370 288.735748
159.008270 339.150787
418.945770 161.219650
458.740997 370.480255
231.611710 265.775482
296.524506 385.876587
272.510468 280.958954
-1.000000 -1.000000
176.415390 342.746033
201.733246 358.038391
400.812927 143.366684
-1.000000 -1.000000
300.782166 165.680817
276.194458 379.043884
329.784302 269.339325
213.441071 442.057495
237.781555 372.100311
191.838837 351.104095
143.460876 217.099731
147.963394 233.133118
247.342834 344.153656
416.139496 249.391724
207.147095 393.021423
390.206604 265.752777
181.711884 127.174118
312.104431 392.321899
186.674500 102.783890
454.708649 304.855438
376.008270 379.943085
-1.000000 -1.000000
258.560516 427.447021
424.011322 417.085815
386.075623 280.448669
151.586288 191.093903
207.744263 331.328369
439.020874 340.572571
-1.000000 -1.000000
364.615509 282.745972
380.742584 447.259430
350.605896 398.823608
187.763474 428.014771
168.333069 422.231903
450.897369 425.118713
394.668365 370.288788
218.733078 415.551361
372.248566 236.357544
463.171875 237.609924
412.250671 330.656158
398.886261 220.868973
411.883301 422.636841
390.066101 213.739777
204.256805 370.077148
406.584259 453.819855
359.053711 297.546173
465.804718 346.950623
243.297623 384.275665
371.956055 396.407135
-1.000000 -1.000000
416.118988 367.433044
431.369507 182.979965
464.625977 390.481506
411.473755 264.877014
456.239624 256.430145
426.152618 168.542358
420.118103 351.341522
412.311737 285.099365
214.475494 453.648926
124.303078 274.434296
334.475525 328.436646
203.037125 435.363373
422.157135 207.278351
464.083740 322.810669
166.856613 370.702942
369.317017 362.496460
367.616089 313.070709
428.045166 452.239471
-1.000000 -1.000000
246.296921 407.756012
432.078827 435.375366
368.590240 225.950150
-1.000000 -1.000000
379.264069 187.872025
371.956177 200.800095
392.707306 186.979645
457.800323 207.062866
444.542969 195.356445
353.475830 411.488464
-1.000000 -1.000000
194.655716 391.153198
364.683380 259.422791
264.217682 87.538513
282.352051 256.697754
291.118011 376.670532
310.918549 442.500214
397.549042 383.159271
293.523499 436.069458
283.888794 350.407257
-1.000000 -1.000000
405.319153 315.291687
300.842834 358.432404
287.400330 117.832947
161.133102 311.353394
361.870514 437.584320
178.417313 452.939453
453.415344 438.458160
441.718292 354.593964
390.171448 242.468475
-1.000000 -1.000000
398.088623 175.075409
409.989258 230.906952
230.960632 250.542343
452.901947 358.265137
311.219147 382.936279
286.612579 412.957489
210.256546 381.813812
-1.000000 -1.000000
471.881592 245.091110
173.078430 257.086243
269.886139 405.748199
-1.000000 -1.000000
379.148376 402.795868
-1.000000 -1.000000
212.654633 351.485291
250.896851 364.682953
423.334839 374.468018
395.540009 322.896057
371.467194 428.072601
246.833221 269.039886
179.075241 319.136047
400.382660 339.870667
213.525345 272.093750
-1.000000 -1.000000
188.614578 249.130371
457.583557 340.454681
360.769928 343.832092
172.900467 394.671967
208.477982 318.832947
410.121582 393.270599
162.032959 299.602966
317.312164 344.893555
217.495331 244.819489
-1.000000 -1.000000
355.366516 367.643524
445.963470 404.092255
299.953888 115.654549
416.025055 223.187103
220.823395 315.807526
-1.000000 -1.000000
376.333282 287.014069
-1.000000 -1.000000
402.287964 240.619354
250.461655 397.099304
183.901794 417.774139
161.451111 382.333282
376.072235 257.449585
190.231461 340.087311
304.545502 243.163742
259.751434 329.610840
294.630310 271.075134
401.777863 271.222687
358.731781 266.430511
427.979828 254.542526
-1.000000 -1.000000
485.902069 227.277985
406.482361 406.882050
-1.000000 -1.000000
165.492752 331.397308
281.612000 423.915375
260.641693 449.060211
-1.000000 -1.000000
350.951111 352.350006
223.585907 437.240051
379.743469 219.406631
219.975433 335.735779
-1.000000 -1.000000
181.772125 307.525574
443.847198 313.182831
202.239548 423.965881
434.201538 297.176483
24.821093 430.279633
-1.000000 -1.000000
363.575653 453.385559
396.912537 314.526276
402.181427 205.247665
229.349716 420.930695
229.014709 395.977020
263.093018 345.858063
191.542786 403.624023
284.250763 284.363800
-1.000000 -1.000000
391.732239 203.997330
445.848328 272.878632
147.279037 242.459213
370.618591 216.978790
-1.000000 -1.000000
390.270203 231.975189
392.784027 393.652283
248.130051 330.649475
374.403778 333.398102
363.467377 429.221313
344.564362 352.369537
-1.000000 -1.000000
439.284851 289.839355
436.208832 366.153076
312.106232 232.358658
364.351898 247.494156
377.722321 306.643097
448.359528 450.239532
468.651550 225.376938
-1.000000 -1.000000
384.855499 248.926880
348.543030 423.693054
299.151062 345.250885
348.905640 254.012680
461.759918 275.162689
422.185791 278.551819
434.278595 318.433411
270.391266 290.861450
464.804962 308.417816
-1.000000 -1.000000
274.325226 338.844910
367.553589 417.447662
446.611969 376.934601
-1.000000 -1.000000
226.647614 354.726624
-1.000000 -1.000000
274.705811 70.690567
388.440460 324.713013
352.516388 338.287384
325.591339 344.650238
-1.000000 -1.000000
195.113281 81.168594
411.855194 157.085388
136.888168 267.662903
416.007080 403.026093
303.092407 259.248108
-1.000000 -1.000000
417.606628 303.412048
448.042511 388.279144
273.907593 92.054886
345.299591 382.390686
364.602722 401.606445
-1.000000 -1.000000
408.416107 372.378113
-1.000000 -1.000000
-1.000000 -1.000000
447.329926 346.057068
397.978424 409.782501
279.988647 388.921875
389.892181 346.896027
265.839966 368.716431
171.843094 125.688545
463.756744 429.135406
402.946930 431.700500
231.148300 337.978424
266.045593 437.408752
447.803101 369.756012
237.400269 436.482758
426.633972 220.520782
355.416656 437.388336
216.353287 88.527328
363.189972 201.723907
-1.000000 -1.000000
396.223663 305.891449
290.510132 258.213776
318.814636 430.083771
459.514343 454.283356
191.990768 327.263824
302.575684 67.379166
364.905701 390.711945
457.831879 398.271179
287.116882 133.243988
385.253357 176.690430
-1.000000 -1.000000
25.389174 436.729858
-1.000000 -1.000000
227.191727 372.969788
306.442993 323.820801
382.846588 432.813293
172.129791 236.359467
364.947205 189.798828
424.848877 298.865417
208.300308 69.771889
178.103439 137.878052
470.945282 375.202637
409.219666 361.337372
465.282959 420.534424
369.792786 445.191040
-1.000000 -1.000000
434.365204 329.337494
429.079010 396.784790
452.184692 378.580627
306.992371 145.387817
-1.000000 -1.000000
378.102020 140.726151
287.282257 274.216064
276.534241 448.896912
420.236847 446.001526
297.534027 128.454453
234.662109 403.508575
407.375061 219.322937
380.107697 237.140625
162.860138 152.184616
-1.000000 -1.000000
312.162720 274.161377
173.865402 383.826965
-1.000000 -1.000000
390.001556 359.899109
171.734436 433.254425
381.300812 333.239471
150.238174 254.440323
402.085175 443.737579
304.123840 302.045959
401.651947 330.879150
440.342987 296.543121
127.809425 241.934998
337.659698 361.021515
-1.000000 -1.000000
293.657227 281.929260
435.813171 173.267151
159.920364 134.644516
415.535980 319.518707
-1.000000 -1.000000
451.627686 332.336731
204.972702 85.236649
-1.000000 -1.000000
-1.000000 -1.000000
176.939346 80.358437
476.296906 219.879745
446.840729 420.353180
403.065186 166.857819
186.498428 112.908440
-1.000000 -1.000000
314.074066 290.287750
371.285950 347.850647
-1.000000 -1.000000
460.016327 290.836029
314.067230 418.295227
210.027664 403.548798
248.393326 435.277252
417.663177 231.640884
462.656555 197.298111
-1.000000 -1.000000
171.401413 162.749557
133.530014 276.201233
440.420074 391.014008
306.097382 128.241989
160.091095 349.688782
395.219879 420.524719
169.043671 108.105499
266.029236 379.617523
360.660980 328.945557
415.924652 180.502930
329.595062 231.676575
337.625366 189.004822
339.239258 211.096390
422.258850 337.214600
467.139130 197.986801
-1.000000 -1.000000
463.435852 359.689362
-1.000000 -1.000000
236.962753 363.537598
311.686676 261.795471
335.534424 255.150436
152.544525 161.654663
138.237061 230.440201
358.304443 357.792725
-1.000000 -1.000000
-1.000000 -1.000000
343.596802 227.960739
351.341187 449.271881
283.004608 438.723114
436.232635 279.359253
434.141571 420.595184
257.868408 90.183578
283.381836 91.233261
251.762466 248.224579
361.712158 174.059937
315.479279 267.185150
388.012421 318.927155
407.333374 253.548279
411.392456 409.194641
306.119324 115.454117
326.626617 282.371033
-1.000000 -1.000000
