211.398773 218.758194
164.097015 207.838425
257.858551 264.708374
189.509415 252.228119
281.161346 227.698410
333.469391 273.628906
126.794724 249.873795
301.524933 272.219727
360.733795 201.100952
386.964874 131.526001
351.368256 224.537613
369.795807 178.447647
342.299469 249.233154
167.226425 121.714485
378.546722 154.054855
402.985291 126.594505
185.729706 211.564346
439.511810 207.882401
160.866348 159.776718
157.604797 145.218872
176.979385 96.449348
149.649887 169.492035
124.490654 239.414856
411.214020 147.591019
453.633942 241.634949
446.969147 225.608704
131.545532 284.050629
426.877258 182.844604
378.078674 171.569458
214.118958 250.073578
255.087189 226.001984
387.980896 148.006058
167.515533 240.238419
419.403015 165.513443
151.526123 184.195328
193.729614 298.614227
265.140961 379.729675
369.854797 195.410172
361.032928 218.624374
217.185562 376.132416
144.295181 206.646408
239.054062 307.871979
327.992126 210.606171
342.373108 265.523560
335.407288 295.789520
428.158844 322.096100
134.699478 338.476562
427.557526 179.318573
424.203156 411.794556
234.339661 252.068939
300.185303 365.710449
283.421967 261.339630
-1.000000 -1.000000
155.009140 339.718811
187.448669 351.720001
417.302246 149.612610
-1.000000 -1.000000
312.399628 162.738358
275.415680 362.080261
350.950745 242.858688
185.124817 442.680908
229.732391 361.045990
174.602127 346.445038
131.248917 214.109894
134.987000 230.365829
243.106903 330.821930
411.388947 267.737000
184.740341 388.864929
391.880127 272.363190
170.516220 137.474380
318.784851 370.437988
175.650757 115.596016
431.327057 328.264465
371.749878 378.369232
-1.000000 -1.000000
239.843674 421.219025
397.084290 430.499390
389.910339 283.897644
139.699875 191.193909
195.954803 323.146973
421.131775 368.148621
-1.000000 -1.000000
372.644745 277.385956
-1.000000 -1.000000
352.063629 387.720398
151.348969 432.825104
127.861092 430.070526
-1.000000 -1.000000
385.929077 380.047516
191.388382 414.756927
384.933441 230.285583
447.120483 278.915680
400.530762 335.167908
405.686188 226.869858
385.971283 428.768402
400.930084 217.969589
188.543839 363.691772
-1.000000 -1.000000
368.345795 289.113068
433.330322 387.525452
234.288589 373.402405
365.819824 395.977020
-1.000000 -1.000000
399.564545 386.694397
433.975159 204.075455
426.195557 432.393066
408.952301 280.236664
437.985077 289.584320
431.585205 186.128952
405.521790 370.091187
406.486633 298.769592
-1.000000 -1.000000
108.771400 267.327637
352.532043 302.152100
170.931412 438.429382
422.452911 223.366272
437.570435 360.643036
138.073730 371.952240
366.974670 357.061768
371.753204 307.047607
-1.000000 -1.000000
-1.000000 -1.000000
231.011551 398.969696
-1.000000 -1.000000
383.859772 220.655533
-1.000000 -1.000000
397.051270 183.244370
388.214050 199.254791
403.636353 192.138214
448.547455 239.701385
441.390411 221.968506
351.869781 402.595062
-1.000000 -1.000000
164.984573 390.371918
375.683716 252.685867
265.001526 96.630379
301.973541 228.244965
294.703705 359.510284
303.753235 426.806122
385.109680 394.380768
282.491516 423.666962
289.036469 330.466644
-1.000000 -1.000000
395.835999 329.511749
308.377594 335.268677
306.285889 109.628914
139.363800 307.762024
351.287262 433.676758
-1.000000 -1.000000
-1.000000 -1.000000
418.343597 385.176208
394.918365 248.050583
-1.000000 -1.000000
409.720123 180.131592
411.808380 244.434464
236.354889 233.755707
420.783081 395.797516
318.942719 362.833618
280.594177 398.228607
190.954727 374.867065
-1.000000 -1.000000
452.472595 287.672058
164.444534 249.993576
262.505981 393.766449
-1.000000 -1.000000
369.407593 404.236420
-1.000000 -1.000000
197.873596 344.158356
243.513535 353.148804
403.489227 395.060516
389.160156 331.993134
358.045959 429.743317
253.969269 253.196732
160.401474 313.452301
389.559509 347.649933
212.050583 260.372711
-1.000000 -1.000000
185.725128 241.899658
428.828186 378.502686
361.546600 337.492523
136.310852 398.752075
199.228729 309.519287
386.895874 416.957733
143.527374 294.859039
332.269928 317.747742
220.565430 229.722534
-1.000000 -1.000000
355.928619 352.270111
414.525909 438.930573
319.222748 109.166092
414.599548 240.540863
216.729126 302.024414
-1.000000 -1.000000
383.019379 284.671143
-1.000000 -1.000000
-1.000000 -1.000000
238.952820 385.887512
147.952637 425.504364
128.643661 383.091553
-1.000000 -1.000000
173.591980 337.622192
320.756042 225.669205
262.389557 309.834656
310.896820 247.972397
401.686096 281.054657
371.934296 256.087311
423.059418 275.116425
-1.000000 -1.000000
-1.000000 -1.000000
385.349121 423.156799
-1.000000 -1.000000
140.947800 332.327301
272.099548 406.843994
238.322617 444.028625
-1.000000 -1.000000
355.455688 340.575012
192.562698 436.327515
393.123138 218.282578
213.006866 327.157867
-1.000000 -1.000000
166.914993 300.363831
422.272064 345.108337
172.186020 429.476654
420.046661 324.703979
-1.000000 -1.000000
-1.000000 -1.000000
-1.000000 -1.000000
389.765839 327.072021
410.961975 213.458694
204.012726 419.453430
213.260880 389.634888
265.685913 334.283752
159.116180 405.683075
298.210876 262.493774
-1.000000 -1.000000
402.293640 208.816711
428.170166 302.397064
134.044128 237.648224
386.929718 211.442001
-1.000000 -1.000000
395.462433 235.737122
379.315247 403.590240
246.526688 315.850281
375.616577 332.137238
353.293976 428.652313
352.617004 338.811646
-1.000000 -1.000000
421.526001 321.963531
411.995087 396.210968
328.170197 216.517746
373.637207 239.784409
380.056396 306.373840
-1.000000 -1.000000
453.065216 264.976990
-1.000000 -1.000000
392.565308 250.657349
345.044037 413.997894
310.277313 320.203674
365.578888 239.312698
-1.000000 -1.000000
413.465515 298.130859
417.256012 346.923584
280.064636 271.590302
441.354645 345.487488
-1.000000 -1.000000
280.950378 316.679749
355.812286 416.212280
417.482758 414.242065
-1.000000 -1.000000
217.947906 347.341766
-1.000000 -1.000000
287.464661 75.702011
385.672424 331.661743
357.168793 333.761261
338.379364 319.637787
-1.000000 -1.000000
186.684952 94.889465
423.087402 169.770615
125.740669 261.096405
390.665192 423.439453
319.077209 238.028168
-1.000000 -1.000000
408.922974 321.835266
417.108337 418.466766
269.033142 98.955780
348.617218 369.069977
359.370270 397.827087
-1.000000 -1.000000
392.979279 387.649445
-1.000000 -1.000000
-1.000000 -1.000000
423.775848 379.142120
380.761169 423.992798
276.040741 370.651215
383.474091 355.768036
264.520782 357.127441
160.934143 134.765671
-1.000000 -1.000000
381.743561 449.319031
225.729630 325.543823
248.074448 436.016815
417.318726 412.785126
214.343781 438.171204
426.514923 233.339935
348.882385 432.082550
198.707336 106.208374
382.820587 191.795486
-1.000000 -1.000000
389.277222 317.125763
309.537262 231.764923
318.710785 411.063263
-1.000000 -1.000000
179.889786 319.154633
323.574707 65.633614
363.248322 385.440521
420.599518 439.272461
302.811462 128.258499
400.446442 177.167679
-1.000000 -1.000000
-1.000000 -1.000000
-1.000000 -1.000000
216.308472 362.572266
327.043518 294.852417
368.412628 437.815796
166.120529 226.524155
385.929260 180.244980
413.401672 326.017212
196.532700 89.728622
167.032455 145.925430
434.089111 419.561523
397.662811 375.469452
-1.000000 -1.000000
-1.000000 -1.000000
-1.000000 -1.000000
-1.000000 -1.000000
-1.000000 -1.000000
418.674591 415.540466
319.772186 142.160950
-1.000000 -1.000000
-1.000000 -1.000000
302.998688 251.457275
-1.000000 -1.000000
-1.000000 -1.000000
314.939880 121.261108
217.836426 396.312897
409.741669 230.443878
390.022552 235.099594
151.436768 158.214920
-1.000000 -1.000000
336.388062 245.158005
140.630325 384.536835
-1.000000 -1.000000
382.344757 374.387390
128.317795 438.590637
378.462524 338.705872
137.246613 249.570312
-1.000000 -1.000000
326.667450 270.683899
390.243744 337.102997
421.924500 325.088470
116.122055 235.155731
344.116760 340.108490
-1.000000 -1.000000
309.069489 255.800140
439.811768 196.871216
150.481323 141.521118
405.395020 337.117737
-1.000000 -1.000000
430.056519 364.677734
192.488205 105.386925
-1.000000 -1.000000
-1.000000 -1.000000
168.870758 93.763344
462.410950 265.317047
414.513489 453.923859
417.408875 176.154587
176.204193 123.880493
-1.000000 -1.000000
335.256287 260.422577
371.179230 344.730927
-1.000000 -1.000000
438.253204 328.626678
315.092926 400.393402
185.753983 398.836639
228.159225 427.991486
415.055176 248.286346
455.622162 234.327499
-1.000000 -1.000000
159.628662 168.348953
115.965607 267.439545
411.486572 423.385193
320.932770 124.891846
133.170197 347.156219
377.017639 431.463409
160.104706 118.271233
263.258453 364.577332
363.776123 321.803223
-1.000000 -1.000000
353.550629 213.000351
364.248413 170.977295
363.433899 191.445435
408.948273 353.962738
460.812500 236.691162
-1.000000 -1.000000
429.562469 400.945953
-1.000000 -1.000000
229.997223 351.361816
326.539917 242.495239
357.548920 229.558350
142.250229 165.405319
125.505280 227.118073
357.769196 346.922089
-1.000000 -1.000000
-1.000000 -1.000000
366.763977 205.905609
-1.000000 -1.000000
269.862274 427.780273
420.094177 310.081635
405.973511 442.334656
259.362061 99.190460
282.501984 99.937836
262.014893 224.399261
386.028290 160.267258
336.273865 240.791946
384.180420 326.195801
-1.000000 -1.000000
386.711914 425.338623
322.951874 110.872879
348.418579 253.559692
-1.000000 -1.000000
