213.085938 227.017029
170.555191 211.650833
256.203217 274.833038
194.602051 255.074326
275.466400 244.305084
321.640411 297.198578
137.662399 249.109329
296.514069 288.604126
351.834656 219.988907
381.726379 143.300751
341.415466 245.052094
362.154083 195.388763
331.176208 271.504059
184.148407 111.330711
371.986084 168.780273
400.720795 136.347687
189.485916 216.549774
448.650696 205.280502
176.793594 151.023224
173.262390 136.884628
194.473480 85.609558
164.404633 162.554138
135.167511 238.169052
410.684998 153.745010
467.538757 233.822342
459.051544 220.415222
142.022583 282.873352
431.357758 183.899689
372.099762 186.847809
217.220245 256.414734
252.763794 237.732117
383.110535 161.448715
174.893188 241.477631
421.435760 169.233398
166.086075 177.594284
198.390900 303.869812
264.483551 390.817871
362.790375 212.664398
352.528076 237.593338
221.628922 381.373688
157.236786 202.037186
239.386246 317.786743
324.188538 222.720444
331.501740 288.550018
324.257324 317.515961
443.455597 314.327423
147.672638 335.631165
431.967987 180.155212
443.830505 400.579132
235.794861 260.059265
295.034790 382.394714
279.382141 275.575287
-1.000000 -1.000000
166.265793 339.321198
193.769287 354.825012
418.530670 155.014145
-1.000000 -1.000000
314.406036 166.693985
273.048859 375.457275
341.496918 263.833618
194.906067 442.953735
232.019058 368.804626
183.399414 347.916351
143.682007 210.766251
147.040436 227.226242
244.686600 340.301666
419.697845 267.049530
193.774429 390.809479
395.123505 277.287842
187.527588 127.052505
311.707642 388.812378
194.060791 104.101974
447.434601 323.759003
372.378418 386.990784
-1.000000 -1.000000
245.355194 427.483978
408.848938 434.024231
390.982422 289.969086
153.494644 186.298019
202.534409 327.293427
431.842285 363.664886
-1.000000 -1.000000
370.798889 287.983734
-1.000000 -1.000000
348.542114 401.165802
166.860413 428.828278
146.334534 423.289246
433.322266 452.233948
389.667725 383.550690
202.520599 415.569580
382.292603 240.473511
462.266785 267.165161
407.947418 337.329956
408.080048 231.577011
397.503479 438.741333
401.659424 223.649384
195.565384 367.140350
-1.000000 -1.000000
364.780975 300.928070
453.119415 376.702820
236.683411 381.171204
366.534393 404.323212
-1.000000 -1.000000
408.104156 385.964874
441.250244 202.716888
446.737518 420.903778
414.761414 280.898010
453.626892 281.880371
438.066345 186.886124
413.904175 369.205963
412.876923 300.052948
194.708649 454.687927
119.813683 266.075928
342.052460 323.880219
183.729507 436.461945
429.361542 223.437561
455.036224 351.007019
151.747864 368.487000
367.118774 366.862061
370.175873 317.212677
-1.000000 -1.000000
-1.000000 -1.000000
235.171921 405.541809
-1.000000 -1.000000
380.854126 230.794540
-1.000000 -1.000000
395.044830 193.009888
385.839355 206.735718
405.279449 197.121628
461.654266 232.635834
451.277252 217.856445
348.955688 414.728363
-1.000000 -1.000000
179.025925 389.336975
373.261810 263.724365
276.874573 91.943520
294.247192 247.460236
290.253082 374.092316
301.543304 441.660706
390.146973 397.353485
282.804779 435.562653
285.016968 345.908875
-1.000000 -1.000000
402.856659 330.794769
301.985168 353.526855
306.762421 116.404892
152.635605 306.283936
351.978882 443.902008
-1.000000 -1.000000
-1.000000 -1.000000
431.868286 379.108337
397.310272 253.187851
-1.000000 -1.000000
411.742310 185.028488
416.542297 245.458633
236.762680 243.692627
439.229004 386.588684
312.038025 380.373505
279.165588 410.624420
199.175110 378.947205
-1.000000 -1.000000
469.491699 275.298950
172.730988 251.511200
262.853973 403.833893
-1.000000 -1.000000
371.518555 411.771851
-1.000000 -1.000000
205.035873 348.116364
245.865036 361.380310
413.324432 393.608490
394.102631 335.498901
360.993652 437.410126
252.802750 263.691803
171.149048 314.340973
396.450897 352.463898
215.739838 266.781738
-1.000000 -1.000000
190.877594 243.791519
446.326355 368.979889
360.715088 348.600403
153.781921 394.003387
204.789978 314.456390
397.514923 412.598633
155.324722 294.270721
323.072327 339.026306
222.642075 237.767258
-1.000000 -1.000000
354.191528 370.020660
430.058990 431.083008
319.522888 115.830376
422.085815 240.248077
219.392960 309.865631
-1.000000 -1.000000
381.672119 293.306335
-1.000000 -1.000000
408.957092 255.280014
241.925735 394.449677
163.900345 419.446472
144.421478 379.144073
384.228821 265.966278
182.912476 337.728729
315.287598 239.824081
260.667999 323.530029
303.487366 265.174500
405.722473 284.292419
367.417358 269.154449
431.110474 273.189056
-1.000000 -1.000000
-1.000000 -1.000000
394.444183 424.114990
-1.000000 -1.000000
154.963562 328.874512
272.459381 420.729584
244.716019 449.121094
-1.000000 -1.000000
352.054840 354.208038
204.746445 438.017059
391.598236 226.670639
216.574219 332.094360
-1.000000 -1.000000
176.231827 302.235596
437.225677 336.526855
184.535446 426.249939
431.576721 318.947662
-1.000000 -1.000000
-1.000000 -1.000000
-1.000000 -1.000000
395.576355 329.055176
413.548340 217.034912
213.549240 421.406219
218.969040 394.075592
263.549133 344.153076
173.772018 403.330048
292.339691 278.285126
-1.000000 -1.000000
403.941528 214.428833
442.842834 296.399384
145.480560 235.855194
384.114471 222.258514
-1.000000 -1.000000
397.727997 242.121597
383.943848 407.481354
246.978027 326.298096
375.580933 340.019501
354.512390 436.815613
347.381958 353.006317
-1.000000 -1.000000
434.969116 314.574341
425.022827 390.722015
323.681030 229.704987
371.796448 251.222839
379.731232 314.511932
-1.000000 -1.000000
468.963013 253.402847
-1.000000 -1.000000
392.719818 256.739166
342.241302 427.491760
302.350372 339.272522
359.424530 254.518936
457.779266 302.321716
421.622375 297.327179
428.509125 341.262848
276.479156 285.582764
457.650116 336.512970
-1.000000 -1.000000
274.940338 333.541443
358.155121 425.731537
433.285980 404.630676
-1.000000 -1.000000
221.779480 352.775757
-1.000000 -1.000000
294.300842 74.166992
389.036469 335.690399
354.369171 344.097748
329.927826 340.393372
-1.000000 -1.000000
204.199356 83.640518
426.599182 172.189651
134.398026 260.564240
402.142822 422.204254
313.144318 253.840637
-1.000000 -1.000000
416.445160 320.458771
433.123138 411.347321
283.604980 95.523796
344.095856 383.918335
359.651215 407.230133
-1.000000 -1.000000
401.266541 388.177032
-1.000000 -1.000000
-1.000000 -1.000000
438.245575 371.953186
386.854156 425.827972
275.313721 384.893982
386.469177 358.966034
263.471985 367.714355
177.568283 125.072357
-1.000000 -1.000000
389.188995 448.766022
228.188889 333.741455
252.493469 438.507050
434.270538 399.951721
221.869400 440.618774
433.526154 234.585770
347.963226 442.522858
220.911514 93.754623
378.166718 204.677643
-1.000000 -1.000000
395.030334 320.096802
301.366089 250.182266
313.662140 428.062927
-1.000000 -1.000000
186.743515 323.140533
325.753754 69.082161
361.802307 395.740631
440.233765 427.957184
304.105225 133.419006
399.846100 184.934052
-1.000000 -1.000000
-1.000000 -1.000000
-1.000000 -1.000000
220.479095 369.376434
314.683502 317.218170
371.783905 444.400452
173.829208 229.945923
381.378143 192.306152
422.395081 320.712067
217.075699 75.908134
183.200562 136.957733
454.779205 407.730255
403.728424 376.866638
445.604553 451.108917
-1.000000 -1.000000
-1.000000 -1.000000
427.841309 352.521210
-1.000000 -1.000000
436.537598 406.387207
321.673553 146.500366
-1.000000 -1.000000
399.136780 145.731659
296.755463 268.188660
-1.000000 -1.000000
-1.000000 -1.000000
315.299164 128.104492
223.412674 401.037964
414.259827 233.333435
388.806488 244.041870
166.897949 150.150681
-1.000000 -1.000000
325.076019 267.240692
156.655396 381.332153
-1.000000 -1.000000
385.638367 378.140442
148.535065 433.723755
380.343536 344.250031
148.125351 247.269455
-1.000000 -1.000000
314.670441 293.525635
396.892426 341.036316
435.315155 319.197937
126.710724 233.866302
338.727753 359.161774
-1.000000 -1.000000
302.172699 273.744934
446.677979 194.216919
165.673782 133.338272
412.730957 337.589203
-1.000000 -1.000000
444.102478 357.720215
212.639694 89.509346
-1.000000 -1.000000
-1.000000 -1.000000
186.459686 82.296402
477.663269 251.461594
429.632904 447.736511
418.917389 179.857697
193.197540 113.372192
-1.000000 -1.000000
324.005157 283.271667
370.817078 354.874603
-1.000000 -1.000000
454.660736 319.599518
309.846924 415.923065
195.421753 401.522491
233.824051 434.018158
422.702240 247.693069
468.244904 225.175293
-1.000000 -1.000000
174.882492 160.894257
128.179214 267.427307
426.159058 417.280396
322.477905 130.090347
147.249237 345.670654
383.161224 435.228455
176.498810 108.154961
262.383789 375.614929
362.122101 333.705811
-1.000000 -1.000000
345.099060 231.168503
356.353302 187.329651
355.769897 208.799194
417.089325 354.454376
471.983521 226.149109
-1.000000 -1.000000
449.153900 389.768494
-1.000000 -1.000000
231.957169 359.937805
320.442688 258.360291
347.758667 250.948868
156.778702 158.777435
137.634109 223.752457
356.417786 362.922485
-1.000000 -1.000000
-1.000000 -1.000000
358.186493 225.018677
-1.000000 -1.000000
271.687225 438.235901
433.548279 303.754883
418.855835 441.976471
271.123322 93.846573
294.876343 96.505379
259.326965 238.340195
379.825897 175.419235
326.348114 261.472534
388.158234 331.020752
412.054230 270.380615
397.240875 425.510681
324.362549 116.878044
337.467499 275.970917
-1.000000 -1.000000
