-1.000000 -1.000000
-1.000000 -1.000000
-1.000000 -1.000000
280.224152 254.677658
-1.000000 -1.000000
397.970276 150.875076
274.027527 237.754379
298.609680 258.771790
-1.000000 -1.000000
-1.000000 -1.000000
-1.000000 -1.000000
-1.000000 -1.000000
315.132629 291.685974
-1.000000 -1.000000
330.061493 296.737152
-1.000000 -1.000000
-1.000000 -1.000000
397.208832 136.214493
342.748596 308.190247
279.608887 272.209564
263.021790 258.374451
-1.000000 -1.000000
319.982513 259.863647
188.680862 234.936096
310.848907 277.313354
-1.000000 -1.000000
301.504150 241.614685
146.907013 293.875946
387.173737 145.748291
274.644562 221.438522
-1.000000 -1.000000
369.107666 382.617157
-1.000000 -1.000000
155.878586 228.897629
398.551422 167.414154
406.281860 369.070129
314.050629 307.416504
392.944885 364.675964
359.583954 377.856018
427.162811 438.797394
147.053757 279.144897
188.447266 214.672974
429.642731 350.090454
257.619049 240.721832
436.587341 354.559082
231.076508 246.848862
386.422668 132.094696
383.589172 384.319214
214.915237 369.567810
326.019897 312.833679
131.980484 295.302277
-1.000000 -1.000000
155.070816 211.618698
414.345276 438.442841
293.822845 292.367371
420.699524 371.106842
249.836090 375.732208
193.165771 253.037094
210.263031 240.754715
154.179520 266.268158
217.928253 354.440948
-1.000000 -1.000000
132.235184 280.466187
224.242722 328.185425
137.425323 266.407440
321.754303 245.386795
-1.000000 -1.000000
426.056976 361.743896
210.889008 221.387970
-1.000000 -1.000000
-1.000000 -1.000000
336.124634 322.320953
-1.000000 -1.000000
346.884888 375.702484
207.656555 322.258026
228.799210 225.343414
-1.000000 -1.000000
331.569061 280.217438
237.504120 404.656494
370.231201 370.058868
394.584045 438.558319
155.221558 247.567398
251.443604 359.101196
187.832062 370.057251
379.123138 362.882019
-1.000000 -1.000000
388.398743 158.740891
400.709320 382.295593
267.810028 379.463043
362.672424 395.758881
407.505005 356.526520
434.306061 371.326263
350.906281 287.619049
-1.000000 -1.000000
244.943939 266.874939
262.951019 274.778717
199.030304 354.050323
150.264725 309.062958
174.179474 255.361557
287.411346 348.723389
254.216782 334.740448
398.991882 120.371429
418.623383 341.838287
363.317780 411.028839
357.427612 360.390320
394.892639 350.008759
349.928955 392.456390
126.412254 260.075500
269.490723 363.022949
398.050812 403.051910
321.638672 223.555542
189.174988 325.841003
346.909668 328.730133
284.745361 379.441406
278.755310 397.532288
158.993469 196.171768
428.009125 426.354065
432.398590 386.365845
179.141190 355.697662
299.752777 224.275574
212.022247 259.467133
214.554520 438.645630
257.040741 403.636688
379.933990 398.019440
430.089020 335.365356
438.991028 341.037750
211.279526 385.455811
360.601257 332.939026
-1.000000 -1.000000
139.722763 231.989609
353.015076 408.963593
406.571533 156.175781
327.230286 337.275177
303.454803 320.754364
416.822449 421.799194
338.044098 228.422653
182.237747 197.523575
401.283234 424.075897
-1.000000 -1.000000
285.028046 305.642792
116.633644 274.624023
392.933136 171.607178
417.033875 385.010101
374.038757 152.246002
340.279846 212.421936
-1.000000 -1.000000
256.939514 222.258392
196.229218 438.831268
380.758820 344.145508
428.049133 408.932678
178.710220 384.585602
394.498413 334.532867
373.213348 206.601242
377.058319 191.071823
155.570129 375.323151
386.025696 432.826233
210.810745 402.684113
116.952888 298.475159
370.181885 217.265015
386.894012 118.066170
179.635498 400.365479
274.821594 287.931488
407.057495 139.607086
396.639130 317.376190
206.767288 206.465347
454.477539 232.122284
376.678589 180.123322
358.101654 204.586334
360.535492 242.791473
430.805847 308.904510
374.488007 305.660126
-1.000000 -1.000000
-1.000000 -1.000000
373.334808 138.118744
362.873810 188.494980
339.426392 405.819305
244.189209 315.548401
377.707581 291.053040
336.501617 253.693588
188.978836 271.727814
357.493439 260.316895
317.525879 325.822662
263.389679 416.199341
238.785446 431.572845
365.336182 350.586761
444.135620 225.440094
435.276581 281.447937
374.771790 161.751572
353.446869 273.727936
343.419586 200.892914
231.936630 208.731339
241.500732 281.850555
336.178558 262.697754
393.098633 187.410233
135.614014 311.998016
-1.000000 -1.000000
404.633514 174.588760
366.869781 418.930603
213.681824 303.778595
350.341187 432.484589
425.524719 397.657471
414.052856 173.152542
336.606232 389.248840
279.887543 208.245911
408.615906 198.041428
362.125763 178.409286
172.629440 295.156738
367.024902 318.876312
410.574158 296.828705
380.265747 320.486603
353.135834 313.490051
-1.000000 -1.000000
459.506897 217.759827
293.436493 400.092133
-1.000000 -1.000000
363.656708 285.404419
419.148956 305.401611
437.659607 324.051392
389.511322 200.703995
405.259521 322.881165
447.615784 276.712494
407.238281 394.889008
147.795105 358.719147
-1.000000 -1.000000
138.324509 216.955261
438.087494 269.149933
144.764130 388.019379
417.583038 214.766388
410.202972 276.827942
383.357819 281.663940
307.350281 377.937225
359.314087 160.162125
192.157928 99.336327
440.980621 307.217987
112.420761 257.294861
441.408478 250.640900
412.516510 121.820541
401.420837 287.894745
421.140472 284.460236
387.379883 214.316406
428.308563 187.881256
363.902008 299.182251
194.878799 304.410736
427.052002 293.545105
-1.000000 -1.000000
177.719208 98.468285
147.966599 406.474823
419.739899 153.566452
356.315887 152.770538
375.515350 239.551178
400.024933 271.159424
399.679047 183.200363
305.727173 210.990311
449.674347 209.716202
219.129974 274.936005
390.143250 311.047089
119.295372 241.809616
174.966293 136.336182
159.900162 136.378082
141.959274 203.511902
156.344604 345.238892
345.272980 185.144730
133.983215 374.045197
162.118408 107.232674
279.889618 417.350403
235.305237 301.533478
425.845520 227.533234
411.961304 228.529236
178.749542 282.376556
381.062042 262.756409
188.224838 111.782288
433.629028 167.289352
-1.000000 -1.000000
159.833679 161.049042
195.357117 86.827812
370.439056 256.898468
374.468262 124.906822
398.392761 205.763046
174.878601 161.181244
433.282349 260.591095
427.620026 272.093658
430.770874 214.309433
208.595459 288.075348
395.111359 279.676117
144.556366 160.050262
394.375061 297.315186
172.906555 118.319511
128.153595 391.553772
181.073761 86.000679
383.298889 242.408188
324.489166 353.182007
408.994476 248.998978
159.101700 174.126480
157.626862 119.470222
190.692535 136.254730
131.641068 358.735229
164.186386 92.550880
430.236389 143.730438
117.712166 228.156113
321.276978 383.341156
340.549408 422.113922
143.568878 173.096863
424.363129 242.516342
174.599152 174.821426
394.520111 221.023376
-1.000000 -1.000000
344.911072 149.760254
325.463135 411.270203
105.453445 270.929932
316.735962 397.676971
439.865875 198.156693
437.931610 147.922562
143.457474 144.369186
159.937180 185.059555
138.194138 340.984222
298.397919 107.962105
167.400345 79.777138
298.686127 418.329987
408.723419 210.425217
315.105072 134.600143
398.617554 240.330719
-1.000000 -1.000000
132.914032 410.504059
-1.000000 -1.000000
314.747528 111.173080
300.552216 137.085938
141.841980 191.659927
-1.000000 -1.000000
318.321594 205.716583
299.292847 121.543533
445.973175 178.463242
206.131897 101.473602
405.428741 222.643707
-1.000000 -1.000000
282.302032 124.208542
202.794708 112.402870
347.732880 141.019577
455.287659 198.572708
105.278603 289.734436
177.725281 184.829346
327.380341 170.640396
286.622253 141.372025
208.873215 87.660210
120.064034 324.452820
464.815430 204.955368
120.506310 212.090454
313.627045 96.506416
193.845566 72.571640
327.257568 153.467804
118.806526 380.438965
313.291565 151.767609
124.833534 195.375061
200.515015 192.863708
328.083679 119.744492
193.196564 149.333038
310.523346 169.049637
313.986267 197.374634
298.796631 152.244888
296.084259 168.714218
-1.000000 -1.000000
403.541473 105.010162
103.499916 242.402283
389.504852 104.947708
112.095093 430.926453
348.207794 125.876175
126.327072 181.901154
-1.000000 -1.000000
329.640076 104.004059
315.800415 184.633499
304.892517 203.994019
445.640137 152.312546
300.881500 183.870300
275.058929 113.362656
117.149025 425.107025
435.173248 128.458649
122.922844 345.942200
97.658432 289.270233
207.685089 72.697609
137.631638 133.186676
288.514038 96.607460
127.811462 166.086319
462.407104 181.991882
116.573952 365.717346
257.087524 206.087845
446.792053 144.366714
98.189720 258.871796
118.606895 438.132935
229.878250 195.106506
191.461441 164.949951
253.163193 122.576775
270.154510 98.273956
284.675659 86.493073
95.963745 275.503143
252.998795 95.243469
270.503113 79.694603
102.146957 229.570511
284.743011 181.087418
145.834702 108.668694
242.886887 88.343147
219.437897 109.764320
-1.000000 -1.000000
448.239807 143.253128
296.992218 198.302994
179.363846 67.198540
304.954254 86.486618
329.133575 88.604271
287.457947 71.556564
-1.000000 -1.000000
273.944489 152.629669
191.773376 176.888626
151.887497 88.275497
371.178406 113.835396
217.518890 133.599457
299.755829 78.085464
153.055710 82.729187
228.943283 189.296341
277.229492 164.346390
-1.000000 -1.000000
207.683502 122.831284
204.056976 181.632935
-1.000000 -1.000000
259.527893 193.547409
-1.000000 -1.000000
-1.000000 -1.000000
196.744003 61.582066
286.903564 160.019989
124.756851 157.213760
-1.000000 -1.000000
106.631508 208.410568
-1.000000 -1.000000
