212.868729 225.294220
169.344772 210.762634
256.674103 272.752991
193.645660 254.603592
276.865601 240.494934
324.274750 292.191193
135.413834 249.535095
297.991882 285.231537
354.183899 215.727341
383.533386 140.170532
343.850952 240.510330
364.282562 191.416534
333.789642 266.715057
181.084000 113.238258
373.975372 165.144882
400.226044 134.407150
188.864883 215.466721
447.542053 205.197662
173.831650 152.729614
170.368118 138.538864
191.314667 87.539925
161.588242 163.958099
132.939438 238.633545
411.501312 151.932068
465.287628 234.696930
457.422913 220.853745
139.731171 283.318970
431.100159 183.101151
373.957672 183.257568
216.681641 255.205154
253.488602 235.000244
384.842926 158.074585
173.480927 241.386612
421.640411 167.837158
163.306870 178.987717
197.563522 302.938477
264.573090 388.875977
364.822906 208.719650
354.709778 233.380127
220.708313 380.539917
154.627380 203.091110
239.460266 315.872711
325.424469 219.916595
334.051727 283.672058
326.757935 313.037170
440.942078 315.507019
144.901672 336.571655
431.626007 179.240677
440.267517 402.654053
235.627777 258.459991
296.122803 379.091583
280.446716 272.662140
-1.000000 -1.000000
163.751907 339.781403
192.346725 354.532135
418.944122 153.384186
-1.000000 -1.000000
314.419525 165.551651
273.563354 372.896393
343.784973 259.367737
192.595901 443.437286
231.454239 367.509949
181.440460 347.944275
141.199615 211.514938
144.656876 228.047363
244.393600 338.567200
418.647644 266.649017
191.694809 390.796051
395.004822 275.878204
184.407974 129.032684
313.243927 385.155029
190.707687 106.241165
444.782654 323.158936
372.459503 385.234558
-1.000000 -1.000000
244.147034 426.593658
406.758728 433.060730
391.296692 288.409973
150.774750 187.330673
201.195297 326.688721
429.935242 364.369659
-1.000000 -1.000000
371.538544 285.490936
-1.000000 -1.000000
349.401611 398.454620
163.429337 430.215393
142.323715 425.222443
430.503387 453.425964
389.177673 382.698730
199.920776 415.828522
383.261322 238.007019
460.001129 268.935974
406.841003 336.595795
408.197510 230.153290
395.411713 436.562622
402.126648 222.006775
193.991440 366.779205
-1.000000 -1.000000
365.901031 298.200378
449.642578 378.689209
236.115723 379.818146
366.594391 402.563995
-1.000000 -1.000000
406.646698 386.018036
440.431488 202.385178
442.991943 423.214661
414.200623 280.308960
451.210968 282.983612
437.436554 186.283981
412.570526 369.125946
411.977295 299.491333
-1.000000 -1.000000
117.401817 266.662903
344.452026 319.384552
180.847183 437.399750
428.633423 222.988495
452.150482 352.597992
148.679871 369.661652
367.335815 364.656158
370.834717 314.930206
-1.000000 -1.000000
-1.000000 -1.000000
234.214615 404.509247
-1.000000 -1.000000
382.070618 228.253128
-1.000000 -1.000000
396.049866 190.447510
386.926575 204.545349
405.544312 195.517746
459.766663 233.401093
449.942139 218.012527
349.671539 412.236572
-1.000000 -1.000000
175.746277 389.861877
374.231842 261.144897
274.924866 92.525642
295.742004 243.176758
291.187744 371.308777
301.951813 438.903687
389.407257 396.590515
282.701050 433.382751
285.904633 342.984955
-1.000000 -1.000000
401.864807 330.310974
303.404846 349.929474
307.273285 114.422974
149.803741 306.930023
351.812836 442.002716
-1.000000 -1.000000
-1.000000 -1.000000
429.581970 379.980682
397.364197 251.725784
-1.000000 -1.000000
411.983215 183.506027
416.068359 244.673645
236.871719 241.572189
435.925018 388.146545
313.595795 376.950897
279.457458 408.353729
197.319336 378.420227
-1.000000 -1.000000
466.783264 277.377258
171.092880 251.327454
262.740570 401.975189
-1.000000 -1.000000
371.201294 410.288086
-1.000000 -1.000000
203.454926 347.728271
245.393860 360.066772
411.642151 393.813354
393.511200 334.671997
360.477997 435.943604
253.251831 261.618591
168.833984 314.488922
395.477631 351.762665
215.088654 265.558044
-1.000000 -1.000000
189.905365 243.516129
443.219482 370.671204
361.168610 346.240051
149.932358 395.481537
203.623428 313.683380
395.570038 413.111511
152.809616 294.632690
325.213409 334.608826
222.332672 236.070175
-1.000000 -1.000000
354.738220 367.127350
427.511444 432.465942
320.033691 114.044426
421.198425 239.759186
218.882217 308.356689
-1.000000 -1.000000
382.330017 291.138947
-1.000000 -1.000000
408.764130 254.364380
241.277191 392.970795
160.251160 421.289246
140.841858 380.418182
384.995758 263.990448
181.033081 338.137848
316.746674 236.672073
261.010529 320.688293
305.266266 261.574310
405.415253 283.260834
368.720215 266.137848
430.046326 273.131622
-1.000000 -1.000000
-1.000000 -1.000000
392.871674 424.034698
-1.000000 -1.000000
152.015366 330.001801
272.302032 417.972748
243.275925 448.554810
-1.000000 -1.000000
352.919586 351.404938
202.041977 438.239044
392.420441 224.493546
215.843964 331.397308
-1.000000 -1.000000
174.264160 302.098145
434.738617 337.821625
181.901382 427.611847
429.852234 319.649811
-1.000000 -1.000000
-1.000000 -1.000000
-1.000000 -1.000000
394.881866 328.400360
413.639282 215.788101
211.485657 421.473358
217.683716 393.484528
264.111298 342.400604
170.477692 404.347778
293.797424 274.956390
-1.000000 -1.000000
404.275391 212.857544
440.461243 297.305145
143.086090 236.418427
385.382751 219.688171
-1.000000 -1.000000
397.947754 240.466553
383.190491 406.686371
246.975510 324.348938
376.090576 337.868286
354.404572 435.037323
348.822937 349.866486
-1.000000 -1.000000
432.737030 315.662170
422.790161 391.697327
325.077972 226.607224
372.758881 248.544662
380.179657 312.641693
-1.000000 -1.000000
466.517761 255.067413
-1.000000 -1.000000
393.194885 254.912018
342.874451 424.910675
303.966583 335.411987
361.115479 250.949829
455.233429 303.714264
420.479950 297.240295
426.793518 342.033936
277.453217 282.701202
455.015686 338.043518
-1.000000 -1.000000
276.619995 329.855316
357.780701 423.827362
430.445129 406.401703
-1.000000 -1.000000
221.000244 352.011108
-1.000000 -1.000000
293.677185 73.845932
388.753998 334.624756
355.155273 342.185425
331.947693 336.020477
-1.000000 -1.000000
201.079315 85.677750
426.534821 171.157761
132.344025 260.877838
400.046509 422.421478
314.670135 250.367325
-1.000000 -1.000000
415.469513 320.223175
430.151733 412.682098
280.783539 95.447945
345.160095 380.930206
359.801727 405.343781
-1.000000 -1.000000
400.044250 387.876129
-1.000000 -1.000000
-1.000000 -1.000000
435.740570 373.175140
385.898804 425.235443
275.469269 382.189270
386.142212 357.891876
263.680176 366.145477
174.566223 126.901360
-1.000000 -1.000000
387.856079 448.903320
227.699417 332.093567
251.478195 438.253845
431.280884 402.222931
220.107452 440.404846
432.677155 233.898712
348.368866 440.440369
216.792328 96.007774
379.653107 201.288177
-1.000000 -1.000000
394.260956 319.255859
303.324554 246.041702
314.672729 424.828094
-1.000000 -1.000000
185.312576 322.499207
326.141144 67.727272
362.250031 393.634186
436.663635 430.194550
304.341431 131.802185
400.556824 182.948441
-1.000000 -1.000000
-1.000000 -1.000000
-1.000000 -1.000000
219.590515 368.350006
317.188263 312.575653
371.151489 443.183258
172.403427 229.366028
382.925537 189.289001
421.056366 321.388123
213.353424 78.458466
180.127777 138.753891
451.016296 409.913605
402.867462 376.395813
442.181885 452.989471
-1.000000 -1.000000
-1.000000 -1.000000
426.096588 353.201233
-1.000000 -1.000000
433.298279 408.053986
321.754059 145.281174
-1.000000 -1.000000
399.609039 143.420105
298.313721 264.646545
-1.000000 -1.000000
-1.000000 -1.000000
315.739014 126.275879
222.161499 400.411957
413.790100 232.445053
389.572601 241.902328
163.977158 151.790649
-1.000000 -1.000000
327.733215 262.490387
153.219452 382.354431
-1.000000 -1.000000
385.235687 377.332245
144.059097 435.048737
380.241638 342.935913
145.770020 247.937988
-1.000000 -1.000000
317.357513 288.664642
395.876312 340.050354
433.156128 319.925110
124.506508 234.386703
340.106201 355.718262
-1.000000 -1.000000
303.884216 269.808441
445.867706 194.079910
162.991730 134.562286
411.636597 337.233826
-1.000000 -1.000000
441.611023 358.943634
209.016006 92.273682
-1.000000 -1.000000
-1.000000 -1.000000
183.171478 84.462631
475.429504 253.623413
426.867371 448.925018
419.347076 178.606476
190.125717 115.321503
-1.000000 -1.000000
326.702240 278.443726
371.127686 352.704742
-1.000000 -1.000000
452.002075 320.893829
310.936066 413.022980
193.290909 401.379913
232.544693 433.192169
421.807434 247.328827
466.631500 226.404053
-1.000000 -1.000000
171.915833 162.451965
125.363686 267.649750
423.575714 418.286163
322.647858 128.493835
144.642654 346.143158
382.157654 434.579071
173.662933 109.737038
262.538147 373.627686
362.737976 331.102478
-1.000000 -1.000000
347.131958 227.417572
358.569092 183.530472
357.815948 204.972839
415.856110 354.330017
470.458618 227.670090
-1.000000 -1.000000
445.683289 391.982910
-1.000000 -1.000000
231.480347 358.510773
321.923889 254.950623
350.141632 246.351990
154.066589 160.092453
135.263046 224.565277
356.774292 360.637360
-1.000000 -1.000000
-1.000000 -1.000000
360.530151 220.747910
-1.000000 -1.000000
271.237579 436.072113
431.526276 304.655426
416.665771 442.264709
269.145935 94.145996
292.872162 96.420235
260.035736 235.205032
381.626251 172.193573
328.421478 257.156769
387.827972 330.014496
411.529816 268.812714
395.365479 425.462891
324.644958 115.375748
339.964935 271.290497
-1.000000 -1.000000
