201.141724 243.031052
164.010788 228.916824
245.303894 281.307617
191.142944 262.124023
254.501022 260.288788
301.542694 307.490326
143.878433 259.921234
281.484039 294.521667
314.752808 222.538086
327.963318 136.653397
309.716583 250.509125
319.839508 194.537582
305.572113 279.528290
163.116562 110.895020
323.853058 165.576736
351.071014 117.606750
180.241547 232.020279
419.645233 149.734360
164.086792 152.020172
158.077377 138.929642
167.155029 81.882011
153.980637 166.884125
139.851974 249.862885
360.116669 128.582413
453.398529 164.856644
436.565704 156.816803
156.509720 290.712799
394.815369 142.628021
328.804199 182.653076
210.155548 263.199768
234.543106 251.218887
333.843140 154.605301
173.043442 249.077377
376.977081 135.610245
158.031250 181.004196
206.088226 311.047394
278.854065 386.211548
324.651825 211.580246
319.604279 239.560516
243.779831 377.039246
153.946594 208.943161
242.222412 324.150452
294.724518 220.409531
310.403473 296.549835
307.524597 323.556061
448.190216 244.835327
176.661240 334.945709
403.530792 127.701401
472.875580 317.795898
226.364227 267.298157
302.103394 379.446198
264.432343 281.427612
275.575684 441.359039
191.680710 338.037170
215.901352 353.201447
370.007141 124.647537
270.419373 452.071655
278.643066 160.533813
284.029938 373.485687
314.519470 268.558289
242.530548 428.218109
248.908691 366.350983
205.734772 345.971680
142.818359 220.784912
148.929550 235.922913
253.003265 340.255768
405.437592 218.588150
228.720474 385.195007
379.436523 242.550690
170.173386 125.987854
316.100830 385.366089
171.129807 99.918022
458.144531 260.805847
381.125977 358.575653
315.769348 444.403534
279.658203 414.265961
442.800842 377.778076
376.634674 259.442139
147.945267 193.832306
216.800919 328.158875
444.084412 298.627380
329.832245 452.561401
354.519135 267.485046
399.879364 420.731323
356.214417 383.425995
218.361115 414.042603
201.213181 408.980530
470.759125 373.719910
400.199463 341.505951
243.430740 403.181030
355.760559 223.748611
455.398956 190.851883
416.124207 301.801300
381.739746 199.794769
428.834473 385.708679
369.730530 194.624847
219.759781 364.072510
426.821259 416.562714
350.588776 284.446045
475.929077 295.862396
255.882477 378.164917
379.987885 372.624817
407.767029 448.583466
423.941315 330.696136
409.682800 151.654526
482.778290 336.792511
402.492920 235.551376
451.262329 213.878433
405.523346 137.853821
425.024994 316.696655
407.408813 255.869171
245.469788 439.120392
130.471375 278.783722
326.483093 325.586670
232.283478 420.943451
405.523895 178.932343
469.034332 274.740448
190.440079 364.113403
373.300598 344.755676
363.409027 297.772095
450.687317 406.733307
407.798004 434.598572
264.875549 399.408783
451.752930 391.719910
348.858002 213.488174
282.613617 452.151764
353.786133 175.700836
349.798126 187.548904
370.688568 167.617188
443.477142 166.693573
426.600525 159.692627
362.203857 394.440491
432.745148 427.594543
217.419144 381.895660
351.542480 245.683075
240.355392 81.149208
266.647583 262.298553
294.925781 369.398224
328.092285 429.517822
406.220490 352.567810
311.891022 423.488739
285.204803 346.377563
475.536011 454.660004
405.221252 284.713745
302.368134 354.512146
257.693329 117.185364
174.656448 311.022827
377.959167 415.727966
217.139648 438.161987
476.655884 385.726776
450.016388 310.675842
376.539337 220.719391
27.437901 412.829102
373.662781 156.745880
395.523956 203.795776
224.549133 254.248840
465.914703 307.883423
313.097717 375.405670
300.987518 404.541199
227.675095 374.949432
244.118256 454.949677
466.328949 196.910660
174.020645 259.067200
282.762146 396.202209
339.821716 450.387939
389.997742 378.781281
458.569336 435.763245
225.896942 347.275116
260.992676 360.414276
433.981750 336.856049
395.273315 296.807556
386.900970 401.641693
239.500488 269.387848
190.955460 318.150116
403.190338 312.732849
211.165298 273.229034
145.096100 446.285278
185.186569 250.143280
465.968475 290.826904
361.274902 326.601166
201.362976 385.100983
215.849518 317.972534
424.990143 354.698761
172.657181 300.876282
312.535583 343.408325
211.296478 249.157455
-1.000000 -1.000000
358.302673 353.698090
463.907715 353.737762
268.678741 113.211693
401.501251 193.679230
225.853317 317.003021
254.441895 450.036865
367.379059 269.579224
99.643555 402.085297
388.565155 214.666351
264.899048 389.142029
211.099197 402.967316
188.171555 375.787567
362.551208 239.585022
201.610428 333.966614
289.732117 241.470718
261.918304 330.122650
284.662231 271.482849
392.288910 245.729401
346.676331 255.772003
418.317352 221.785080
448.555054 438.706696
477.335358 177.894455
420.871338 371.774567
460.724274 411.848297
180.564087 324.874207
298.770844 415.177582
286.649506 436.431030
-1.000000 -1.000000
351.352661 339.835999
252.467682 424.365479
359.752716 203.697586
227.033096 332.322174
214.884232 448.799347
190.788895 308.023773
447.164886 271.770905
228.270233 408.996643
432.271515 258.813416
125.504578 345.029266
79.080910 301.826141
382.939056 430.667053
395.204315 286.661285
381.624359 183.713791
253.645462 407.395569
245.571289 387.156647
265.009979 342.208923
218.622482 393.232941
274.363586 284.442352
417.752441 454.733917
370.642273 184.664856
443.276459 231.985840
149.911331 245.881012
349.672882 203.590683
171.857498 392.271118
375.723633 210.703278
404.141388 362.793121
251.917526 330.047913
372.223053 314.629730
376.955750 405.562195
341.377045 341.539734
442.685089 451.685150
438.234680 247.729141
447.090240 321.926270
295.696930 230.424805
350.794159 234.722702
373.505402 286.711639
473.643860 396.899078
459.417999 180.877686
374.937836 440.527039
372.561432 230.872513
360.261108 405.630402
297.677094 344.500580
333.837341 245.592560
459.193512 229.786713
417.480804 244.722839
437.243805 277.638519
264.291199 291.392242
468.079926 261.763092
438.680634 440.779144
275.595154 338.326660
380.944763 391.651947
458.852325 329.713715
486.608948 408.683441
235.933731 350.270691
486.354187 442.862061
250.543900 65.167770
385.174408 300.716278
350.253143 323.514771
324.533508 335.405334
428.757660 438.802795
177.330704 76.832253
386.997986 132.557831
141.784653 270.806976
432.908203 364.899994
290.698486 259.406403
-1.000000 -1.000000
415.226135 271.660675
465.817780 343.680878
250.697495 86.264931
349.314178 369.603394
371.022125 383.583862
453.651398 421.910370
415.115295 340.629242
441.727844 416.657959
226.072250 452.979095
454.117645 300.677124
410.977875 375.690765
288.809174 383.140320
393.319061 320.605743
271.983734 363.406189
160.058395 124.844734
484.600098 374.850555
420.930115 395.671997
237.178253 334.652771
288.734253 424.518829
460.942749 319.757660
262.469543 425.226715
411.475647 190.743469
368.020905 417.614441
202.333527 76.866776
339.921753 191.572113
53.294659 355.753082
395.325867 276.632690
276.921387 261.075348
329.943298 419.490936
486.520721 394.002777
200.974594 321.729919
264.944031 64.291077
370.073151 372.550232
475.855499 346.751129
259.692719 130.355759
360.849884 160.805298
265.139984 442.019592
127.726929 355.275360
396.812622 447.614044
238.309662 366.818451
297.163879 323.113586
397.895355 403.738434
170.020645 239.038651
339.929962 180.702164
422.366211 261.632843
189.287582 59.796825
168.200989 135.813187
484.925049 318.878754
413.964355 329.698334
486.547516 364.957245
389.930450 420.749725
102.616653 412.228546
438.177155 287.751831
442.904999 356.712524
468.736938 330.800110
283.828461 140.385147
30.495829 422.955688
349.096039 127.441940
274.562592 274.624054
298.669525 439.435822
439.694092 405.769043
270.008850 126.392487
254.741425 397.425537
391.531921 194.012421
365.504486 219.978546
154.003220 151.918030
468.576080 429.673889
295.437653 275.511993
200.451431 374.923676
57.311024 365.914520
394.245667 330.748322
205.963699 418.748779
383.241150 311.472870
153.964844 259.048096
420.891785 405.654846
291.448914 304.623627
406.202454 302.627594
442.342651 258.012665
129.732407 246.736740
340.314453 354.305847
73.805618 454.053864
284.466278 283.394775
415.611481 139.645386
148.003250 134.964081
415.111115 285.703186
452.568573 448.728210
456.022003 287.803619
188.236710 79.334572
234.821045 279.152405
143.392578 289.650360
157.064896 77.889908
464.467438 170.796341
464.835693 363.944489
375.893463 145.417145
173.175629 109.821007
462.387238 454.650970
300.287689 291.521301
371.163208 327.587830
173.972504 402.669617
459.176605 243.014084
323.894897 409.525330
233.823959 395.545715
272.732117 424.379822
405.700287 204.359314
446.460938 154.596848
482.522400 419.797607
164.111588 161.858459
140.577850 280.754639
454.046143 341.790527
279.930603 123.389542
179.111832 344.412537
409.970795 385.671692
153.020706 106.894920
273.807220 375.226685
359.443787 312.682037
392.768158 152.563568
304.635834 219.341568
309.598511 190.577667
314.405792 207.599701
426.019012 304.627319
456.577454 154.828140
317.934906 130.177612
475.908844 306.928192
264.498474 413.735443
246.339462 357.049774
299.575531 246.327652
321.360748 251.076614
143.876205 162.928482
138.779831 233.738907
363.408081 343.877045
443.852264 428.660797
359.138275 138.529510
325.194122 223.238129
366.048126 427.505157
301.646515 425.052124
433.229553 237.711533
452.789124 379.717438
230.549484 84.252411
260.780273 86.138084
244.610672 256.238647
336.679901 165.029968
304.318085 262.349854
385.491882 290.593353
395.458923 224.424561
430.853210 375.960999
278.857605 113.189827
316.399658 279.988251
323.676514 150.445480
