207.701706 235.467636
167.417084 220.537476
251.512390 280.188965
193.134460 260.331360
265.976440 253.286835
312.252655 305.116516
139.920868 255.934906
289.766235 294.187469
337.033081 223.724167
361.665253 141.957245
328.358093 250.474442
345.766876 197.389343
319.983124 278.280670
177.653946 111.527695
353.790894 169.363739
384.687256 129.945511
185.395523 225.350723
440.605042 184.777603
173.139145 152.240646
168.590942 138.604706
185.950790 84.135223
161.356018 165.342712
136.911880 245.354691
393.212738 144.484985
465.970520 208.571198
454.023315 196.932739
147.431183 288.425781
419.788055 168.821106
355.587585 187.374985
214.254990 261.796967
244.778290 246.202911
364.587036 160.377762
174.416412 247.030762
406.879059 157.100052
163.906342 180.230286
201.196136 309.585327
268.907684 393.428345
347.906982 214.855072
339.337585 241.490677
229.316666 383.775543
156.369858 206.563904
240.010239 323.396973
313.081024 224.444672
321.989197 295.634216
316.446625 323.741486
448.210785 290.144226
158.685608 338.980011
419.779846 162.242752
458.338654 372.068817
231.925659 265.716370
296.448944 385.936493
272.868744 280.915222
-1.000000 -1.000000
175.988419 342.745758
201.456390 357.998260
401.918549 143.930710
-1.000000 -1.000000
301.650269 165.815826
276.021729 379.180023
330.383636 269.282043
212.648209 442.268127
237.581879 372.121460
191.443390 350.960205
143.631882 216.752045
148.145416 232.875504
247.212006 344.120483
416.541504 250.281418
206.655319 393.142365
390.589294 266.444122
182.285202 127.143372
312.005615 392.212677
187.346313 102.777527
454.656494 306.297974
375.877960 380.461670
-1.000000 -1.000000
257.959259 427.617249
423.495697 418.351135
386.466187 281.041199
151.877777 190.779053
207.578415 331.276703
438.937347 341.787292
-1.000000 -1.000000
365.051880 283.168976
380.233704 447.977631
350.535919 399.121338
186.909515 428.178162
167.492615 422.314728
450.358459 426.457947
394.585022 371.058899
218.064178 415.691406
373.016510 236.735931
463.525330 239.178848
412.218933 331.499756
399.567322 221.553604
411.400757 423.740509
390.823975 214.317856
203.893051 370.001923
405.931488 454.907562
359.465240 297.828766
465.463623 348.611694
243.019943 384.218628
371.680664 396.974396
-1.000000 -1.000000
415.866425 368.482300
432.178711 184.015717
463.988953 392.253906
411.837128 265.707581
456.350708 257.852539
426.993652 169.482910
419.999329 352.383575
412.508881 286.020538
213.609711 453.787598
124.188438 274.079315
334.833832 328.471680
202.127975 435.469879
422.741699 208.252197
463.948547 324.301086
166.298172 370.823364
369.312927 363.005035
367.893005 313.456390
427.361633 453.463318
-1.000000 -1.000000
245.967529 407.908691
431.484375 436.529236
369.395203 226.274597
-1.000000 -1.000000
380.209259 188.313446
372.853027 201.153915
393.574036 187.591339
458.373779 208.409180
445.239563 196.555542
353.376617 411.798889
-1.000000 -1.000000
193.900650 391.108551
365.246948 259.792572
265.075806 87.659546
282.918701 256.373352
290.999542 376.730438
310.626678 442.727051
397.341339 383.958862
293.012939 436.206573
283.946960 350.385773
-1.000000 -1.000000
405.422058 316.189453
300.985016 358.414337
288.516205 117.795128
160.893433 311.219055
361.463104 438.123627
177.329819 453.240845
452.707367 439.996826
441.544983 355.837646
390.739227 243.116989
-1.000000 -1.000000
398.849976 175.654266
410.583954 231.741714
231.415146 250.184280
452.536713 359.759888
311.155609 382.958771
286.403809 413.189514
209.794434 381.716431
-1.000000 -1.000000
472.128357 246.614746
173.190018 256.941864
269.473694 405.636353
-1.000000 -1.000000
378.819611 403.468628
-1.000000 -1.000000
212.408325 351.544983
250.738297 364.740417
422.923340 375.606415
395.634521 323.671112
371.115662 428.689301
247.217209 268.965546
179.011597 319.100647
400.350006 340.691833
213.676804 271.938782
-1.000000 -1.000000
188.914764 249.055969
457.303925 341.890137
360.888733 344.242828
172.062637 394.755127
208.438583 318.617615
409.668854 394.351044
161.805237 299.458679
317.551392 344.754120
217.980942 244.578949
-1.000000 -1.000000
355.388977 368.119934
445.511200 405.539307
301.127014 115.706245
416.545288 224.083099
220.699707 315.489655
-1.000000 -1.000000
376.653412 287.427155
-1.000000 -1.000000
402.849915 241.377014
250.090149 397.054504
182.958130 417.875885
160.565140 382.034363
376.602600 257.997498
189.768677 339.954620
305.224060 243.185623
259.655731 329.333069
295.178711 270.973877
402.114716 272.005280
359.297241 266.757050
428.314362 255.539490
-1.000000 -1.000000
486.272186 228.896271
406.039154 407.899078
-1.000000 -1.000000
165.150299 331.292969
281.137085 423.755310
259.972107 449.226715
-1.000000 -1.000000
351.080200 352.634033
222.813232 437.490295
380.528534 219.919418
220.050797 335.715149
-1.000000 -1.000000
181.714981 307.439911
443.815216 314.525604
201.309464 424.139587
434.220978 298.423584
-1.000000 -1.000000
-1.000000 -1.000000
363.085541 454.050751
397.049805 315.338226
402.887024 206.015915
228.733994 421.182129
228.427765 396.006104
263.004669 345.758575
190.916351 403.760040
284.600983 284.229156
-1.000000 -1.000000
392.550812 204.556534
445.928253 274.163605
147.399216 242.168427
371.404449 217.351242
-1.000000 -1.000000
390.936554 232.607025
392.454681 394.550903
248.221832 330.494537
374.583862 333.872589
363.101837 429.848572
344.729614 352.624908
-1.000000 -1.000000
439.337280 291.124390
435.932617 367.526794
312.867371 232.412476
364.880920 247.831360
378.031311 307.133179
447.622498 451.744812
469.039734 226.969452
-1.000000 -1.000000
385.422424 249.561081
348.363495 424.139587
299.685516 345.154419
349.550354 254.271393
461.788879 276.455566
422.399872 279.644897
434.285797 319.738708
270.709778 290.789795
464.714722 309.877808
-1.000000 -1.000000
274.805328 338.571106
367.279755 418.043457
446.129639 378.369232
-1.000000 -1.000000
226.462631 354.839172
-1.000000 -1.000000
275.717041 70.982986
388.554443 325.459503
352.683289 338.598541
326.016388 344.316284
-1.000000 -1.000000
195.865585 81.184761
412.884674 157.842972
136.835724 267.343353
415.483887 404.235809
303.668762 259.068390
-1.000000 -1.000000
417.722656 304.489746
447.504425 389.623749
274.880676 92.278984
345.293304 382.635223
364.435547 401.977081
-1.000000 -1.000000
408.243195 373.267181
-1.000000 -1.000000
-1.000000 -1.000000
447.128601 347.416473
397.663605 410.686066
279.761566 388.732147
389.908875 347.621368
265.724579 368.894104
172.397949 125.597145
463.038940 430.743958
402.482666 432.725952
231.100418 338.255768
265.442596 437.735168
447.451294 371.189087
236.680878 436.985596
427.101837 221.544495
355.112976 437.923767
217.011765 88.792145
364.132721 201.899963
-1.000000 -1.000000
396.371338 306.695312
291.209198 257.923767
318.469452 430.092316
-1.000000 -1.000000
191.931351 327.279938
303.962372 67.361732
364.762146 391.178589
457.237732 399.873138
288.115601 133.267670
386.149048 177.221741
-1.000000 -1.000000
-1.000000 -1.000000
-1.000000 -1.000000
226.936401 372.838562
306.914337 323.682709
382.463135 433.639282
172.374924 235.664337
365.905823 190.131256
424.966461 300.021637
209.072128 70.023209
178.751648 137.711182
470.357300 376.911713
409.158966 362.208801
464.741028 422.036804
369.292542 445.860474
-1.000000 -1.000000
434.354858 330.516632
428.592194 398.055267
451.659851 380.162537
307.953552 145.420364
-1.000000 -1.000000
378.857056 141.134064
287.708374 274.112854
275.915436 449.155640
419.642975 447.124146
298.618622 128.424805
234.148895 403.650116
407.942627 220.149887
380.806824 237.662964
163.261642 152.087936
-1.000000 -1.000000
312.737396 274.059418
173.169937 383.632965
-1.000000 -1.000000
389.978455 360.643280
169.693512 432.326599
381.312347 333.625244
150.321671 254.133041
401.554840 444.870728
304.588043 301.856018
401.647339 331.643524
440.318665 297.848633
127.892822 241.550400
337.790527 361.103210
-1.000000 -1.000000
294.217896 281.466339
436.611176 174.346085
160.357269 134.396759
415.564636 320.394653
-1.000000 -1.000000
451.583496 333.668365
205.720734 85.487640
-1.000000 -1.000000
-1.000000 -1.000000
177.661484 80.334251
476.696198 221.471603
446.309143 421.678741
403.951385 167.493500
187.212616 112.865211
-1.000000 -1.000000
314.484985 290.232452
371.378296 348.353424
-1.000000 -1.000000
459.986755 292.412628
313.794586 418.519470
209.512146 403.709412
247.811554 435.352234
418.247559 232.521744
463.160156 198.594696
-1.000000 -1.000000
171.799484 162.634521
133.218506 275.716034
439.904236 392.366516
307.147705 128.332047
158.217773 347.898132
394.809082 421.270477
169.598297 108.013451
265.818390 379.594482
360.902527 329.294067
416.555237 181.265442
330.456207 232.125168
338.673309 189.130753
340.195740 211.084412
422.193756 338.161438
467.684021 199.359055
-1.000000 -1.000000
462.927612 360.932892
-1.000000 -1.000000
236.842285 363.617554
312.063477 262.311646
336.527863 255.072098
153.061661 161.537338
138.369064 230.152847
358.335968 358.370728
-1.000000 -1.000000
-1.000000 -1.000000
344.742584 227.921310
351.017700 449.833984
282.383881 438.373291
436.271515 280.613129
433.650574 421.938904
258.815918 90.268753
284.295410 91.480301
252.233994 247.774139
363.264557 174.019089
316.192993 267.135406
388.061279 319.627899
407.836243 254.722336
410.956604 410.375580
307.095520 115.411926
327.445984 282.131622
-1.000000 -1.000000
