210.979431 217.823715
163.197250 207.584229
257.784241 263.880951
188.866165 251.964020
281.379272 226.522461
334.274200 271.559174
125.625450 249.865433
301.469543 270.746490
361.085602 199.725372
386.833313 131.042709
351.896179 222.840576
369.964417 177.341507
342.996155 247.332321
165.206665 122.876930
378.585388 153.188690
402.626770 126.166611
185.169479 211.174240
437.894714 208.584335
158.930634 160.820206
155.676865 146.202255
174.739273 97.796051
147.824905 170.344818
123.352776 239.470932
410.654266 147.465546
451.687256 242.963364
445.134369 226.715973
130.428680 284.039185
425.827972 183.249985
378.054047 170.580338
213.669022 249.518173
255.016434 225.095779
387.797699 147.275085
166.651459 240.141998
418.641174 165.744492
149.846893 184.862854
193.264664 297.981384
265.066406 378.568512
369.943451 194.168884
361.301788 217.167648
216.626923 375.518860
142.789062 207.183990
239.035431 306.707123
327.913208 209.726517
343.031158 263.560822
336.089935 293.833435
426.097656 323.209656
133.451462 338.530304
426.490295 179.837738
421.865845 413.142883
234.020737 251.397171
300.514587 364.098999
283.518829 260.082062
-1.000000 -1.000000
153.880936 339.605499
186.803162 351.328552
416.587006 149.585876
-1.000000 -1.000000
311.755127 162.703018
275.444794 360.792938
351.441345 241.139969
184.299576 442.418640
229.405457 359.929138
173.647018 346.108704
129.829330 214.432648
133.705322 230.559006
242.754654 329.863708
409.946991 268.394409
183.953781 388.554199
391.024628 272.348419
168.497940 138.625488
319.243347 368.594116
173.466599 116.968941
429.205780 329.271851
371.407257 377.613922
-1.000000 -1.000000
239.271729 420.503662
-1.000000 -1.000000
389.327606 283.668701
138.108673 191.654404
195.126678 322.693970
419.329651 369.037720
-1.000000 -1.000000
372.406281 276.727783
-1.000000 -1.000000
352.185303 386.502686
149.912323 432.872070
126.221184 430.342102
-1.000000 -1.000000
385.211456 379.887421
190.312454 414.467102
384.663239 229.679672
444.910950 280.551758
399.408539 335.290924
404.959747 226.833191
384.627533 428.393616
400.209839 217.895950
187.810516 363.247589
-1.000000 -1.000000
368.295166 288.267029
430.996002 388.813934
233.979492 372.563141
365.517761 395.308807
-1.000000 -1.000000
398.356445 386.972961
432.649414 204.637115
423.802032 433.529907
407.752716 280.542999
435.896515 290.774170
430.259766 186.504227
404.303436 370.410309
405.402435 298.860870
-1.000000 -1.000000
107.648499 267.331055
353.275238 300.220428
169.711334 438.299408
421.043701 223.677231
435.273224 361.945862
136.866318 372.093445
366.622101 356.261353
371.551849 306.239441
-1.000000 -1.000000
-1.000000 -1.000000
230.607285 398.266113
-1.000000 -1.000000
383.608154 220.104431
-1.000000 -1.000000
396.602325 182.758926
387.858490 198.787628
402.825470 192.167160
446.667694 241.127914
439.713348 222.991409
351.917023 401.583923
-1.000000 -1.000000
163.536758 390.313263
375.538879 251.985947
263.251678 97.412621
302.163788 226.710114
294.887329 358.055359
303.861877 425.397186
384.219574 394.299408
282.318909 422.452606
289.182129 328.998413
-1.000000 -1.000000
394.746216 329.623993
308.868805 333.566864
305.705688 109.427429
138.029724 307.855194
351.002533 432.659790
-1.000000 -1.000000
-1.000000 -1.000000
416.528992 386.076691
394.219452 247.958618
-1.000000 -1.000000
408.969696 180.031509
410.911255 244.834335
236.037918 232.819260
418.424988 396.904114
319.335083 361.110474
280.597870 396.981323
190.201691 374.342865
-1.000000 -1.000000
450.105896 289.349762
163.492828 249.841156
262.357880 392.629181
-1.000000 -1.000000
368.956543 403.529968
-1.000000 -1.000000
196.898117 343.534515
243.115295 352.219940
402.145996 395.337067
388.288544 331.879822
357.541138 429.031311
253.744583 252.283447
159.270889 313.324799
388.482452 346.713989
211.462723 259.777588
-1.000000 -1.000000
185.078918 241.772018
426.556030 379.670776
361.353973 336.602692
134.678833 398.951721
198.482880 308.956848
385.475464 417.477386
142.307205 294.881378
332.911926 315.804993
220.127075 229.057907
-1.000000 -1.000000
355.828461 349.490356
412.541626 440.068207
318.641205 108.903419
413.398621 241.064301
216.206589 301.242706
-1.000000 -1.000000
382.603455 284.221008
-1.000000 -1.000000
-1.000000 -1.000000
238.561050 384.949097
146.331161 425.751648
127.117142 383.288177
-1.000000 -1.000000
172.486099 337.351044
320.925446 224.574463
262.269745 308.583496
311.286133 246.525879
400.740631 281.142090
371.998810 255.256866
421.721893 275.669556
-1.000000 -1.000000
-1.000000 -1.000000
384.151550 423.245148
-1.000000 -1.000000
139.548264 332.394592
271.964600 405.548615
237.654922 443.319122
-1.000000 -1.000000
355.499329 339.447113
191.379745 435.983032
392.742004 217.856232
212.578232 326.512756
-1.000000 -1.000000
165.844177 300.153839
420.264587 346.375824
170.775879 429.530426
418.250549 325.612640
-1.000000 -1.000000
-1.000000 -1.000000
-1.000000 -1.000000
388.845001 327.182373
410.124878 213.523026
203.040665 419.019104
212.569733 389.089569
265.689941 332.920441
157.727753 405.794281
298.427399 261.151093
-1.000000 -1.000000
401.510223 208.364838
426.149841 303.464294
132.881027 237.759094
386.618866 210.369278
-1.000000 -1.000000
394.657532 235.511368
378.557343 403.334442
246.280685 314.750610
375.220856 331.771515
352.862671 427.946991
352.776794 337.698730
-1.000000 -1.000000
419.661652 323.022186
410.297211 396.951324
328.181580 215.483612
373.591370 238.981171
379.648956 305.691498
-1.000000 -1.000000
450.845642 266.566437
-1.000000 -1.000000
392.118164 250.590332
345.048523 412.781982
310.880188 318.413849
365.760925 238.269485
-1.000000 -1.000000
412.209778 298.442474
415.625336 348.043396
280.104309 270.401154
439.127197 346.618744
-1.000000 -1.000000
281.778625 314.824463
355.313263 415.503357
415.345337 415.449615
-1.000000 -1.000000
217.428711 346.755737
-1.000000 -1.000000
286.126312 76.264107
385.045715 331.497314
357.149200 332.883698
338.965576 317.735016
-1.000000 -1.000000
184.487030 96.237930
422.092224 170.010162
124.809410 261.012421
389.192078 423.674316
319.272186 236.783661
-1.000000 -1.000000
407.520782 322.522522
414.959808 419.446472
267.219086 99.912270
348.782928 367.832916
359.140442 397.002472
-1.000000 -1.000000
391.661285 387.818268
-1.000000 -1.000000
-1.000000 -1.000000
421.880127 380.118652
379.842896 423.946625
276.302185 369.216339
382.791229 355.571533
264.431091 356.005371
158.862640 135.913422
-1.000000 -1.000000
380.806244 449.245758
225.284103 324.779236
247.569946 435.612549
415.109955 414.166351
213.600418 437.721100
425.278229 233.554367
348.727386 431.170319
196.120834 107.819618
382.675507 190.823700
-1.000000 -1.000000
388.266907 317.232147
309.990143 230.162766
318.984100 409.475159
-1.000000 -1.000000
179.170395 318.619171
322.431702 65.667236
363.077332 384.640686
418.305298 440.421936
302.212280 128.228439
399.897064 176.810257
-1.000000 -1.000000
-1.000000 -1.000000
-1.000000 -1.000000
215.767685 362.061371
327.954895 292.780518
367.874207 437.025360
165.151291 225.913101
385.703033 179.619019
411.910736 326.587402
194.339722 91.430458
165.165207 146.872650
431.652344 420.983856
396.688202 375.630402
-1.000000 -1.000000
-1.000000 -1.000000
-1.000000 -1.000000
-1.000000 -1.000000
-1.000000 -1.000000
416.546631 416.734375
319.064514 142.375290
-1.000000 -1.000000
-1.000000 -1.000000
303.206146 250.025894
-1.000000 -1.000000
-1.000000 -1.000000
314.411591 121.005066
217.251114 395.787628
409.025269 230.438644
389.629272 234.575912
149.575134 159.101288
-1.000000 -1.000000
337.150177 243.357925
138.996094 384.639343
-1.000000 -1.000000
381.714508 374.207153
127.271454 438.961914
377.910065 338.508606
135.956863 249.326523
-1.000000 -1.000000
327.370117 269.307190
389.183807 336.917877
420.120544 326.107697
115.004700 235.192261
344.377167 338.335571
-1.000000 -1.000000
309.397186 254.411316
438.779816 197.799500
148.585907 142.475311
404.288422 337.222900
-1.000000 -1.000000
428.584900 365.600037
190.046631 107.019577
-1.000000 -1.000000
-1.000000 -1.000000
166.639267 95.209671
460.561890 267.151062
412.613922 454.732147
416.688904 176.339676
174.144394 125.110901
-1.000000 -1.000000
336.032745 258.333374
370.895203 344.123383
-1.000000 -1.000000
436.116333 329.706329
315.399872 398.969635
184.789413 398.420532
227.633255 427.452606
413.671692 248.601624
453.811768 236.231140
-1.000000 -1.000000
157.915939 169.130280
114.712372 267.339478
409.685974 423.815521
320.319336 124.789383
132.203583 347.175781
376.074677 430.963654
158.096909 119.352997
263.212280 363.473755
363.551483 321.116211
-1.000000 -1.000000
353.943024 211.423553
364.404358 169.756989
363.657166 190.215164
407.493805 353.571350
459.623871 238.538895
-1.000000 -1.000000
427.167694 402.183167
-1.000000 -1.000000
229.703506 350.467438
326.783722 241.297485
358.039062 227.553558
140.533066 166.089706
124.190903 227.372833
357.654663 345.401642
-1.000000 -1.000000
-1.000000 -1.000000
367.018860 204.227203
-1.000000 -1.000000
269.668213 425.865540
418.182129 311.069977
404.227142 442.147766
257.665771 99.984039
280.585571 100.977730
261.998871 223.239166
386.179901 159.097656
336.987396 239.075638
383.623810 325.724792
-1.000000 -1.000000
385.414307 425.327881
322.318634 110.688446
349.055298 251.232376
-1.000000 -1.000000
