208.921768 215.549240
159.542984 206.861115
256.944733 261.006561
185.937927 251.094086
281.509369 222.029617
336.324738 264.501984
120.915459 249.757858
300.993011 265.865692
361.332245 195.523239
385.298431 129.692123
352.747681 217.621521
369.592560 174.101028
344.446289 241.108536
157.072922 127.620514
377.550476 151.070633
400.258881 125.465248
182.666367 209.869827
430.897003 212.172104
151.318970 164.982162
148.140182 150.084076
166.140320 102.949043
140.830627 173.197800
118.719940 239.536316
407.866089 148.166275
443.375854 249.012894
437.111694 231.547394
124.691978 283.802917
420.740326 185.971756
376.806335 167.717728
211.297852 247.627411
254.180771 221.987305
386.003571 145.445389
162.850006 239.823715
414.719513 167.802231
143.033020 187.734741
190.848145 295.884552
264.310303 374.370728
369.353882 190.203369
361.437286 212.669769
214.115433 373.311249
137.023758 209.060852
238.544281 302.782135
327.114349 206.687714
344.482025 256.869446
337.514740 286.689941
417.571106 328.014099
128.666229 338.795013
421.451843 182.792831
412.606903 418.106476
231.700089 249.003128
301.009308 358.388611
283.120728 255.846985
-1.000000 -1.000000
149.410034 339.003052
184.308960 349.775208
412.807068 150.082672
-1.000000 -1.000000
308.482178 163.153534
275.199707 356.082794
352.228699 235.230453
181.068970 441.160645
227.801865 357.277985
169.742020 344.821106
124.209152 215.701477
128.341125 231.499405
240.888351 326.525696
404.096771 271.132111
180.705170 387.166779
387.177399 272.602997
160.385223 143.608032
320.289581 362.208130
164.539474 122.242378
420.375305 333.968353
369.179932 375.430603
-1.000000 -1.000000
236.672287 417.544312
-1.000000 -1.000000
386.243134 283.297363
131.711502 193.727661
191.891602 320.855103
411.711487 372.618469
-1.000000 -1.000000
370.838013 274.528900
-1.000000 -1.000000
352.023438 382.237213
144.465942 432.764435
120.026680 431.084045
-1.000000 -1.000000
381.708893 379.600861
185.994202 413.159088
383.133606 228.226273
435.941132 287.584534
394.209656 336.622894
401.572693 227.553482
379.235718 428.763641
397.064941 218.215820
184.941299 361.505768
-1.000000 -1.000000
367.412506 285.497040
421.166199 394.055634
232.503296 369.328583
363.477142 392.707092
-1.000000 -1.000000
392.865509 388.188171
426.611328 208.102142
414.105621 439.723785
402.694794 282.278656
426.179779 295.953003
424.302734 188.977478
398.673981 371.767365
400.409515 300.149048
-1.000000 -1.000000
102.989861 267.181671
354.859528 293.677612
164.886307 437.572144
414.657776 226.138138
426.046875 366.920471
131.759674 372.294128
364.677490 353.812134
369.808441 303.717468
-1.000000 -1.000000
-1.000000 -1.000000
228.966202 395.556000
-1.000000 -1.000000
382.048401 218.602066
-1.000000 -1.000000
394.053497 181.950607
385.534912 197.332581
398.758392 193.801605
438.415009 247.106171
432.700836 228.036972
351.728973 398.023682
-1.000000 -1.000000
158.372513 389.805298
373.925751 249.861984
255.559464 101.245842
302.444824 221.720901
294.920685 352.777863
303.932495 420.154022
380.386230 394.283447
281.381470 418.049316
289.098145 323.867523
-1.000000 -1.000000
389.770569 330.558899
309.857758 327.664490
302.489563 109.339661
132.655319 308.068573
349.542969 428.826447
-1.000000 -1.000000
-1.000000 -1.000000
409.207611 389.894562
390.538879 248.468353
-1.000000 -1.000000
404.749695 180.721893
406.068146 247.274567
234.183517 229.272293
409.387177 401.439087
320.167480 355.073303
280.348480 392.854187
186.619080 372.124359
-1.000000 -1.000000
440.594879 296.203278
159.422531 249.368073
261.305237 388.527618
-1.000000 -1.000000
366.447968 401.459015
-1.000000 -1.000000
193.669083 341.501892
241.206711 348.832764
396.243561 397.050842
384.053345 332.264954
355.237610 426.331573
252.325760 249.309845
154.836792 312.730560
383.638000 344.866699
208.793167 257.762329
-1.000000 -1.000000
182.054764 241.523849
417.517700 384.274628
359.935333 333.502533
128.514481 399.563599
195.625977 306.881165
380.022980 419.214508
137.402145 294.786957
335.027527 308.914856
217.952896 226.994568
-1.000000 -1.000000
354.343170 348.439087
404.755188 444.230530
315.681824 108.531776
407.553406 244.266464
213.925583 298.323608
-1.000000 -1.000000
380.070984 282.978699
-1.000000 -1.000000
-1.000000 -1.000000
236.755066 381.342865
139.912689 426.019379
121.702835 383.713989
-1.000000 -1.000000
168.058411 336.400970
320.989380 219.935593
261.299316 304.041992
311.988617 241.747009
396.296844 281.941284
371.275696 253.346436
415.515808 278.450226
-1.000000 -1.000000
-1.000000 -1.000000
379.312225 424.148438
-1.000000 -1.000000
133.817795 332.390778
271.154053 400.848724
234.923553 440.568207
-1.000000 -1.000000
354.771545 335.610870
186.783829 434.263947
390.143585 217.026215
210.734055 324.252289
-1.000000 -1.000000
161.734650 299.252228
412.100433 350.891937
165.454041 429.254700
410.709595 329.697113
-1.000000 -1.000000
-1.000000 -1.000000
-1.000000 -1.000000
384.479889 328.183563
405.780121 214.766037
199.317932 417.391174
210.006973 387.025604
265.181091 328.124268
152.363831 405.653137
297.865601 256.493347
-1.000000 -1.000000
-1.000000 -1.000000
417.824005 307.765625
127.856636 238.354980
384.434937 208.200424
-1.000000 -1.000000
390.800293 235.494583
375.212250 402.886810
244.956085 310.982330
372.730621 330.553833
351.271637 425.239288
352.377441 333.826324
-1.000000 -1.000000
411.977020 327.664642
403.538818 400.163208
327.568054 212.285614
372.687042 236.702469
377.438293 303.798798
-1.000000 -1.000000
441.568787 273.424133
-1.000000 -1.000000
389.013580 251.314850
345.047241 408.697510
312.442810 312.377319
365.585815 235.267426
-1.000000 -1.000000
406.621429 300.390106
408.801453 351.495880
279.218567 266.069824
429.714874 351.053223
-1.000000 -1.000000
283.535583 308.938934
352.998810 412.727814
406.857605 420.575348
-1.000000 -1.000000
215.051178 344.121521
-1.000000 -1.000000
279.859558 79.473816
381.484222 331.455444
356.161865 329.602112
340.944885 310.978729
-1.000000 -1.000000
175.883606 101.633163
417.123016 171.841446
121.071129 260.505920
383.238251 424.904968
319.305054 233.008377
-1.000000 -1.000000
401.483856 325.393188
406.492004 423.237946
259.613770 104.080345
348.864227 363.523499
357.376831 393.932220
-1.000000 -1.000000
386.410889 388.526855
-1.000000 -1.000000
-1.000000 -1.000000
414.017090 384.299042
375.883148 424.759827
276.433319 363.838898
379.694702 355.153015
263.674408 351.927185
150.818954 140.243591
-1.000000 -1.000000
376.562622 449.171783
223.207886 321.207062
245.374741 434.077179
406.557312 419.808929
210.532166 436.024658
419.026031 235.735291
347.734161 427.724762
186.178879 113.714027
381.529175 188.757874
-1.000000 -1.000000
383.346100 322.219360
311.119751 224.446075
319.491669 403.395782
-1.000000 -1.000000
176.155380 316.833496
317.459900 66.453308
361.685699 381.613770
408.940887 445.284210
298.849426 128.847061
397.228729 176.488998
-1.000000 -1.000000
-1.000000 -1.000000
-1.000000 -1.000000
213.551788 359.283020
330.136078 285.404144
365.197968 434.790283
161.137375 223.954269
384.335907 178.032471
405.685364 329.330231
185.187744 97.963219
157.579895 150.855698
421.880676 426.654602
391.666656 376.643860
-1.000000 -1.000000
-1.000000 -1.000000
-1.000000 -1.000000
-1.000000 -1.000000
-1.000000 -1.000000
407.953705 421.705139
315.753113 143.159912
-1.000000 -1.000000
-1.000000 -1.000000
303.231873 245.222610
-1.000000 -1.000000
-1.000000 -1.000000
311.671265 120.743980
214.629456 393.439331
404.306671 231.690018
386.950012 233.598724
142.099075 162.534042
-1.000000 -1.000000
338.633301 237.039566
132.740402 384.666870
-1.000000 -1.000000
378.552185 373.630096
123.428185 439.790405
375.054352 337.387482
131.912048 249.058334
-1.000000 -1.000000
329.388855 263.310577
384.466339 337.260681
412.399139 330.575623
110.175613 235.463776
345.322784 334.871704
-1.000000 -1.000000
309.916443 250.606812
433.250275 201.676514
140.930908 146.639801
398.972992 340.848389
-1.000000 -1.000000
420.168030 370.136261
180.540497 114.455856
-1.000000 -1.000000
-1.000000 -1.000000
157.713120 100.438332
451.454651 274.292786
-1.000000 -1.000000
412.730865 177.691315
166.102264 129.885391
-1.000000 -1.000000
337.637878 251.618774
369.016083 341.689636
-1.000000 -1.000000
427.192719 334.753906
316.117554 393.785980
181.134598 396.588013
225.486984 424.615875
407.720490 250.709167
-1.000000 -1.000000
-1.000000 -1.000000
150.887909 172.368454
109.813545 266.978851
402.233337 425.366150
317.079285 125.608566
129.510010 347.613586
372.249451 430.451935
149.860474 124.189827
262.421600 359.528351
361.993378 317.552765
-1.000000 -1.000000
354.192719 206.627197
364.152435 166.626541
363.641846 186.059464
401.357483 353.604462
453.872589 246.542847
-1.000000 -1.000000
417.722992 407.435455
-1.000000 -1.000000
228.382202 347.073822
326.791687 237.410706
359.090485 221.105789
133.370071 169.192337
118.671570 228.292831
356.239624 344.189514
-1.000000 -1.000000
-1.000000 -1.000000
367.340240 198.967682
-1.000000 -1.000000
-1.000000 -1.000000
410.743683 315.989075
-1.000000 -1.000000
249.896164 102.615578
272.672028 105.131256
261.438843 219.720047
385.798309 155.454773
338.498962 232.725891
380.626862 325.285614
-1.000000 -1.000000
380.102264 426.101074
319.113342 110.384644
350.550659 244.222137
-1.000000 -1.000000
