-1.000000 -1.000000
-1.000000 -1.000000
-1.000000 -1.000000
279.332336 258.280029
-1.000000 -1.000000
397.631805 152.373856
273.182861 241.347107
297.354675 262.193176
-1.000000 -1.000000
-1.000000 -1.000000
-1.000000 -1.000000
-1.000000 -1.000000
312.949890 295.832458
-1.000000 -1.000000
327.699402 301.276154
-1.000000 -1.000000
-1.000000 -1.000000
396.923645 137.811844
340.440155 312.503815
278.704926 275.692017
262.258636 260.621124
-1.000000 -1.000000
318.217255 263.744141
189.416077 235.390427
308.906158 281.179077
-1.000000 -1.000000
300.133270 245.568039
149.736328 294.512848
386.470764 147.792862
273.818359 225.126740
-1.000000 -1.000000
368.956757 384.448456
-1.000000 -1.000000
157.526093 229.523499
398.306091 168.648788
407.809052 369.006958
311.620056 311.865112
393.446014 365.163940
359.026093 380.346222
430.734741 438.484375
149.725464 279.796844
189.341888 215.748993
432.614288 348.757385
256.782654 243.230591
440.441620 352.889832
231.496536 248.794113
385.813232 134.108505
384.099579 385.393951
215.440048 370.463226
323.786621 317.481201
134.869751 295.638367
-1.000000 -1.000000
156.733353 212.426620
417.387756 437.486908
292.549805 296.192841
423.053772 370.319702
249.938812 377.762726
193.743835 253.626465
210.891235 242.392593
155.987473 266.795502
218.467773 355.445923
-1.000000 -1.000000
135.017578 280.854553
224.639114 329.448669
139.806473 266.774170
319.941010 249.513260
-1.000000 -1.000000
428.635223 360.603088
211.580414 223.484467
-1.000000 -1.000000
-1.000000 -1.000000
334.222992 326.952850
-1.000000 -1.000000
345.951904 378.445404
208.382416 323.721130
229.159348 228.042252
-1.000000 -1.000000
329.341766 284.969452
238.299896 406.481415
370.146484 371.767822
396.559021 438.700043
156.897476 248.078033
251.495102 361.074127
189.186676 370.793976
379.476471 364.095367
-1.000000 -1.000000
387.745178 160.696579
402.205231 382.340332
267.701660 381.701904
362.274323 397.947968
409.165802 356.297455
438.217560 369.613251
348.826965 291.593811
-1.000000 -1.000000
244.587555 268.797974
262.066254 277.604187
200.072571 354.920349
153.135803 309.633057
175.311371 255.907303
286.857697 351.661804
254.101074 337.322296
398.576904 122.103058
420.884583 341.130798
362.919525 413.547119
356.717133 362.670715
395.733002 350.452087
349.129669 395.159210
128.825516 260.223755
269.282379 365.205048
399.659454 403.352417
320.001129 227.546478
190.346588 326.600555
345.181519 332.815491
284.411285 382.366882
278.604706 400.288818
160.722946 197.001968
431.944519 424.494568
436.546844 384.586548
180.487625 356.238068
298.288727 228.339798
212.641647 261.017792
215.920120 438.671356
257.369598 405.627228
380.452972 399.055511
433.193298 334.042572
442.837982 339.162903
211.961761 386.265839
359.459991 336.075348
-1.000000 -1.000000
141.533035 232.037918
352.275818 411.667511
406.569702 157.329834
325.590393 341.871216
301.976715 325.213593
420.183899 420.555328
336.398895 232.141357
183.292938 198.718704
403.789001 423.815491
-1.000000 -1.000000
284.068848 309.768311
119.390663 274.683197
392.375183 173.403275
419.430298 384.168671
372.958984 154.964767
338.712189 215.981903
-1.000000 -1.000000
256.088287 225.020233
198.101730 438.885193
381.180664 345.411224
432.265594 406.929443
180.241058 385.109222
395.463776 335.087128
371.782196 209.905823
375.701019 194.251923
158.341843 374.929016
387.374023 433.140106
211.820419 403.675995
119.902626 298.398071
368.666718 220.598480
386.283875 120.011337
181.581116 400.884460
273.764099 291.359650
406.925903 141.131439
397.917664 318.046539
207.477615 208.320114
457.437256 231.157135
375.370117 183.252731
356.574188 208.168762
358.738403 246.589737
434.414429 307.651367
373.446655 308.100739
-1.000000 -1.000000
-1.000000 -1.000000
372.404449 140.573853
361.471893 191.900528
338.436249 408.716156
244.253204 318.232513
376.628784 293.214966
334.628174 257.919830
189.553955 272.422546
355.633301 264.385010
315.899994 330.454865
263.681061 418.090393
239.840164 432.996887
365.030396 352.645782
446.726135 224.730164
438.743042 280.209778
373.642517 164.661133
351.434906 278.019745
341.882507 204.354462
231.973923 211.515503
241.257248 283.780212
334.133118 267.244446
392.259491 189.739288
138.597366 312.346100
-1.000000 -1.000000
404.892181 175.538971
366.879272 421.165680
214.169464 305.789551
350.275909 434.153442
428.968811 396.077118
414.791046 173.863770
335.515808 392.201019
279.247070 212.165268
409.315613 198.613983
360.750275 181.743698
174.126160 295.995880
365.661926 321.828918
412.283264 296.956543
380.598450 322.180573
350.860260 317.261475
-1.000000 -1.000000
461.592560 216.341034
292.894012 403.395508
-1.000000 -1.000000
361.905273 288.789215
421.744354 304.897675
441.650055 322.325409
388.530151 203.200806
406.979309 323.298676
451.114471 275.061249
409.015564 394.847687
151.250427 358.519653
-1.000000 -1.000000
140.315216 216.998535
441.407349 267.716003
148.484360 387.629150
419.060699 214.854630
411.577118 276.914917
382.198334 283.260254
306.026093 381.207367
358.027924 163.346603
196.029556 96.934654
445.006409 305.545258
114.862473 257.231415
444.428528 249.301376
412.294739 123.581459
402.507904 288.420380
423.182434 283.982452
386.309845 216.726685
429.380676 187.919495
362.379608 302.461823
195.909775 305.663177
429.916718 292.726013
-1.000000 -1.000000
181.563354 96.109741
151.780441 405.942322
420.338257 155.222046
355.170258 155.561951
374.028442 242.660828
400.512970 271.861816
399.507782 184.477814
304.161591 215.049713
451.908722 209.549652
219.993805 276.801727
390.282318 312.431580
121.534370 241.799515
178.504990 134.473892
163.432266 134.520203
143.957275 203.334091
158.692764 345.000580
343.769989 188.624023
137.601410 373.480072
165.871582 105.041039
279.952881 420.061829
235.353439 304.151825
427.945435 227.303741
413.127747 229.033783
179.816742 283.204254
379.888733 264.935669
192.037643 109.461136
434.262817 167.842728
-1.000000 -1.000000
163.185883 159.404907
199.308182 84.323715
368.849121 260.199829
373.559753 127.201729
398.163513 207.237961
178.247208 159.497925
436.256531 259.269623
430.004517 271.201050
432.744507 213.791656
209.345367 289.921539
394.760803 280.771515
147.913269 158.424973
394.475403 298.536072
176.623764 116.234276
131.918167 390.844147
184.999634 83.513336
382.178040 244.691483
322.974579 357.716888
410.376038 249.724487
162.267105 172.828842
161.303757 117.503403
194.260590 134.349304
135.117172 358.261597
168.080887 90.227600
430.559021 145.200180
120.119164 227.920654
320.099945 386.664154
339.813568 424.798920
146.795593 171.693604
426.267670 242.466995
177.731598 173.586105
394.099976 222.820709
-1.000000 -1.000000
345.173035 150.320877
324.617188 414.526917
108.163139 270.851654
315.550842 401.013336
440.925140 197.315643
438.230103 148.493607
146.895676 142.688843
161.967911 185.781570
141.449432 340.855103
298.890381 108.480270
171.274124 77.360588
298.206055 421.548645
409.366089 210.828568
315.327026 135.981766
398.564178 241.616592
-1.000000 -1.000000
136.838364 409.728760
-1.000000 -1.000000
314.929474 112.636093
300.780548 137.480713
144.425034 190.990448
-1.000000 -1.000000
316.882660 209.585602
299.572845 122.355408
446.828979 178.287689
210.105225 98.937309
405.787354 223.452744
-1.000000 -1.000000
283.418121 122.853683
206.644608 110.014206
347.938599 141.099945
456.874939 198.017334
108.176834 289.739288
179.234207 185.841461
327.776917 171.278046
286.914734 141.050903
212.924118 85.085823
123.215919 324.211029
466.981079 204.100784
123.068848 211.728546
313.926971 97.939011
197.805756 70.066452
327.618683 154.098007
122.498383 379.492706
313.641846 152.403122
127.689018 194.740509
201.383804 194.314651
328.269928 121.232933
196.760574 147.358276
310.915649 169.689987
313.094513 200.232193
299.141052 152.871399
296.474457 169.336823
-1.000000 -1.000000
403.389374 106.871635
105.906189 242.268188
389.317505 106.810570
116.296135 429.980255
348.505493 126.949394
129.388535 180.986618
-1.000000 -1.000000
329.756622 105.506516
316.154358 185.581131
303.138184 207.956375
446.284241 152.927887
301.313507 184.553391
277.371552 111.656876
121.279076 424.221008
435.065063 129.651031
126.277626 345.402039
100.525543 289.317902
211.777222 70.177032
141.080231 131.471191
290.503387 96.006241
130.921036 165.138336
463.651184 181.040848
120.123039 365.035950
256.225281 208.865326
446.988770 144.394638
100.698715 258.661926
122.876907 437.282623
229.612289 197.663910
194.768906 163.233963
256.330017 120.854294
272.938110 96.821754
287.395111 85.820320
98.587341 275.343872
256.126038 93.685532
273.166901 78.812958
104.490074 229.275253
285.184021 181.733429
149.435989 106.729324
245.994354 86.505577
223.505554 107.040154
-1.000000 -1.000000
448.432556 143.227966
295.387970 201.997696
183.354965 64.683716
306.528381 87.706322
329.285370 90.020004
290.061432 70.603119
-1.000000 -1.000000
274.353668 152.397400
193.406021 177.216644
155.681686 86.148178
370.173676 116.241623
221.078827 132.004028
302.705475 78.219749
156.897675 80.439842
228.600967 191.614487
277.571930 164.679337
-1.000000 -1.000000
211.478806 120.403603
204.770935 182.774567
-1.000000 -1.000000
258.635712 196.182922
-1.000000 -1.000000
-1.000000 -1.000000
201.245804 58.933060
287.245087 160.496689
127.922234 156.081512
-1.000000 -1.000000
109.228226 208.149139
-1.000000 -1.000000
