212.235092 220.576569
166.124603 208.591263
257.777985 267.218597
191.171082 253.064957
280.300629 231.220520
330.866913 279.404663
129.852676 249.943527
301.096405 276.388123
359.287842 205.396133
386.718567 133.681320
349.569946 229.309601
368.732880 182.088455
340.053192 254.628983
172.425461 118.622963
377.816528 156.941162
401.644012 128.778107
187.088058 212.680862
443.215057 206.311600
165.631973 157.361145
162.310837 142.840439
182.343140 93.177231
154.028214 167.585342
127.447243 239.269775
412.167603 148.515213
458.186493 238.617371
451.481415 223.457626
134.198425 283.876862
429.067566 182.266006
377.512146 174.755966
215.269485 251.793777
254.996811 228.820999
387.746979 150.601898
169.850037 240.709503
420.969788 165.667526
155.870560 182.543839
195.405212 300.084442
265.101471 382.870239
369.014557 199.165604
359.603943 223.057861
218.405991 377.702026
148.041016 205.525940
239.609726 310.526245
327.685394 213.392380
340.066406 271.202972
333.074127 301.320282
433.209045 319.568176
138.109589 338.107544
429.669067 178.575607
430.100800 408.536407
235.166412 254.192200
299.160004 370.207153
282.761688 264.990631
-1.000000 -1.000000
157.927155 340.075378
189.079605 352.851959
418.680267 150.385559
-1.000000 -1.000000
313.710907 163.375488
275.091431 365.659088
349.245148 247.943542
187.504776 443.314789
230.439758 363.187836
176.872223 347.114105
134.807938 213.274094
138.465897 229.602509
243.731644 333.450836
414.507874 266.754578
187.068619 389.828247
393.634491 272.985657
175.705276 134.532394
317.225006 375.197021
181.297119 112.243706
436.597870 325.938019
372.402618 380.459900
-1.000000 -1.000000
241.392120 423.279175
400.784271 431.579529
391.053619 284.968018
143.776352 189.843170
197.833893 324.483063
424.612061 366.552246
-1.000000 -1.000000
372.885925 279.626099
-1.000000 -1.000000
351.535645 391.111053
155.291412 432.446777
132.605850 429.086243
-1.000000 -1.000000
387.449615 380.674255
194.217773 415.401947
385.138275 232.386765
452.334747 274.929565
403.216644 335.407013
407.168701 227.526642
389.506927 429.848816
402.071808 218.776306
190.381561 364.839905
-1.000000 -1.000000
368.215424 291.694214
439.417419 384.428040
234.999100 375.608307
366.506348 398.014282
-1.000000 -1.000000
402.382812 386.232697
437.029175 202.959869
432.332581 429.263275
411.399567 279.763947
443.276001 286.987000
434.476288 185.650574
408.378662 369.448944
408.865936 298.768555
-1.000000 -1.000000
111.513306 267.303528
350.321503 307.589752
174.089478 438.478271
425.350067 222.875504
443.110199 357.603729
141.489288 371.605896
367.521423 359.595367
371.993530 309.487946
-1.000000 -1.000000
-1.000000 -1.000000
232.260010 401.048370
-1.000000 -1.000000
384.092560 222.691055
-1.000000 -1.000000
397.537079 185.029510
388.709930 200.662292
405.154419 192.543198
453.256805 236.907425
445.065979 219.926010
351.574982 405.651245
-1.000000 -1.000000
168.340240 390.399414
375.756317 255.053894
269.110199 94.792336
300.505280 232.599579
293.757751 363.434052
303.478149 430.896332
387.029755 394.889191
282.775757 426.968292
288.334747 334.627686
-1.000000 -1.000000
398.490051 329.523193
307.164246 339.980347
307.407654 110.557220
142.944382 307.716095
351.818390 436.530914
-1.000000 -1.000000
-1.000000 -1.000000
422.658813 383.027466
396.440338 248.758652
-1.000000 -1.000000
411.266602 180.726196
413.845062 243.902695
236.980469 235.979080
426.584717 393.076630
317.449432 367.417603
280.519806 401.680298
193.166672 376.165131
-1.000000 -1.000000
458.052277 283.750702
166.892014 250.528351
262.743896 396.593750
-1.000000 -1.000000
370.342957 406.254547
-1.000000 -1.000000
199.871933 345.730530
244.268692 355.701630
406.695648 394.498383
391.179688 332.668915
359.219818 431.774963
253.988647 255.839706
163.403717 313.964600
392.156921 349.191589
213.256058 262.077667
-1.000000 -1.000000
187.403671 242.483032
434.270355 375.602631
362.007690 340.198456
140.849792 398.061737
200.857346 310.957886
390.307465 416.113678
146.597656 294.979767
330.383667 323.052734
221.583908 231.736191
-1.000000 -1.000000
355.958191 358.316956
419.469299 436.373169
320.321930 110.274445
417.642822 239.575348
217.576172 304.049530
-1.000000 -1.000000
383.411041 286.252106
-1.000000 -1.000000
407.254089 254.000854
239.868805 388.316864
151.932632 424.639282
132.566391 382.538574
385.998596 261.499451
176.154846 338.157227
320.061279 228.805725
261.972290 313.039551
309.576477 252.148895
403.655487 281.272644
371.376251 258.987335
426.068451 273.988922
-1.000000 -1.000000
-1.000000 -1.000000
388.324249 423.401886
-1.000000 -1.000000
144.680511 331.741791
272.342255 410.476318
240.012070 445.945435
-1.000000 -1.000000
355.018646 344.091003
195.669785 437.369537
393.639130 219.841507
214.179688 328.799591
-1.000000 -1.000000
169.597290 301.110535
427.151825 342.038940
175.559052 429.266571
424.297333 322.571381
-1.000000 -1.000000
-1.000000 -1.000000
-1.000000 -1.000000
392.185059 327.216370
412.534180 213.713333
206.525955 420.401611
214.731827 391.072510
265.503296 337.111755
162.996414 405.515656
296.957581 266.378937
-1.000000 -1.000000
403.833344 209.718765
433.140259 300.384949
137.391830 237.302475
387.260620 213.834091
-1.000000 -1.000000
397.138458 236.809357
381.070465 404.525482
246.989105 318.613434
376.457184 333.420471
354.023102 430.644928
351.807281 342.215698
-1.000000 -1.000000
426.113434 319.523376
416.280029 394.533447
327.689301 219.570770
373.574707 242.346390
380.765289 308.287598
-1.000000 -1.000000
458.338654 261.138245
-1.000000 -1.000000
393.526642 251.439133
344.656708 417.659790
308.673950 325.170898
364.770599 242.836716
-1.000000 -1.000000
416.428680 297.625244
421.274200 343.769562
279.499298 274.971100
446.776245 342.777283
-1.000000 -1.000000
280.316742 320.795563
356.770355 418.657318
422.594482 411.249786
-1.000000 -1.000000
219.064896 349.159546
-1.000000 -1.000000
290.655670 74.591362
387.349609 332.361542
356.948273 336.378174
336.911499 324.809998
-1.000000 -1.000000
192.076492 91.426178
425.080444 169.694611
128.016403 261.229126
394.269104 423.004974
318.236908 241.688950
-1.000000 -1.000000
411.825836 320.591156
422.318329 416.486572
273.583344 96.946999
347.820679 372.974426
360.005798 400.152100
-1.000000 -1.000000
395.761139 387.543243
-1.000000 -1.000000
-1.000000 -1.000000
428.243805 376.855438
382.946503 424.404877
276.280060 374.368866
384.845734 355.902740
264.413544 360.357117
166.026031 132.021973
-1.000000 -1.000000
384.117279 449.288086
226.543289 327.864197
249.302628 438.140778
422.782104 408.601196
216.216248 439.294159
429.394714 232.663666
349.147980 434.810791
205.360489 102.448891
382.645966 194.198837
-1.000000 -1.000000
391.610107 317.342865
308.189362 235.775848
317.604156 415.614899
-1.000000 -1.000000
181.915390 320.413544
325.532837 65.833946
363.384125 387.842224
426.579315 436.157166
304.053711 128.790405
401.220459 178.795944
-1.000000 -1.000000
-1.000000 -1.000000
-1.000000 -1.000000
217.528641 364.754517
324.009674 300.431061
369.593628 439.421600
168.455124 227.460464
385.758179 182.642151
416.622284 324.324677
202.632126 85.472862
171.815155 143.487411
440.311523 415.990143
400.032806 375.407623
-1.000000 -1.000000
-1.000000 -1.000000
-1.000000 -1.000000
420.566284 356.058655
-1.000000 -1.000000
424.175232 412.707855
321.123199 142.560883
-1.000000 -1.000000
-1.000000 -1.000000
301.812012 255.606873
-1.000000 -1.000000
-1.000000 -1.000000
315.971161 122.450531
219.385223 397.934052
411.756042 230.723267
390.568390 236.961090
156.096985 156.048798
-1.000000 -1.000000
334.187073 250.509079
144.751312 384.062103
-1.000000 -1.000000
383.740570 375.210938
133.838852 437.877899
379.582458 339.707092
140.097839 249.361389
-1.000000 -1.000000
324.108978 276.266022
392.673126 337.872864
426.418579 322.902893
119.048973 234.929794
343.120911 344.872162
-1.000000 -1.000000
307.852356 259.653137
442.763916 195.420593
155.046524 139.020996
407.975555 336.862579
-1.000000 -1.000000
434.643311 362.305054
198.541641 101.024719
-1.000000 -1.000000
-1.000000 -1.000000
174.164169 90.420113
467.651276 261.067444
419.162842 452.041809
418.592560 176.110718
181.517929 120.788765
-1.000000 -1.000000
333.075592 266.043823
371.537445 347.343567
-1.000000 -1.000000
443.578766 325.682495
313.975159 404.691559
188.306625 399.939270
229.692963 429.938751
418.127808 247.479385
460.411041 231.473083
-1.000000 -1.000000
164.140915 166.353928
118.737274 267.600220
416.198486 421.819122
322.266876 125.587967
138.054016 347.139648
379.182434 432.443848
165.035095 115.101837
263.174469 367.673340
363.996094 324.454041
-1.000000 -1.000000
352.160126 217.379318
363.226013 174.239517
362.343719 195.369629
411.843079 354.054199
464.522400 233.268127
-1.000000 -1.000000
435.667267 397.737823
-1.000000 -1.000000
230.618668 353.936920
325.460327 246.715591
355.807770 234.795563
146.534988 163.510971
129.032593 226.271072
357.757507 352.198761
-1.000000 -1.000000
-1.000000 -1.000000
365.491364 210.206558
-1.000000 -1.000000
270.438538 430.022095
424.753479 307.883850
410.192230 442.681427
263.228607 97.032623
286.953979 97.739098
261.831177 227.644562
385.258881 163.675354
334.116943 246.040649
385.964050 327.521912
-1.000000 -1.000000
390.090057 425.367523
324.295319 111.881996
346.105682 258.751343
-1.000000 -1.000000
