-1.000000 -1.000000
-1.000000 -1.000000
-1.000000 -1.000000
267.460938 273.280640
-1.000000 -1.000000
368.820312 145.443970
261.378571 257.406006
283.085114 276.447510
-1.000000 -1.000000
-1.000000 -1.000000
-1.000000 -1.000000
-1.000000 -1.000000
295.726593 309.422760
-1.000000 -1.000000
310.320923 315.436127
-1.000000 -1.000000
-1.000000 -1.000000
367.383606 130.326035
324.708252 325.151123
267.477173 289.372864
251.405106 272.630493
-1.000000 -1.000000
299.723145 278.903381
186.709518 244.494720
292.192535 294.720245
434.679321 423.149567
284.377075 260.773254
167.131241 305.429504
354.602631 143.872681
261.506378 241.398972
416.656067 424.217865
374.383759 376.164581
-1.000000 -1.000000
159.405731 240.926651
370.247040 161.047836
418.725098 341.714844
294.551788 324.326477
398.970306 343.220459
360.930939 376.519623
459.746552 391.224426
165.381424 290.592285
186.688553 228.244110
444.538208 308.576141
245.445679 256.951172
458.797821 309.339630
225.764175 261.000397
353.174652 129.144638
390.159454 369.178528
227.380539 373.070618
309.312256 330.554535
152.262161 305.715179
449.784576 418.632324
157.645615 225.066406
444.497467 395.947540
279.892334 309.055634
434.574005 335.452850
257.114868 382.117706
190.827515 260.421844
207.253128 254.640808
166.456238 276.874939
228.984863 358.215942
-1.000000 -1.000000
150.491486 290.756775
230.880951 337.043091
151.076675 276.376068
300.676727 263.770966
435.287201 408.664581
440.002808 322.442810
207.467148 238.547836
402.116699 425.230927
459.200409 405.562042
324.805176 340.084503
-1.000000 -1.000000
347.140045 375.475037
216.685013 332.893555
223.242310 244.694763
-1.000000 -1.000000
311.151703 300.666779
252.763107 409.516327
375.265320 361.710236
420.526581 409.367340
159.538300 257.067535
257.805634 366.190674
205.081039 373.302948
383.964417 348.317841
430.186462 437.562195
355.893097 158.932053
412.482056 355.758148
272.766937 386.292328
366.237732 391.956696
419.680084 327.366272
457.678040 324.468323
331.465271 303.065094
-1.000000 -1.000000
236.494736 278.223877
251.350601 288.990295
213.567108 358.337524
172.652496 320.456879
175.578781 263.090973
289.007599 363.856415
258.082489 347.210724
369.685028 115.313187
430.180054 306.611816
370.542633 408.044617
356.613403 360.902344
401.744751 328.659302
352.035095 390.774261
138.062592 268.713226
273.142487 370.141846
415.531738 378.000885
299.355743 241.303101
201.291412 332.563995
338.438293 343.522461
287.987549 389.377167
285.745209 405.410675
160.386978 209.626053
461.709839 376.108368
459.724762 339.825562
196.584183 358.517883
280.249237 244.057953
209.241928 270.480042
245.096497 435.134583
268.960388 408.702667
388.382416 383.876678
445.651123 293.777191
460.490723 295.380096
226.109207 388.338776
355.283386 339.456940
376.111572 438.770111
144.319702 241.299530
357.852814 406.555054
383.011749 147.548752
322.225616 355.421204
291.247681 338.518677
445.541382 381.131256
314.706116 241.101654
180.987228 212.401611
429.365112 392.227478
-1.000000 -1.000000
277.346497 323.516235
133.722580 283.603546
362.115906 173.064529
433.009277 349.977539
339.170166 155.311188
314.281830 224.876266
448.275665 433.091492
244.307358 240.631348
229.894089 435.653290
384.861115 332.791382
460.954742 357.690582
200.434891 387.940948
400.532257 314.237183
345.660583 214.940048
347.214417 199.384888
184.913437 375.026215
407.207092 407.500946
233.634293 408.861816
137.483261 306.746246
343.565277 228.663742
355.715179 114.405533
208.885422 403.761475
264.248169 304.108490
381.466827 132.071548
400.973511 299.004028
202.974213 222.805832
458.121948 198.449142
345.432587 186.059479
330.473816 214.136765
337.112610 256.003998
445.566864 269.230621
367.742065 305.711365
-1.000000 -1.000000
213.052353 436.055634
337.927521 140.278000
332.466766 198.350922
342.889618 405.864716
247.169144 330.692139
366.926239 289.440033
315.536133 269.771545
187.053818 278.598145
336.650635 271.617493
308.812012 344.938416
280.615906 421.811737
263.462189 434.231598
368.366638 346.468872
444.383514 192.994293
445.010193 243.542816
340.331482 169.256210
334.419312 286.610748
315.373505 211.395096
223.832718 228.485901
235.409683 293.070465
314.739471 283.442047
363.754852 189.156998
158.003830 321.235260
-1.000000 -1.000000
383.193909 163.922531
381.306702 413.436981
219.849991 317.296051
364.727783 424.390381
449.296692 352.896820
397.578003 159.169785
337.264557 390.476471
264.246948 227.317581
393.303131 182.701340
330.500824 185.242996
185.186646 306.318573
362.959839 321.570648
412.643707 272.458496
380.559357 313.021057
338.775970 327.302216
-1.000000 -1.000000
458.797577 183.120789
299.862610 410.153534
-1.000000 -1.000000
349.144623 292.479218
427.355469 274.260986
457.690155 280.508728
362.557800 203.248993
414.666901 301.419922
459.066193 235.073883
423.802612 365.221100
178.173691 359.837524
-1.000000 -1.000000
142.602203 225.881531
444.886078 229.210754
182.151428 388.921722
405.975220 192.239182
405.330475 254.157684
369.917938 273.640656
303.635895 389.108978
325.171906 168.513306
190.564575 89.045998
458.907318 265.320251
123.437531 265.348267
444.160065 211.846939
385.617065 116.652039
399.013763 269.121521
420.204987 257.438568
361.432220 218.394119
411.489227 162.505417
351.720398 307.548767
203.916306 316.235596
433.267456 260.413544
-1.000000 -1.000000
175.625565 88.773598
189.266068 404.244537
400.751434 143.905457
323.567902 155.518341
352.716949 247.210922
391.380646 252.656235
375.525299 177.827713
284.078735 230.071335
444.752563 177.559631
219.184677 286.924286
388.634369 300.046326
128.276367 250.192627
175.576080 131.674377
160.437805 131.645065
145.123245 210.696442
180.967773 345.523834
314.404907 195.758423
167.386124 373.671082
159.849548 99.018761
295.772125 426.178406
236.086960 315.929840
419.302521 199.881409
401.378204 212.526810
185.981827 292.277100
367.382568 259.221436
186.871460 103.809464
414.427490 147.287079
194.736389 436.836273
162.478363 158.398422
193.110977 74.873833
352.201233 262.523193
338.512970 125.393501
377.032257 201.573914
177.558014 158.382874
432.244232 224.866470
424.701294 241.514023
421.603210 184.206421
214.513687 301.302002
385.495667 265.806488
147.175644 157.274536
389.743500 284.556549
171.411163 113.526993
166.070206 390.006104
178.177689 74.568825
367.415222 243.461182
321.940002 371.158417
401.255249 231.721924
162.545364 172.943588
155.932190 114.687210
191.153183 131.500885
161.794327 358.400696
160.701889 83.892044
404.133270 128.858673
126.532265 235.127869
321.158447 392.902679
350.618408 421.792389
147.290283 172.548889
417.522644 221.444031
177.902817 173.261520
376.496948 218.808502
-1.000000 -1.000000
321.566833 140.694580
333.638275 419.166565
121.552620 280.579956
319.020203 407.457581
425.760254 166.361511
415.647491 130.508713
144.417450 141.416290
161.259354 196.857407
165.220367 342.841003
274.164581 104.742805
163.303391 69.181244
311.206329 429.860687
391.267120 197.013916
291.187805 136.529877
386.678619 231.350296
-1.000000 -1.000000
174.166443 405.281982
-1.000000 -1.000000
289.277039 112.189774
276.179535 136.504532
146.142654 197.184616
178.349701 435.171143
298.215820 217.102310
273.906616 119.325714
429.974487 151.165298
205.911743 89.806831
389.143860 212.384308
-1.000000 -1.000000
258.281738 114.081123
202.228867 103.658493
322.479828 127.215263
444.653870 164.430344
124.796295 300.482117
177.820572 198.241470
306.842010 172.903702
260.387421 134.798828
208.577667 75.320892
144.346985 328.080017
460.315033 168.786789
127.442268 219.207611
289.884277 97.130959
191.925278 59.869438
306.217957 156.076340
152.518921 374.460815
291.451538 155.147873
130.539352 198.678116
197.137268 207.982651
303.610596 120.563652
194.656021 146.302246
290.249023 172.741791
295.125763 202.671890
276.445953 155.187103
275.153290 171.645691
-1.000000 -1.000000
374.052368 99.616142
112.733894 250.076843
359.350525 99.520119
151.559708 391.718872
322.379150 111.042160
130.744568 183.070694
-1.000000 -1.000000
304.512268 105.518097
297.097504 187.876312
282.440216 217.400360
430.568146 134.860428
282.430817 186.997665
256.728973 99.337059
159.395874 406.623230
405.029968 114.810638
150.297333 343.723969
115.898697 303.050598
207.566696 60.166504
138.614456 127.761673
272.682281 90.591095
130.742584 167.530960
446.559875 146.832031
146.982376 359.256683
245.155670 225.339584
418.658356 119.186157
108.437302 265.529266
164.397339 422.174530
219.798203 213.523132
194.929153 161.207092
239.668488 102.791908
256.985291 85.395729
272.511902 77.412743
108.320259 283.258331
239.549225 79.971420
256.772614 69.178909
110.965424 235.533371
266.252106 185.200424
144.020309 101.442757
232.335938 65.675766
221.983505 92.766182
134.180771 370.103149
420.834595 118.006027
279.876556 202.529785
176.893433 54.838634
292.212921 84.359268
307.117950 91.007469
273.322113 59.517498
461.916077 154.000626
243.389542 121.477516
193.984787 176.912216
146.227097 83.511810
338.732910 112.381653
223.386627 108.125519
291.746124 69.556305
148.322998 70.092255
217.797546 199.958817
247.187393 134.460739
-1.000000 -1.000000
208.324905 115.031525
197.937531 192.839996
-1.000000 -1.000000
246.335876 209.246002
-1.000000 -1.000000
-1.000000 -1.000000
199.816086 45.583218
261.366058 154.784409
127.218765 154.779617
-1.000000 -1.000000
112.474106 218.164688
-1.000000 -1.000000
