212.424881 221.275085
166.755020 208.922943
257.670380 268.205872
191.668427 253.396988
279.775604 232.744980
329.767517 281.668182
130.898453 249.958176
300.668396 278.025055
358.523468 207.172440
386.346466 134.577545
348.673492 231.224014
368.106842 183.672714
338.972076 256.783691
174.134903 117.580132
377.361053 158.260406
401.521393 129.702499
187.484985 213.142288
444.234894 206.036224
167.324097 156.511993
163.981094 142.011429
184.233078 91.990021
155.584702 166.932770
128.480988 239.223160
412.276306 148.995163
459.689758 237.692719
452.837646 222.732147
135.055527 283.756805
429.649109 182.268753
377.095001 176.196274
215.550674 252.486801
254.836151 229.935333
387.470337 151.806946
170.577713 240.914337
421.352722 165.905533
157.425095 181.877518
195.913452 300.632904
264.996185 384.110138
368.384949 200.808060
358.830261 224.904083
218.815765 378.239288
149.393555 205.057129
239.719070 311.502686
327.423462 214.512573
339.080963 273.503296
331.994324 303.458191
434.793152 318.696442
139.361572 337.867493
430.246338 178.588318
432.179382 407.377716
235.281235 255.021042
298.665710 371.863281
282.438904 266.488739
-1.000000 -1.000000
158.999832 340.113190
189.719788 353.279785
418.999573 150.788696
-1.000000 -1.000000
314.067200 163.703995
274.858978 367.080994
348.339172 249.964813
188.410187 443.475037
230.666138 363.972168
177.629990 347.354248
136.061356 212.900040
139.634796 229.370514
243.886810 334.445190
415.544830 266.551910
187.912613 390.158783
394.163818 273.375153
177.461853 133.497070
316.490112 376.951111
183.174606 111.060234
438.296112 324.974823
372.523560 381.308350
-1.000000 -1.000000
241.817505 423.973938
402.022308 430.900116
391.397034 285.473907
145.172897 189.343140
198.397461 324.944580
425.741577 366.101044
-1.000000 -1.000000
372.774597 280.597443
-1.000000 -1.000000
351.185455 392.478638
156.745911 432.207703
134.371887 428.498779
-1.000000 -1.000000
387.869812 381.047729
195.265091 415.611542
385.095978 233.318497
454.087128 273.763947
404.077576 335.480408
407.479767 227.923523
390.673065 430.484894
402.348053 219.201675
191.073044 365.271118
-1.000000 -1.000000
367.953217 292.831329
441.532684 383.312897
235.260376 376.423126
366.582550 398.860565
-1.000000 -1.000000
403.290497 386.151459
437.873108 202.663788
434.436768 428.215698
412.103546 279.739380
445.123657 286.128906
435.238190 185.656204
409.303558 369.310547
409.572632 298.852783
-1.000000 -1.000000
112.640839 267.269806
349.285278 309.700439
175.251129 438.357208
426.144989 222.766891
445.020477 356.620056
142.821289 371.447388
367.602234 360.518036
371.828705 310.483307
-1.000000 -1.000000
-1.000000 -1.000000
232.627655 401.803192
-1.000000 -1.000000
383.912476 223.583786
-1.000000 -1.000000
397.493896 185.858139
388.606049 201.355026
405.395874 192.938141
454.685425 236.038132
446.148407 219.475449
351.246674 406.926544
-1.000000 -1.000000
169.541840 390.334473
375.591797 256.083405
270.353302 94.238052
299.450592 234.358505
293.310059 364.875763
303.223633 432.477905
387.593842 395.141235
282.753204 428.193573
287.914673 336.250275
-1.000000 -1.000000
399.259491 329.586792
306.587738 341.920959
307.571472 111.076630
144.200974 307.692719
351.875000 437.604462
-1.000000 -1.000000
-1.000000 -1.000000
424.128815 382.369446
396.776367 249.179947
-1.000000 -1.000000
411.641022 181.119034
414.394104 243.911224
237.074326 236.796783
428.501556 392.048798
316.754730 369.232239
280.418152 402.985840
193.907043 376.604736
-1.000000 -1.000000
459.955231 282.448212
167.681931 250.738800
262.740051 397.586273
-1.000000 -1.000000
370.576141 407.040894
-1.000000 -1.000000
200.499496 346.194214
244.492661 356.674927
407.762695 394.365265
391.742981 333.000946
359.484894 432.568787
253.884933 256.924347
164.383270 314.238373
393.003662 349.753479
213.620560 262.754974
-1.000000 -1.000000
187.930923 242.783752
436.176636 374.618195
361.979706 341.282104
142.468353 397.753479
201.428970 311.498901
391.377441 415.659058
147.656952 295.020935
329.420227 325.128021
221.819305 232.525391
-1.000000 -1.000000
355.806854 359.796753
421.191406 435.546570
320.425659 110.823494
418.492249 239.462372
217.707367 304.777008
-1.000000 -1.000000
383.397064 287.073059
-1.000000 -1.000000
407.647552 253.735046
240.133560 389.159576
153.431305 424.122406
134.092560 382.306427
386.008698 260.940826
177.075363 338.293427
319.582977 230.258591
261.726898 314.375092
308.887268 253.825455
404.178528 281.532227
371.032013 260.239502
426.969696 273.680023
-1.000000 -1.000000
-1.000000 -1.000000
389.210236 423.553497
-1.000000 -1.000000
145.987854 331.481201
272.346283 411.856110
240.590149 446.547150
-1.000000 -1.000000
354.700867 345.438171
196.811600 437.676910
393.613617 220.571121
214.512802 329.399536
-1.000000 -1.000000
170.423538 301.384613
428.758453 341.197021
176.608139 429.132446
425.568024 321.944763
-1.000000 -1.000000
-1.000000 -1.000000
-1.000000 -1.000000
392.812653 327.390808
412.907959 213.962189
207.434433 420.728058
215.234116 391.634277
265.337433 338.074890
164.317734 405.490723
296.428070 267.935791
-1.000000 -1.000000
404.114594 210.198090
434.701080 299.704010
138.479172 237.179993
387.132507 214.880234
-1.000000 -1.000000
397.451263 237.402512
381.547424 404.944489
247.056870 319.661377
376.560547 334.132568
354.100616 431.448730
351.371643 343.566589
-1.000000 -1.000000
427.497101 318.715729
417.723969 393.878693
327.358612 220.785217
373.377228 243.491959
380.758575 309.078857
-1.000000 -1.000000
460.093994 259.837006
-1.000000 -1.000000
393.605011 251.840775
344.412781 418.992218
307.969421 327.011108
364.241272 244.143448
448.825592 307.029297
417.273315 297.520142
422.550476 343.194153
279.283356 276.469025
448.575714 341.814270
-1.000000 -1.000000
279.969147 322.283630
357.038361 419.632324
424.287262 410.210876
-1.000000 -1.000000
219.445587 349.833008
-1.000000 -1.000000
291.387878 74.449196
387.745453 332.694183
356.726807 337.428406
336.075165 326.899323
-1.000000 -1.000000
194.008286 90.309280
425.581055 169.846344
128.737686 261.213257
395.408844 422.889893
317.726685 243.180267
-1.000000 -1.000000
412.688049 320.294556
424.071045 415.922424
275.105804 96.458519
347.429962 374.490051
360.021454 401.107117
-1.000000 -1.000000
396.733124 387.563690
-1.000000 -1.000000
-1.000000 -1.000000
429.847107 376.085541
383.572906 424.524933
276.498779 375.742859
385.219269 356.047241
264.301422 361.596100
167.732712 131.029678
-1.000000 -1.000000
384.853607 449.182465
226.735992 328.591125
249.660904 438.445099
424.613098 407.125763
216.883942 439.721008
430.220459 232.825089
349.074219 435.842865
207.584824 101.152618
382.306305 195.285706
-1.000000 -1.000000
392.259979 317.689941
307.440002 237.610626
317.048401 417.406372
-1.000000 -1.000000
182.546982 320.721588
325.953094 66.073326
363.275696 388.942871
428.621429 435.014771
304.267120 129.329620
401.367645 179.408691
-1.000000 -1.000000
-1.000000 -1.000000
-1.000000 -1.000000
217.922318 365.538391
322.935333 302.709534
369.936981 440.018097
169.192017 227.364655
385.467529 183.688751
417.653320 323.780396
204.915710 83.991699
173.576981 142.506638
442.444275 414.931213
400.693939 375.529053
-1.000000 -1.000000
-1.000000 -1.000000
-1.000000 -1.000000
421.771057 355.712189
-1.000000 -1.000000
426.036469 411.804749
321.423065 143.087128
-1.000000 -1.000000
-1.000000 -1.000000
301.232117 257.266205
-1.000000 -1.000000
-1.000000 -1.000000
316.103516 123.057358
219.873642 398.526825
412.230347 230.978241
390.507629 237.806366
157.748810 155.204483
-1.000000 -1.000000
333.075134 252.576538
146.415024 383.844757
-1.000000 -1.000000
384.152649 375.710052
135.837708 437.499237
379.830750 340.200043
141.093094 249.306366
-1.000000 -1.000000
323.019287 279.060699
393.471985 338.284546
427.822266 322.264404
120.080322 234.870544
342.662537 347.024567
-1.000000 -1.000000
307.203247 261.933319
443.515625 195.043564
156.732697 138.114304
408.827332 336.857300
-1.000000 -1.000000
435.958740 361.690887
200.674728 99.255585
-1.000000 -1.000000
-1.000000 -1.000000
176.094437 89.127625
469.509705 259.666077
420.752472 451.378723
418.925934 176.382889
183.249069 119.742508
-1.000000 -1.000000
331.926758 268.235657
371.579315 347.976685
-1.000000 -1.000000
445.366089 324.688721
313.451874 406.359192
189.206955 400.427338
230.230042 430.629425
418.969543 247.376495
461.748291 230.662003
-1.000000 -1.000000
165.810318 165.505814
119.838211 267.650940
417.700897 420.639343
322.504578 125.989357
139.151581 346.901733
379.770752 432.931793
166.762939 114.447861
263.072418 368.874542
363.843262 325.780853
-1.000000 -1.000000
351.353394 219.208939
362.558228 175.941589
361.717834 197.086243
412.754028 354.090271
466.088593 232.218002
-1.000000 -1.000000
437.655243 396.463989
-1.000000 -1.000000
230.845749 354.819611
324.989960 247.815125
354.873169 236.668777
148.141556 162.858597
130.205734 226.032761
357.702484 353.929382
-1.000000 -1.000000
-1.000000 -1.000000
364.727020 211.998047
-1.000000 -1.000000
270.540771 430.775269
426.213745 307.275177
411.540497 442.732025
264.435303 96.418182
288.395752 97.070595
261.608246 228.867401
384.845398 164.989334
333.023743 248.048126
386.565552 327.938385
-1.000000 -1.000000
391.110077 425.391876
324.543945 112.440643
345.120880 260.953827
-1.000000 -1.000000
