-1.000000 -1.000000
-1.000000 -1.000000
-1.000000 -1.000000
278.506622 260.947113
-1.000000 -1.000000
397.022919 153.769150
272.396057 244.045929
296.248138 264.734772
-1.000000 -1.000000
-1.000000 -1.000000
-1.000000 -1.000000
-1.000000 -1.000000
311.229248 298.821014
-1.000000 -1.000000
325.857056 304.576477
-1.000000 -1.000000
-1.000000 -1.000000
396.365112 139.271896
338.619080 315.673340
277.863251 278.150269
261.523163 262.285278
-1.000000 -1.000000
316.717072 266.606750
189.785324 235.670441
307.349457 283.911285
-1.000000 -1.000000
298.935699 248.500626
151.787735 294.962067
385.602051 149.495789
273.051086 227.925278
-1.000000 -1.000000
368.731964 385.790955
-1.000000 -1.000000
158.624893 229.976486
397.766907 169.823685
408.640167 369.038574
309.757019 315.090088
393.661591 365.550751
358.438904 382.229492
432.989075 437.754059
151.726608 280.269775
189.863312 216.555649
434.219604 347.983093
255.993530 245.141342
442.892303 351.798645
231.636276 250.264053
385.000580 135.782944
384.288177 386.279541
215.774918 370.947723
322.032501 320.847626
136.969589 295.858124
-1.000000 -1.000000
157.837418 213.038406
419.298462 436.622101
291.419586 298.949493
424.332214 369.911835
249.973206 379.039307
194.018539 253.889175
211.209595 243.601746
157.304260 267.151398
218.739975 355.864777
-1.000000 -1.000000
137.062714 281.110413
224.871552 330.273438
141.576752 267.013672
318.374390 252.574280
-1.000000 -1.000000
430.002838 359.970734
211.915207 225.006638
-1.000000 -1.000000
-1.000000 -1.000000
332.687317 330.305908
-1.000000 -1.000000
345.095184 380.434967
208.821198 324.693451
229.283951 230.154938
-1.000000 -1.000000
327.543854 288.383881
238.844788 407.696808
369.977417 372.991943
397.741058 438.728760
158.005463 248.351151
251.488373 362.304199
190.092316 371.183014
379.520721 364.977905
-1.000000 -1.000000
386.853790 162.439697
402.942078 382.434265
267.591827 383.091827
361.826385 399.601776
410.109589 356.200287
440.726196 368.468048
347.148010 294.516876
-1.000000 -1.000000
244.197372 270.033600
261.237732 279.578735
200.775284 355.398590
155.233795 310.042419
176.024719 256.219971
286.426819 353.910522
253.958923 339.030975
397.898438 123.672363
422.085083 340.717163
362.523529 415.399323
355.984924 364.423431
396.056061 350.733093
348.399200 397.116882
130.507385 260.267242
269.111694 366.578796
400.512299 403.646088
318.550262 230.519119
191.138412 326.973907
343.743256 335.805481
284.137451 384.356781
278.442322 402.186493
161.834946 197.645218
434.415985 423.155792
439.234924 383.486145
181.377563 356.457123
297.021545 231.361267
212.960251 262.068237
216.962402 438.618164
257.552399 406.896210
380.632690 399.810883
434.945709 333.130371
445.272278 337.874664
212.390625 386.719879
358.482025 338.397156
-1.000000 -1.000000
142.760620 232.005219
351.631592 413.663025
406.256378 158.459290
324.277496 345.210205
300.709351 328.434753
422.201904 419.751312
334.940552 234.918167
183.945724 199.611664
405.339294 423.601379
-1.000000 -1.000000
283.250122 312.773163
121.412224 274.667358
391.592682 175.010284
420.730469 383.734619
371.804718 157.151962
337.298401 218.672668
-1.000000 -1.000000
255.296143 227.161514
199.469391 438.862946
381.252350 346.310486
434.912811 405.439758
181.249496 385.304474
395.844727 335.368835
370.419525 212.502090
374.414429 196.709076
160.461380 374.497192
388.230225 433.314575
212.535217 404.290192
122.039352 298.302155
367.268066 223.166519
385.488129 121.671829
182.986542 401.133728
272.786987 293.812378
406.501068 142.517624
398.497162 318.509613
207.834412 209.706741
459.174377 230.854752
374.107849 185.663269
355.169037 210.901978
357.167480 249.427689
436.593689 306.864075
372.485992 310.015839
-1.000000 -1.000000
-1.000000 -1.000000
371.306030 142.702362
360.148468 194.529236
337.579620 410.759155
244.222504 320.263336
375.626862 294.988373
333.027069 261.036163
189.880692 272.853027
354.039276 267.400269
314.616516 333.830658
263.883789 419.227814
240.615891 433.770233
364.682922 354.056274
448.248993 224.491684
440.896210 279.376373
372.473358 166.947876
349.805298 281.117340
340.472931 206.999847
231.828445 213.692200
240.932114 285.149414
332.433289 270.588074
391.285248 191.639984
140.776093 312.546112
-1.000000 -1.000000
404.743805 176.507324
366.777954 422.746826
214.402008 307.178009
350.099335 435.172150
431.034210 395.034515
415.002167 174.617889
334.567780 394.260590
278.587982 215.096085
409.533081 199.171661
359.439667 184.307678
175.016251 296.532257
364.586426 323.996918
412.994568 297.166779
380.462891 323.400970
349.080048 320.059814
-1.000000 -1.000000
462.624847 215.675446
292.467133 405.686066
-1.000000 -1.000000
360.458313 291.304321
423.095123 304.674713
444.133484 321.089813
387.447968 205.302490
407.779022 323.598114
453.306946 273.986816
409.928680 394.933044
153.826630 358.219330
-1.000000 -1.000000
141.578796 217.000061
443.394745 266.828918
151.269012 387.171570
419.643463 215.034988
412.079163 277.107239
381.249084 284.602203
304.962708 383.504578
356.747528 165.844315
198.517227 95.325188
447.523560 304.455292
116.609596 257.090057
446.121246 248.605972
411.794067 125.175690
402.809509 288.792175
424.104156 283.887360
385.141418 218.752548
429.780884 188.137711
361.081268 304.884125
196.515549 306.541626
431.290405 292.354950
-1.000000 -1.000000
184.028549 94.522682
154.638855 405.525452
420.390076 156.546249
353.992004 157.761353
372.648682 245.045181
400.585632 272.464417
399.049530 185.671066
302.763794 218.075668
453.005981 209.541153
220.527695 278.149506
390.250885 313.480591
123.157532 241.689438
180.828796 133.161957
165.757614 133.210251
145.221283 203.210770
160.592270 344.681305
342.409149 191.235764
140.306931 372.939392
168.308289 103.544968
279.972229 421.813934
235.210754 306.035553
428.993256 227.301865
413.678955 229.428818
180.434387 283.760559
378.926453 266.585754
194.496857 107.898590
434.344818 168.446274
-1.000000 -1.000000
165.395020 158.225922
201.836807 82.639191
367.472137 262.651794
372.457184 129.251587
397.708466 208.495239
180.464310 158.296356
437.829285 258.562225
431.151520 270.767578
433.643646 213.594604
209.721909 291.148468
394.459412 281.657196
150.133652 157.243668
394.393219 299.480225
179.028900 114.813240
134.737381 390.132843
187.502563 81.849861
380.988312 246.563766
321.746918 360.924255
410.980103 250.233673
164.386932 171.785736
163.696304 116.142876
196.598068 133.007324
137.712418 357.765228
170.579865 88.669312
430.390961 146.387100
121.788651 227.674850
319.087463 388.924072
339.150330 426.664551
148.931091 170.669006
427.253143 242.605392
179.849030 172.507355
393.450592 224.242355
-1.000000 -1.000000
345.034821 150.703720
323.856171 416.675934
110.177353 270.702759
314.558197 403.308655
441.247650 196.988251
438.023895 149.074341
149.156876 141.520111
163.229019 186.330292
143.860916 340.675903
298.983673 108.928177
173.753799 75.758255
297.756714 423.683655
409.546295 211.181641
315.264069 137.123337
398.133392 242.747879
-1.000000 -1.000000
139.769958 409.101746
-1.000000 -1.000000
314.851318 113.898888
300.751556 137.876663
146.201828 190.522797
-1.000000 -1.000000
315.576141 212.431259
299.557159 122.976280
447.048889 178.390121
212.595673 97.268150
405.792267 224.241302
-1.000000 -1.000000
283.840729 122.202385
209.113800 108.412567
347.800964 141.399506
457.600525 197.793015
110.285538 289.678497
180.253372 186.590256
327.803375 171.802719
286.938965 141.008453
215.450302 83.392548
125.518158 323.866882
468.127136 203.857178
124.862686 211.449066
313.934814 99.161667
200.350830 68.395782
327.620911 154.624649
125.256073 378.542145
313.638062 152.933365
129.577591 194.280930
201.861618 195.400208
328.169373 122.501999
199.107925 145.953903
310.944641 170.217377
312.179443 202.418777
299.137024 153.394516
296.506104 169.857056
-1.000000 -1.000000
402.898926 108.541168
107.591293 242.055710
388.827820 108.430664
119.420982 428.976074
348.425079 127.839699
131.441360 180.319809
-1.000000 -1.000000
329.602173 106.797890
316.137878 186.265274
301.591248 210.898834
446.391052 153.606354
301.335968 185.116486
278.459412 110.624481
124.353966 423.387756
434.638550 130.718857
128.767319 344.864075
102.608917 289.240051
214.374481 68.516335
143.347595 130.268509
291.601105 95.941559
132.973633 164.481308
464.163910 180.629990
122.770287 364.391693
255.387619 211.006470
446.835144 144.604248
102.485748 258.362366
126.050446 436.118561
229.252350 199.631042
196.930481 162.014557
258.137756 119.723305
274.493835 96.011497
288.958282 85.723877
100.564980 275.088959
257.935028 92.794426
274.692047 78.503716
106.168716 228.953583
285.255951 182.329865
151.806519 105.338272
247.796722 85.176773
226.038696 105.183205
-1.000000 -1.000000
448.272858 143.402893
293.985962 204.732086
185.926270 62.999271
307.270691 88.620186
329.130707 91.234741
291.544189 70.248306
-1.000000 -1.000000
274.362701 152.624603
194.537292 177.159927
158.104767 84.669815
369.015381 118.343147
223.414703 130.661133
304.294952 78.318367
159.338379 78.851700
228.194397 193.263748
277.616608 165.109985
-1.000000 -1.000000
213.933334 118.703773
204.993240 183.516190
-1.000000 -1.000000
257.748535 198.177841
-1.000000 -1.000000
-1.000000 -1.000000
204.135483 57.159771
287.296417 161.044647
130.011765 155.263992
-1.000000 -1.000000
111.018227 207.875244
-1.000000 -1.000000
