211.156235 218.059509
163.581818 207.657394
257.832886 264.201904
189.143600 252.095047
281.384033 226.810501
334.027191 272.160217
126.038948 249.897446
301.216858 271.256836
361.040527 200.170258
386.949341 131.173325
351.789764 223.429565
369.994629 177.641922
342.766632 247.991302
165.967651 122.418892
378.639740 153.458267
402.413086 126.352295
185.452271 211.289505
438.569366 208.320786
159.642227 160.537582
156.427277 145.832474
175.607407 97.262817
148.517868 170.036774
123.723732 239.430115
410.969452 147.506119
452.518311 242.464386
445.874634 226.239594
130.654373 283.962982
426.335358 182.994690
378.128448 170.924179
213.811752 249.747101
255.129761 225.423050
387.932770 147.510010
166.976761 240.237396
419.042236 165.693344
150.531036 184.667938
193.621567 298.182861
265.081238 378.950653
370.033264 194.578583
361.252777 217.646164
216.780167 375.678741
143.425903 207.008301
239.455826 306.938660
328.065155 209.956589
342.797485 264.223572
335.790771 294.490021
426.936554 322.780914
133.869583 338.487396
426.976562 179.594742
422.844330 412.559662
234.193588 251.689590
300.479218 364.626587
283.488037 260.549683
-1.000000 -1.000000
154.295578 339.642670
187.033539 351.495178
416.988068 149.560837
-1.000000 -1.000000
312.083038 162.764206
275.516937 361.255768
351.295502 241.665390
184.645172 442.555267
229.536758 360.756378
173.884506 346.181061
130.351944 214.313599
134.250443 230.473221
242.851501 330.232147
410.468811 268.073700
184.355652 388.752716
391.344543 272.270905
169.265213 138.275909
319.072510 369.096161
174.289734 116.488487
429.957336 329.146393
371.536926 377.939636
-1.000000 -1.000000
239.518890 420.770050
-1.000000 -1.000000
389.582489 283.695801
138.746185 191.489655
195.370941 322.921509
420.036896 368.633698
-1.000000 -1.000000
372.529877 276.848114
-1.000000 -1.000000
352.209686 386.849457
150.464661 432.843353
126.813545 430.230713
-1.000000 -1.000000
385.504852 379.864471
190.739426 414.567078
384.922729 229.966187
445.792694 280.023010
399.811768 335.336975
405.322174 226.901840
385.162048 428.657837
400.547150 217.914673
188.125778 363.377747
-1.000000 -1.000000
368.496002 288.509247
431.867218 388.436554
234.112885 372.815521
365.678650 395.477478
-1.000000 -1.000000
398.779999 386.811676
433.281403 204.381149
424.625488 433.456665
408.272278 280.405243
436.473145 290.464539
430.873657 186.292862
404.743927 370.237671
405.979004 298.946960
-1.000000 -1.000000
107.926559 267.318848
353.063507 300.856934
170.039490 438.311920
421.588715 223.653549
436.141357 361.417511
137.446686 372.128601
366.774689 356.691162
371.824127 306.570190
-1.000000 -1.000000
-1.000000 -1.000000
230.921310 398.593689
-1.000000 -1.000000
383.908508 220.266357
-1.000000 -1.000000
396.846619 182.989151
388.131470 198.833160
403.260498 192.049469
447.424957 240.625015
440.422394 222.561401
352.060974 401.946472
-1.000000 -1.000000
163.889664 390.293060
375.659302 252.243866
264.002502 97.216568
302.035004 227.175751
294.793121 358.509613
303.952515 425.937073
384.662994 394.312042
282.436890 422.915131
289.167023 329.554535
-1.000000 -1.000000
395.192047 329.560364
308.794281 334.205261
306.024506 109.442741
138.587509 307.893341
351.125946 433.056244
-1.000000 -1.000000
-1.000000 -1.000000
417.289948 385.703491
394.469025 247.969894
-1.000000 -1.000000
409.289612 180.103668
411.182220 244.715240
236.200134 232.785065
419.543610 396.608063
319.177063 361.624115
280.843323 397.540558
190.468521 374.442780
-1.000000 -1.000000
450.949829 288.876221
163.785873 249.916977
262.383789 392.880951
-1.000000 -1.000000
369.180939 403.858643
-1.000000 -1.000000
197.122223 343.785828
243.234863 352.579376
402.710785 395.310120
388.624817 331.941132
357.821198 429.281128
253.760391 252.599854
159.808685 313.438141
388.872162 348.412231
211.626663 259.992340
-1.000000 -1.000000
185.334625 241.913330
427.409424 379.176056
361.503479 336.908783
135.317856 398.884216
198.813004 309.099976
386.122131 417.241028
142.685089 294.893127
332.901245 316.402740
220.370804 229.335739
-1.000000 -1.000000
355.919922 351.801941
413.325714 439.715393
319.048645 108.947990
413.905396 240.750168
216.390793 301.459259
-1.000000 -1.000000
382.840912 284.301514
-1.000000 -1.000000
-1.000000 -1.000000
238.757141 385.229889
146.805664 425.651794
127.725655 383.249268
-1.000000 -1.000000
172.770996 337.485260
321.029602 224.804825
262.217255 308.868011
311.244446 247.131714
401.171783 281.049744
372.025818 255.619812
422.203430 275.426361
-1.000000 -1.000000
-1.000000 -1.000000
384.648132 423.219360
-1.000000 -1.000000
139.957260 332.332031
272.085907 406.002228
237.891769 443.603668
-1.000000 -1.000000
355.489410 339.917297
191.752563 436.127930
392.954651 217.993347
212.849716 326.800873
-1.000000 -1.000000
166.330795 300.292633
420.983612 346.146088
171.191574 429.515015
418.931732 325.330658
-1.000000 -1.000000
-1.000000 -1.000000
-1.000000 -1.000000
389.230927 326.999237
410.429016 213.490265
203.425491 419.232086
212.692200 389.297455
265.660828 333.279144
158.281097 405.874847
298.124207 261.590118
-1.000000 -1.000000
401.878021 208.644257
427.119934 303.135315
133.326355 237.706863
386.808960 210.939331
-1.000000 -1.000000
395.035034 235.588379
378.971405 403.492889
246.462524 315.066498
375.407471 331.795624
353.057373 428.108582
352.680450 338.113831
-1.000000 -1.000000
420.420380 322.558990
411.104706 396.760590
328.231079 215.902313
373.802856 239.273941
380.074036 306.026886
-1.000000 -1.000000
451.709747 266.025177
-1.000000 -1.000000
392.232697 250.653000
345.268646 413.378876
310.796539 319.107727
365.817139 238.692459
-1.000000 -1.000000
412.823730 298.454681
416.277832 347.770203
280.052582 270.762115
439.964661 346.357849
-1.000000 -1.000000
281.925629 315.269165
355.601105 415.671692
416.230591 414.964783
-1.000000 -1.000000
217.548523 346.986145
-1.000000 -1.000000
286.641266 76.085396
385.261719 331.568970
357.225189 333.058502
339.026672 318.295746
-1.000000 -1.000000
185.396576 95.714905
422.533966 169.927261
125.153122 260.996002
389.755798 423.622711
319.327576 237.262589
-1.000000 -1.000000
408.173615 322.088623
415.797394 419.227539
268.013184 99.597008
348.781464 368.281677
359.335663 397.249298
-1.000000 -1.000000
392.187775 387.712769
-1.000000 -1.000000
-1.000000 -1.000000
422.550751 379.721161
380.232391 424.078156
276.201477 369.399261
383.137421 355.704224
264.446716 356.382477
159.629929 135.457031
-1.000000 -1.000000
381.205261 449.324463
225.427246 324.969818
247.746353 436.100006
416.055634 413.489532
213.805740 437.933258
425.756256 232.813126
348.824402 431.476227
197.167984 107.247963
382.926910 191.408493
-1.000000 -1.000000
388.769928 317.100769
310.035217 230.526840
318.911499 410.029968
-1.000000 -1.000000
179.500092 318.842407
322.903534 65.665924
363.180786 384.839233
419.162079 440.086639
302.478729 128.203018
400.189178 177.077179
-1.000000 -1.000000
-1.000000 -1.000000
-1.000000 -1.000000
215.975342 362.023590
327.573822 293.420532
368.054840 437.232422
165.527374 225.769821
385.989044 179.796524
412.568451 326.266968
195.316071 90.802101
165.961563 146.548981
432.534424 420.517639
397.061096 375.493988
-1.000000 -1.000000
-1.000000 -1.000000
-1.000000 -1.000000
-1.000000 -1.000000
-1.000000 -1.000000
417.421661 416.358826
319.450073 142.317474
-1.000000 -1.000000
-1.000000 -1.000000
303.100922 250.542862
-1.000000 -1.000000
-1.000000 -1.000000
314.709320 121.067024
217.519485 396.103973
409.252777 230.526428
389.700714 234.892487
150.262543 158.830597
-1.000000 -1.000000
336.860748 243.968445
139.354233 384.530853
-1.000000 -1.000000
381.966949 374.224060
128.680511 438.956726
378.181122 338.288361
136.776016 249.545044
-1.000000 -1.000000
327.113678 269.894562
389.598083 337.282715
420.791321 325.742432
115.356987 235.231339
344.434296 339.120117
-1.000000 -1.000000
309.332764 255.033737
439.304169 197.449402
149.254105 142.196655
404.657715 337.179108
-1.000000 -1.000000
429.080292 365.216095
191.087112 106.444138
-1.000000 -1.000000
-1.000000 -1.000000
167.481018 94.507156
461.347504 266.520355
413.362366 454.336426
416.866852 176.183731
174.968918 124.699791
-1.000000 -1.000000
335.740631 259.029541
371.005798 344.317139
-1.000000 -1.000000
436.857391 329.397888
315.321075 399.634094
185.241150 398.606964
227.883408 427.661804
414.241425 248.598312
454.769653 235.591019
-1.000000 -1.000000
158.654388 168.792297
115.003967 267.346375
410.436401 423.543610
320.622681 124.882927
133.278427 347.171021
376.465393 430.570831
158.760117 119.111763
263.194275 363.823944
363.759399 321.143494
-1.000000 -1.000000
353.839081 211.971100
364.433350 170.209579
363.667053 190.581528
408.137573 353.943848
460.688934 238.027084
-1.000000 -1.000000
428.147461 401.396454
-1.000000 -1.000000
229.856857 350.783752
326.773621 241.696838
357.971069 227.964310
141.201508 165.889053
124.707336 227.263550
357.696014 346.771759
-1.000000 -1.000000
-1.000000 -1.000000
367.032867 204.604065
-1.000000 -1.000000
269.737305 426.138702
418.978546 310.293793
404.981537 442.857635
258.339478 99.637001
281.396057 100.562309
262.149780 223.829956
386.271881 159.420456
336.775177 239.577179
383.902008 325.610596
-1.000000 -1.000000
385.941345 425.410919
322.715149 110.683434
348.862213 251.753036
-1.000000 -1.000000
