-1.000000 -1.000000
-1.000000 -1.000000
-1.000000 -1.000000
264.435394 273.800385
-1.000000 -1.000000
357.592957 140.765640
258.293610 258.076721
279.610931 276.948883
-1.000000 -1.000000
-1.000000 -1.000000
-1.000000 -1.000000
-1.000000 -1.000000
292.096069 309.040039
-1.000000 -1.000000
306.852417 314.944458
-1.000000 -1.000000
372.039154 438.995575
355.813507 125.545761
321.864594 324.282898
264.579102 289.650269
248.883789 273.493103
-1.000000 -1.000000
295.030334 279.204407
186.072021 245.730682
288.396393 294.620514
442.751770 407.028290
280.183289 261.219757
172.289200 306.822205
342.723633 140.148819
257.877777 242.218475
423.569122 409.234344
376.793701 368.677643
-1.000000 -1.000000
159.540909 242.576477
359.294037 156.303467
421.081055 328.790863
291.339661 323.454254
400.122467 331.750885
362.599243 369.944092
466.607300 370.656403
169.763687 291.904388
186.039948 229.937134
445.478699 291.802612
242.969116 258.026062
460.868195 291.442780
224.162033 262.073425
340.997772 125.138885
392.050842 359.550232
232.395660 370.596924
306.437500 329.633026
157.236328 306.991852
457.671814 400.511627
157.503540 226.947189
451.370331 377.629639
277.008392 308.765289
436.367188 320.580597
260.398499 379.598907
190.176178 261.119110
206.371246 255.847260
169.082520 277.813721
233.603027 355.917297
412.771454 433.113800
154.741409 291.985474
234.693283 337.454926
153.581253 277.485870
295.591125 263.490906
442.887360 392.335510
441.121460 306.372925
206.500809 240.159256
408.695465 411.675690
466.340515 385.530396
323.477417 339.278656
-1.000000 -1.000000
348.612518 369.332031
220.306335 333.339233
221.737457 246.294250
-1.000000 -1.000000
307.282318 300.568512
258.614532 406.035980
377.252502 354.077240
427.530396 394.364075
159.660004 257.994141
260.733002 364.243805
210.661987 370.619965
385.137726 338.320435
438.031586 421.656250
344.296661 155.629822
414.551361 343.090637
275.727509 383.706360
368.411987 384.750183
421.545441 314.147095
459.850281 306.303314
327.412964 302.217010
397.695221 432.396484
234.259125 278.349945
248.743561 289.120453
218.464447 355.980133
178.803009 321.880249
175.288742 263.508362
291.390961 363.628235
260.833740 347.390381
358.819183 110.547592
430.707977 291.287872
374.288391 400.471130
357.849243 355.050995
403.018494 317.153625
354.049805 384.001740
139.645874 269.621124
275.725037 368.035431
419.954468 364.887634
293.305267 241.456009
205.201065 332.564514
338.451843 341.529663
290.463806 386.932709
289.590302 402.152496
159.843216 211.570496
468.597382 355.457458
463.483307 321.666351
202.531509 356.077484
275.235016 244.836685
208.339981 271.167969
255.966705 429.486664
274.097076 405.083649
391.233429 374.716553
446.563812 276.981995
462.716125 277.062042
231.909653 385.499786
355.614014 334.066223
383.186768 430.849609
144.470871 242.709976
360.643219 399.383209
372.978088 141.658615
323.296021 354.537476
289.692017 337.920044
451.771149 362.823639
308.289856 239.665527
180.306259 214.485306
436.382935 376.806305
-1.000000 -1.000000
275.546692 322.940430
137.508926 284.763580
351.004059 170.586655
435.653748 335.522125
327.259155 152.351059
306.682037 224.190323
457.061646 415.269043
242.027512 242.117081
240.930313 429.629120
385.633179 323.363800
467.136871 337.947418
208.961029 385.477753
401.389862 302.928253
337.233978 212.695358
337.746094 197.402634
193.430099 371.482849
413.141205 393.812286
242.905151 406.889648
142.361969 307.464996
335.821014 227.469498
344.226166 110.112152
218.597687 400.660858
262.285736 304.078796
371.035095 126.283211
400.911743 287.878387
201.838760 224.661072
454.885803 184.809708
335.180573 183.315384
322.158112 212.168091
331.003174 254.467941
445.395477 252.108658
366.459900 299.701904
-1.000000 -1.000000
224.944992 429.935089
325.607574 137.195557
322.822815 196.874847
345.648895 399.316772
249.438065 331.354095
363.740875 283.841553
310.576233 268.855377
186.079651 278.317352
331.487000 268.990845
307.943848 344.544800
288.029175 418.341125
272.322784 429.530579
369.868256 339.589447
440.296631 180.147919
443.129730 228.023972
328.877045 167.679337
329.912262 284.973206
307.000244 209.805527
221.743546 230.453064
233.788361 293.033234
310.005035 283.910004
353.641205 185.759033
163.645493 322.041565
-1.000000 -1.000000
374.334351 157.479691
387.598206 403.823669
222.369583 317.811798
370.310089 416.175293
453.211884 336.004517
389.338287 151.729462
339.275513 384.428131
258.651428 227.234344
385.354919 174.382172
320.165466 182.758698
188.940277 307.157990
363.162109 315.766022
410.990356 260.466492
380.369324 305.228149
337.189453 325.651031
450.975281 435.519226
455.328522 169.753754
304.023254 406.669983
-1.000000 -1.000000
345.646179 288.330231
426.120361 260.933411
459.123047 262.607605
353.354248 200.139236
415.636108 288.781128
457.936218 218.062973
427.891541 350.626770
186.077042 356.738098
469.818451 189.708267
142.484421 227.187332
441.876740 213.209656
192.838516 386.056793
398.837494 182.104767
401.754211 243.677979
365.911102 267.154327
305.731903 386.667267
313.944305 167.090286
184.821289 87.228043
459.660309 247.644119
124.641258 266.052856
440.342987 196.662994
374.500641 111.209991
396.376953 259.050720
417.046661 245.288406
353.112976 215.498901
402.972015 152.560211
349.563965 304.003662
206.903091 316.807098
431.368988 246.009796
470.417175 174.671890
169.755112 87.159424
201.355270 400.432861
392.687622 136.640778
312.342377 152.624588
346.491333 244.133987
387.125183 242.982895
365.712036 172.959015
278.613281 229.733414
440.450928 165.001038
218.243179 286.956512
387.157501 291.193756
129.020538 251.012451
171.511566 131.108932
156.306229 131.051971
144.699203 211.983734
187.887772 342.472687
304.688354 194.621841
177.013901 370.704437
154.076370 97.675156
302.890137 422.603424
237.102173 316.356934
413.367371 188.132690
395.987579 203.182495
187.055939 292.438110
363.243073 253.322388
181.415649 102.723892
406.435822 137.624390
208.436798 430.580292
159.590103 158.197281
186.955734 72.478149
347.158112 258.608612
325.961334 122.087936
368.932495 196.331802
174.674911 158.191360
427.292847 211.755646
420.373047 229.298096
414.580566 172.527237
216.512833 301.976135
381.586670 257.806305
144.255219 156.941940
387.338867 275.769501
166.179108 113.316818
177.310516 386.769989
171.866776 72.394287
362.609589 238.213699
323.947205 369.852936
396.450500 221.785904
160.188431 172.993835
150.582367 114.354576
186.976471 130.974274
170.011490 355.764954
154.288132 82.525978
394.980896 121.447990
127.089523 235.745010
323.365814 389.618713
355.812500 415.050049
144.947525 172.697052
412.456116 210.745346
175.525452 173.228500
369.144165 213.790771
-1.000000 -1.000000
310.811493 136.598526
338.511108 414.240540
124.073532 281.658539
322.127136 403.790405
418.377380 154.403931
408.230499 122.303955
140.553665 141.264557
160.242706 197.794601
172.101257 340.876740
263.730896 102.753723
156.636856 67.357697
318.267181 426.434174
382.680176 189.975464
281.400574 135.126938
382.316711 223.246201
-1.000000 -1.000000
186.107239 400.696960
-1.000000 -1.000000
278.847046 110.402786
266.197998 135.076538
145.186935 197.928757
192.382980 429.468506
291.719635 215.379105
263.336578 117.406616
422.039368 139.215912
200.801620 87.440147
382.454498 204.641785
-1.000000 -1.000000
247.450302 111.762527
197.239151 102.454590
311.054504 121.574829
437.269714 150.574280
128.457382 300.596954
176.787048 199.614990
297.993286 171.498154
249.739502 132.827240
203.020599 72.412537
149.159134 323.773132
455.342926 154.644547
127.258995 220.182449
280.192596 95.460136
186.323669 57.102966
297.359467 154.906387
161.982635 370.712616
282.239044 154.331329
129.486633 199.221283
195.832535 209.692581
293.762573 118.812065
191.036041 146.401535
281.771057 171.905609
288.446167 200.133713
267.083160 154.214127
266.498962 170.658691
-1.000000 -1.000000
362.726410 94.697327
113.429420 250.758667
347.532745 94.682426
162.382156 386.767731
311.810150 105.784088
129.012238 182.966370
-1.000000 -1.000000
294.711029 104.037468
289.241577 186.720230
277.053162 214.797760
423.440735 124.004326
274.999603 186.003998
247.254868 96.399429
171.279846 401.266022
392.092255 107.198853
156.857254 340.473846
114.463715 297.969299
201.940857 57.106274
134.600769 126.539070
263.552032 88.152313
128.316772 167.658127
438.976318 134.549500
154.830475 355.202240
242.797791 227.008301
405.169830 108.222420
109.244225 266.318634
177.827805 417.806030
217.426697 215.212601
192.096985 161.020966
231.412430 98.547386
247.613510 81.766548
263.420746 73.915543
109.355530 283.109283
230.950287 75.654335
247.086594 65.274368
111.508362 235.918121
258.979034 184.573029
138.503220 99.407181
224.967087 58.840725
216.966537 87.826180
131.331589 329.440887
415.509003 108.887100
274.193970 199.873169
171.285995 52.007771
284.279968 81.025482
298.295868 89.793114
264.271027 55.011524
454.998383 140.003082
231.947693 114.096611
192.641891 175.567780
139.062103 83.536499
330.754883 106.034134
218.480698 102.045357
283.029419 64.565399
141.331985 66.495216
218.386932 189.645782
235.289276 123.193916
-1.000000 -1.000000
203.887497 113.506317
198.166977 187.354050
-1.000000 -1.000000
250.613739 195.140564
-1.000000 -1.000000
-1.000000 -1.000000
191.514023 40.902348
249.540283 147.879318
124.238876 152.833145
-1.000000 -1.000000
111.443298 220.711777
-1.000000 -1.000000
