201.809784 242.233719
164.142654 228.113693
246.447662 282.073334
191.431381 262.824463
255.889740 259.478912
303.051514 307.575806
143.041245 260.364166
282.905121 295.335083
318.196808 222.874847
333.466431 137.446945
312.488770 250.739075
323.932434 195.030701
307.713135 279.692535
165.444763 111.468658
328.740509 166.228775
356.923431 119.328224
181.035370 231.594513
423.536438 155.251007
165.545563 152.897079
159.706390 139.503952
170.187744 82.456413
155.031891 167.349670
139.118301 250.018143
365.938507 130.902359
456.147644 172.051453
440.050964 163.277374
154.910767 290.835693
399.419342 146.660919
333.048035 183.573578
210.614075 263.758423
236.134537 250.928452
338.777649 155.661194
173.281860 249.751389
382.507721 138.805725
158.978836 181.855743
205.576462 311.444427
277.111298 388.117310
328.196808 212.296219
322.530640 240.247391
241.350006 378.933716
154.284164 209.523422
242.191162 324.591705
298.008820 220.817078
311.891083 296.920197
308.826233 324.303772
448.744080 252.771957
173.771851 336.825928
406.837860 133.525986
471.201294 327.296112
227.389130 268.007202
301.266357 381.483551
265.790924 282.203888
271.135223 445.217560
189.188400 340.141144
213.692856 355.236450
375.631744 127.475349
-1.000000 -1.000000
282.748108 162.276367
282.718140 375.466949
316.741180 269.052612
237.789719 432.040131
247.026779 368.594635
203.143906 347.768250
142.599396 220.714401
148.653717 236.356781
251.769760 341.846313
407.608032 223.825256
225.447998 387.887390
381.582184 246.595291
172.171906 126.936172
315.294586 387.149597
173.587311 100.807304
458.196930 268.966187
380.340668 362.724091
312.113800 448.204590
276.022308 417.551117
440.158539 385.395325
378.652740 262.993347
148.300949 193.897308
215.082672 329.721619
443.909271 305.950928
-1.000000 -1.000000
356.395905 270.189423
397.002869 426.298157
355.491486 386.432220
213.400162 417.860687
195.807541 412.659424
468.114563 383.368195
399.661774 346.627960
239.228699 406.545563
359.221191 226.466888
457.484161 198.977066
416.007477 307.917755
385.225952 203.852661
426.383820 392.746124
373.659973 197.783569
217.270889 366.067444
423.887024 423.705322
352.605804 286.699982
474.981476 305.050415
253.891205 380.079468
378.783997 377.190277
404.230194 454.933472
422.914642 337.250336
413.842255 156.815079
480.449585 346.624756
404.629242 240.333939
452.749725 221.443085
408.609619 143.419815
424.513763 322.960785
408.569641 261.506927
240.433212 442.952393
129.401230 278.976654
327.662476 326.766144
227.306870 424.610413
408.786194 184.174744
468.901062 283.290924
186.510406 366.702362
372.839020 348.835114
364.394836 301.343658
447.487885 415.362885
404.663086 440.628265
262.085358 402.194916
449.004150 399.920349
352.716736 215.552689
-1.000000 -1.000000
358.192139 178.066498
353.918610 189.683014
374.776001 170.819138
446.633453 173.610947
430.305176 165.691574
361.009369 397.987305
429.270203 435.209045
213.693481 384.436340
354.078552 248.438126
244.133575 81.740425
269.019592 261.770660
294.021484 371.473114
325.525330 432.707489
405.251801 358.288239
308.881622 426.654022
284.732574 347.827911
-1.000000 -1.000000
405.673279 290.369598
302.300995 355.939606
262.383209 116.912605
172.300613 312.228485
375.527649 420.615021
210.818558 442.543823
473.245728 395.596436
449.343933 318.494446
379.254242 224.683182
-1.000000 -1.000000
377.920258 160.107224
398.156586 208.807800
225.769821 253.985092
464.405670 317.105865
312.588837 377.507385
298.702087 407.249359
224.816452 376.976959
-1.000000 -1.000000
467.968445 205.245926
173.659088 259.673523
280.412750 398.465302
336.804138 454.250122
388.448181 383.811066
454.037720 444.952026
223.654129 349.482574
259.409698 362.582520
432.619324 344.042450
395.540283 302.050385
384.631592 406.930328
241.012527 270.259888
189.186768 319.570923
403.037292 318.395477
211.338852 273.841583
-1.000000 -1.000000
185.933792 250.956238
465.181519 299.673950
361.502991 330.135864
196.629898 388.154785
214.318344 318.480530
423.080597 361.833130
170.771881 301.526001
313.410217 343.844879
212.316208 248.798080
-1.000000 -1.000000
357.973389 357.395294
461.422028 362.952942
273.846130 113.213043
404.389984 198.629105
224.030396 316.910065
248.753204 453.863739
368.919647 272.956055
83.402740 416.190613
391.195618 218.793106
262.580475 391.294098
206.312286 406.833008
183.412292 377.988892
365.036987 242.469360
199.537796 335.983154
292.585236 241.970596
260.499634 329.994110
286.676025 271.974976
393.842590 250.397430
348.824371 258.317627
420.203400 227.560028
444.276001 447.592255
479.535034 186.464569
418.786896 378.501434
456.955475 420.446381
178.079590 327.089569
295.572174 417.333374
282.537537 440.303009
-1.000000 -1.000000
351.223450 343.045715
247.822327 428.289459
363.450165 206.555328
226.004822 334.071198
207.567703 452.533997
189.310425 308.947205
447.344818 279.530151
223.800034 412.744446
432.846375 265.948547
109.297745 361.444183
61.934479 319.084991
380.061462 435.866821
395.729126 291.736450
385.291931 187.553192
249.970490 411.610931
242.566345 389.816406
264.473724 343.557129
214.317932 396.487122
275.880096 285.189209
-1.000000 -1.000000
374.328125 188.175659
444.316193 239.471634
149.556641 246.033066
353.308319 206.110855
156.626724 407.672119
378.648254 214.526672
402.789215 368.887939
250.755280 330.563873
372.562836 318.114380
374.816315 410.256714
341.559570 344.138275
-1.000000 -1.000000
439.061676 255.044250
446.030579 330.047150
298.834930 230.929886
353.688446 237.305450
374.852997 290.775696
469.837280 406.644440
461.704529 188.590271
372.317657 445.224915
375.038696 234.782990
358.763184 409.691589
298.552277 345.037781
336.897949 247.510376
460.193970 237.542755
419.007050 250.808853
437.649170 285.076416
265.100891 292.103546
468.180908 270.150848
434.587952 449.033936
275.858795 338.728424
378.952362 396.663483
457.393982 338.296051
482.853241 418.917847
234.247879 352.209930
481.224213 453.119385
255.203461 66.116501
385.693024 305.450623
350.572357 326.104431
325.225037 336.338043
424.865936 446.381439
180.931137 77.422699
391.546387 136.918152
140.852539 270.845612
430.545990 372.341827
292.978546 259.841400
-1.000000 -1.000000
415.877594 277.326324
463.338165 352.476013
255.601486 87.272446
349.014557 372.586090
370.006958 387.366364
449.482422 430.935699
414.180176 346.587982
438.613953 424.413361
-1.000000 -1.000000
453.468262 308.757538
409.394684 382.173218
286.767456 384.430573
393.347015 325.723755
270.880493 365.333984
161.819290 125.185028
482.007629 384.843445
418.396149 402.607788
236.385788 336.862030
284.988739 428.151367
459.331390 328.637634
258.300140 429.079559
414.263702 195.872177
365.974487 421.934113
206.019775 79.045753
344.453674 193.278076
36.113068 370.793854
396.018494 281.571533
279.615479 260.278564
327.772430 422.205780
483.025299 405.272736
199.709412 323.839264
271.619141 64.446083
369.208954 376.247131
473.405060 356.180328
264.159149 131.116592
365.510956 163.888000
260.313477 445.527191
111.177322 371.998718
393.593811 453.120483
235.862839 368.368835
297.805084 323.038910
395.671204 409.540405
170.128082 239.063095
344.632629 182.556656
423.485413 268.235535
192.627350 60.861141
170.213745 136.115646
483.482849 329.066437
413.354095 335.515015
483.725861 375.104614
386.964050 426.249786
86.188065 426.593231
438.321350 295.383362
441.004059 364.302979
466.553223 339.665619
288.416321 141.630508
-1.000000 -1.000000
354.762238 128.755692
276.734222 275.398621
295.008362 442.949982
436.862030 413.392426
275.244141 126.658295
251.500290 400.134338
394.413086 198.981888
368.357849 223.828674
155.057953 152.416641
464.496277 438.794678
297.264954 275.450317
195.909912 377.586578
39.739590 381.238647
394.133789 336.280548
199.453217 421.828979
383.331665 315.398865
153.438507 259.715607
418.298676 413.026703
293.112701 305.792175
406.165527 308.215454
442.715363 265.360077
128.977127 246.989792
340.264252 356.189636
-1.000000 -1.000000
286.209564 283.626404
418.722260 145.012863
149.452133 135.335587
415.444641 291.964355
-1.000000 -1.000000
455.752228 295.673187
191.529678 81.796875
234.397095 279.496185
-1.000000 -1.000000
159.938599 78.571846
467.272369 179.237518
462.314362 373.322479
381.103149 148.463623
175.826019 110.198685
-1.000000 -1.000000
300.635529 293.040192
371.177368 331.769196
158.260864 418.202759
459.922028 251.371826
322.179901 412.179474
230.132828 398.463196
268.726257 427.293732
408.272247 209.835968
449.959717 161.422256
478.089539 430.482971
165.714828 162.409607
138.817429 280.611389
452.410187 350.634308
284.880371 123.978966
174.983047 345.763153
408.131500 392.402222
155.118866 107.520554
272.305817 376.860626
359.873596 315.511871
397.293793 156.582306
307.932678 218.658340
313.148834 191.554749
317.349396 208.486099
425.631317 310.489990
459.338562 162.156052
322.888458 130.708511
474.576660 316.509430
260.108185 414.978638
245.310852 361.012421
302.237518 245.918900
325.691833 250.606201
144.734253 163.272629
138.151962 233.566879
363.260620 347.910828
439.271393 437.612213
364.499207 140.143097
330.445190 222.681412
364.151764 432.304688
298.088928 427.372406
434.199463 244.635757
450.162140 387.268616
235.441757 85.498718
265.555145 87.360863
245.414108 254.098709
343.002930 164.994553
305.711823 262.570068
386.006897 295.242554
397.951691 229.086304
428.095306 382.712189
283.868011 113.408066
320.618286 279.224640
327.936890 151.234711
