-1.000000 -1.000000
-1.000000 -1.000000
-1.000000 -1.000000
274.997040 268.949249
-1.000000 -1.000000
391.414368 156.864685
269.005005 252.273331
291.752441 272.445709
-1.000000 -1.000000
-1.000000 -1.000000
-1.000000 -1.000000
-1.000000 -1.000000
305.167114 307.099915
-1.000000 -1.000000
319.447601 313.626251
-1.000000 -1.000000
-1.000000 -1.000000
390.785675 142.445618
332.449860 324.347198
274.348358 285.206238
258.288757 267.888062
-1.000000 -1.000000
310.917175 274.998444
190.280243 237.905228
301.734070 291.596649
-1.000000 -1.000000
294.110962 257.046417
158.584274 297.694916
378.968964 153.503723
269.749298 236.536514
-1.000000 -1.000000
368.995941 388.025482
-1.000000 -1.000000
161.161194 232.708282
392.426117 172.173294
411.943695 366.023529
303.363983 323.638153
394.878815 364.060272
357.374023 386.081116
441.716583 429.252289
158.140244 282.992615
190.627319 220.249359
438.778320 341.659485
252.637421 251.202454
450.354462 344.244324
230.924606 255.392075
378.313385 139.620941
385.327148 386.377625
218.253799 372.465424
316.223145 329.804169
143.854919 297.900269
-1.000000 -1.000000
160.257416 216.306686
427.051483 429.723999
287.112518 306.645477
428.386414 365.009033
251.064728 382.330841
194.308807 255.462097
211.309158 248.199036
161.848267 269.571899
220.823669 357.254669
-1.000000 -1.000000
143.550583 283.217560
226.096649 333.212616
147.068207 268.972351
312.251007 261.400330
416.812073 438.586182
434.361206 354.067505
212.013733 230.795761
-1.000000 -1.000000
-1.000000 -1.000000
328.056763 339.239868
-1.000000 -1.000000
343.326904 384.584991
210.959808 328.181274
228.620087 237.237930
-1.000000 -1.000000
321.104858 297.891846
242.116684 410.760040
370.457458 374.463104
403.349701 435.833771
160.655548 250.263779
252.338120 365.623871
194.408600 372.439423
380.146027 365.124054
-1.000000 -1.000000
380.110291 166.811203
405.909302 379.741699
267.886444 386.669373
361.366180 402.868469
413.551910 352.558624
448.554596 360.531433
341.082611 302.550171
-1.000000 -1.000000
242.222687 273.977356
257.903107 285.140106
204.363266 357.041626
162.428619 312.743927
177.688889 257.965942
285.854706 361.432739
254.141434 344.326080
392.029846 127.076637
425.664520 335.878906
362.796783 419.040497
354.334869 368.428223
397.515015 348.991333
347.216522 401.018555
135.639542 261.666687
269.059845 370.166626
404.613953 401.514465
312.460999 239.107620
194.363495 328.787720
339.615356 343.852936
284.062225 389.408264
279.090607 406.725128
164.034210 201.072357
443.481995 414.503204
448.003693 375.753296
185.649918 357.259949
291.644836 240.326584
213.068893 265.508484
223.440887 438.374207
259.601105 410.113403
382.097626 399.863220
439.820038 326.583557
452.599762 329.847168
215.584320 388.208130
355.776184 344.349182
-1.000000 -1.000000
145.768326 233.381332
351.104767 417.502045
401.863190 160.513000
320.963867 354.345581
296.287109 337.079834
429.626099 413.616272
328.693237 242.536209
185.017227 203.682297
411.975983 419.343597
-1.000000 -1.000000
280.537323 321.098724
127.713654 275.935425
385.302460 179.311264
425.255371 378.715912
364.411926 162.412704
330.885956 225.981598
-1.000000 -1.000000
251.899796 234.102203
207.176010 438.677216
381.710663 347.352570
444.069244 396.278412
186.397812 386.244629
397.301483 333.658936
363.762695 219.206619
367.545593 203.258331
168.796783 373.986115
392.662964 430.591949
217.136642 406.570374
129.052460 299.294586
360.656342 230.247711
379.079315 125.410110
190.226364 402.477692
269.127838 300.813019
401.643066 145.198151
400.069183 317.249664
207.923660 215.042221
462.519867 226.606628
367.098999 191.719131
348.416046 217.963730
350.680023 257.270660
442.084351 300.870209
369.724121 314.298492
-1.000000 -1.000000
188.724838 438.707764
363.927429 147.851562
353.134338 201.531708
336.440674 415.097137
244.614944 326.478058
372.073090 298.833649
326.823761 269.710724
190.083542 274.774231
347.846588 275.456482
310.827576 343.118683
266.596191 422.597565
245.698730 435.704346
364.537842 356.586700
450.838898 220.523636
445.919800 273.176666
365.092438 172.966507
344.006439 289.138184
333.707245 214.079422
230.343323 220.939072
239.313873 289.432892
326.006561 280.144745
384.844330 196.499100
148.139954 314.409607
-1.000000 -1.000000
400.834717 177.602493
368.498322 425.688354
215.840500 311.782440
351.774963 436.334564
437.963745 387.571869
412.775513 175.136322
332.760193 398.685211
275.471924 223.836334
407.686890 199.201355
352.313049 190.732819
178.615860 299.261322
362.307648 328.930847
414.070404 294.865814
379.952454 325.425232
343.415771 327.704468
-1.000000 -1.000000
463.809204 210.180511
292.576599 411.621338
-1.000000 -1.000000
355.512878 297.767761
426.113586 300.726227
451.283386 313.473419
381.229675 210.390594
410.534912 321.986176
458.509918 267.069489
413.820984 391.881409
163.080399 357.970123
-1.000000 -1.000000
144.672333 218.426025
447.779449 260.340607
162.059525 386.853699
418.769043 212.892776
411.948822 275.079071
377.306030 286.981873
302.206726 389.328613
349.288300 172.310013
202.912537 91.149361
454.314819 297.464783
121.734665 257.988708
449.224609 243.008896
406.778748 128.683197
402.794525 287.806152
424.980164 280.813354
378.830353 223.850998
428.193207 186.033478
356.594269 311.124603
199.060165 310.135437
434.341431 287.787964
-1.000000 -1.000000
188.311584 90.499573
166.001266 404.682129
417.354187 158.713348
347.058228 162.813354
366.521210 251.339325
399.367889 271.995148
394.573914 188.242599
296.780060 227.040390
454.127960 205.665344
221.494080 282.656036
389.991882 314.557159
127.735802 242.684891
185.201019 130.234802
170.148514 130.288406
148.115280 204.260300
167.932724 344.016449
335.400482 198.118088
150.360565 372.318848
172.584076 99.844093
282.246643 426.848022
235.036896 311.711182
429.706970 224.119019
412.596436 228.532486
183.243759 286.534912
374.917389 270.020203
198.896378 104.092255
431.788116 168.327057
-1.000000 -1.000000
169.837662 155.791565
206.227737 78.180824
362.007996 268.898956
364.908569 134.063278
393.285950 211.242340
184.908340 155.794174
440.266296 252.790833
432.525269 266.150391
433.573975 209.653992
211.449554 295.581055
393.005646 281.694275
154.658234 154.860535
393.739624 299.942474
183.306274 111.646149
145.670746 389.137329
191.761475 77.490021
375.827728 251.231766
318.883606 370.144012
410.675903 249.673203
168.885422 169.681976
168.016983 113.067360
200.958542 130.001953
147.017105 357.023071
174.826828 84.782501
426.179718 147.406860
126.422745 228.250854
317.062134 394.540161
339.145691 430.783234
153.459824 168.852859
427.586090 240.407822
184.272018 170.222504
388.961304 227.667236
-1.000000 -1.000000
341.252533 151.249741
323.410217 422.655762
116.340485 271.864410
313.000885 409.175629
439.555695 192.287369
434.132965 149.078979
153.627502 139.097672
165.928207 189.362228
152.370178 340.404938
295.999146 110.115845
177.828201 71.563820
298.493622 429.949219
407.489105 210.796997
311.639191 140.073654
395.245728 244.564102
-1.000000 -1.000000
151.286148 407.162842
-1.000000 -1.000000
311.054993 117.031792
297.145050 140.086334
150.245056 190.882874
150.142014 438.660461
310.021851 220.137161
296.094147 124.640915
444.921600 175.649567
217.010498 92.879166
402.976837 225.093536
-1.000000 -1.000000
281.274353 120.410034
213.481400 104.464798
344.153473 142.320541
457.355988 193.609055
117.056015 291.154297
182.384750 190.147461
324.855865 173.548386
283.488373 141.037857
219.918991 78.897713
133.408707 323.798950
469.594818 199.401794
129.350021 212.080261
310.439667 101.939819
204.689484 63.863323
324.422638 156.465378
135.550201 377.200684
310.374573 154.820053
134.094009 194.022552
202.225143 199.807983
324.373383 125.681602
203.509079 143.136093
307.982330 172.056030
307.574005 207.988510
295.841278 155.157242
293.537964 171.522049
-1.000000 -1.000000
397.373444 112.201080
112.426109 242.824295
383.344543 112.072960
131.521378 412.355682
344.569336 129.212219
136.018707 179.493515
-1.000000 -1.000000
325.461456 110.104988
313.483398 188.233200
294.799927 219.554276
443.663239 153.228119
298.698700 186.998932
277.711426 107.497765
136.336472 414.630646
429.001862 131.502670
137.508911 343.805817
109.286896 291.055969
218.945786 64.004364
147.802261 127.750618
291.568329 96.205910
137.295319 163.764847
462.513184 175.789612
132.398819 363.329712
251.944229 218.026459
442.117126 142.207550
107.635582 258.715881
138.430206 426.570496
227.076889 206.229706
201.378204 159.276993
259.941681 115.362595
275.580444 93.555611
290.298553 85.245323
106.410889 275.724121
259.908691 90.134872
275.829651 77.785927
110.887154 229.369232
282.698364 184.297150
156.029037 102.482498
250.207352 79.977684
230.868637 100.184654
-1.000000 -1.000000
443.339966 140.800156
288.689209 211.227661
190.208481 58.543484
306.562073 90.462738
324.771881 94.597206
292.269165 69.568573
-1.000000 -1.000000
270.205017 147.297150
198.266602 175.594833
162.016327 81.506851
361.284607 123.360382
228.647018 125.465004
305.890503 78.570724
163.264923 75.407112
225.894348 198.968674
274.399994 165.181183
-1.000000 -1.000000
218.359009 114.924286
204.006866 186.705093
-1.000000 -1.000000
253.704437 204.654739
-1.000000 -1.000000
-1.000000 -1.000000
209.930481 52.285648
284.026245 162.064606
134.355148 154.279221
-1.000000 -1.000000
115.564331 208.637451
-1.000000 -1.000000
