201.948975 242.011063
164.167435 227.894165
246.653671 282.111328
191.530838 262.868500
256.216675 259.258636
303.394409 307.522858
142.911285 260.340576
283.193451 295.413605
318.830933 222.880981
334.530090 137.545914
313.067047 250.689392
324.783813 195.088654
308.158173 279.625031
165.827133 111.489143
329.710388 166.305435
358.110168 119.594688
181.135223 231.445816
424.321259 156.312210
165.827606 153.005127
160.019836 139.513367
170.733826 82.528435
155.252136 167.361588
138.980164 249.962234
367.058716 131.296432
456.651154 173.430908
440.754730 164.465149
154.613968 290.860901
400.311493 147.410004
333.892487 183.696152
210.747955 263.790771
236.446472 250.832291
339.757782 155.827866
173.306808 249.761581
383.638275 139.395142
159.160065 181.894653
205.403046 311.468445
276.776733 388.398102
328.882294 212.348816
323.088318 240.322754
240.921173 379.248413
154.339432 209.559525
242.128571 324.635315
298.653198 220.867935
312.148193 296.885468
309.077881 324.390533
448.865356 254.275223
173.148071 337.109100
407.442505 134.606125
470.859894 329.087097
227.607300 268.044067
301.100708 381.792389
266.043549 282.258728
270.244354 445.827759
188.657547 340.406403
213.205811 355.528381
376.757233 127.947517
-1.000000 -1.000000
283.524597 162.536102
282.475128 375.690613
317.189758 269.100464
236.828033 432.681091
246.666290 368.842285
202.696579 348.066406
142.559753 220.619873
148.593613 236.330872
251.535904 342.046875
407.993530 224.817383
224.710342 388.260559
381.987396 247.397064
172.533432 126.986755
315.141815 387.427795
174.095154 100.933319
458.198578 270.516113
380.160248 363.460358
311.329498 448.769135
275.263336 418.139954
439.605743 386.823120
379.063751 263.592743
148.389679 193.832458
214.790787 329.877289
443.823273 307.238586
-1.000000 -1.000000
356.749969 270.635254
396.402130 427.386627
355.321167 386.932953
212.335739 418.458679
194.730789 413.269470
467.561005 385.174286
399.512329 347.552429
238.331970 407.086761
359.846954 226.987091
457.904999 200.525269
415.923401 309.047211
385.891449 204.608200
425.863098 394.119232
374.368500 198.384048
216.728745 366.354004
423.222595 425.000732
352.939178 287.135071
474.697357 306.823425
253.529968 380.349976
378.506378 377.989014
-1.000000 -1.000000
422.677917 338.450836
414.608246 157.744064
479.881165 348.409698
404.991455 241.219849
452.978851 222.838852
409.223022 144.460739
424.368805 324.179321
408.809570 262.571136
239.436218 443.583923
129.119446 278.867859
327.894318 326.963043
226.362671 425.268616
409.359314 185.185257
468.828552 284.920197
185.723160 367.012146
372.688293 349.557648
364.548645 301.979736
446.792023 416.880310
404.038086 441.686432
261.478943 402.619080
448.380096 401.436310
353.511230 215.884033
-1.000000 -1.000000
359.025452 178.462769
354.704926 190.042755
375.572662 171.371445
447.268982 174.919113
431.011383 166.800400
360.735229 398.549713
428.549133 436.557159
212.973297 384.930389
354.559784 248.951050
244.845505 81.857353
269.569122 261.563477
293.943665 371.826233
324.974854 433.225952
405.013977 359.345581
308.247894 427.176971
284.723846 348.028748
-1.000000 -1.000000
405.787323 291.414642
302.207825 356.139038
263.350403 116.807060
171.741180 312.279419
374.978180 421.511963
209.506256 443.147461
472.555878 397.470917
449.203918 319.943329
379.774139 225.399429
-1.000000 -1.000000
378.692627 160.773758
398.633209 209.780991
225.967804 253.872375
464.064667 318.808594
312.525879 377.790344
298.198944 407.662689
224.237122 377.281616
-1.000000 -1.000000
468.226379 206.826233
173.619492 259.704102
279.994598 398.908997
336.262726 454.915283
388.118439 384.750824
453.111481 446.665436
223.169174 349.747559
259.071350 362.844757
432.313812 345.368439
395.527740 303.072388
384.131195 407.840576
241.276550 270.323120
188.740265 319.651520
403.031616 319.451202
211.396332 273.872101
-1.000000 -1.000000
186.059174 251.003067
465.001770 301.333038
361.574249 330.678894
195.658615 388.646332
214.047165 318.519653
422.670319 363.118195
170.394043 301.537781
313.529602 343.904999
212.566238 248.703995
-1.000000 -1.000000
357.883911 358.048676
460.898621 364.730408
274.737823 113.167839
404.899200 199.592361
223.901108 316.935669
247.583527 454.535248
369.182281 273.496887
80.122604 418.839752
391.701416 219.534912
262.104584 391.659912
205.391159 407.436249
182.547241 378.384216
365.458527 242.911179
199.211639 336.264374
293.164490 242.008072
260.359863 329.973694
287.069275 272.020111
394.119507 251.244354
349.312073 258.817932
420.476532 228.669189
443.359924 449.167206
479.916748 188.074356
418.361725 379.795990
456.195953 422.117981
177.598877 327.397217
294.929077 417.700745
281.691650 440.957397
-1.000000 -1.000000
351.192047 343.618011
246.827820 428.892212
364.138977 207.091507
225.774658 334.226227
205.820419 453.002258
188.988953 309.000671
447.329712 281.049988
222.909378 413.395782
433.014130 267.324768
106.002289 364.513580
58.433949 322.319885
379.422974 436.838593
395.785645 292.659576
385.952576 188.321274
249.185608 412.145264
242.031845 390.235229
264.424805 343.835968
213.292542 396.929321
276.203613 285.243683
-1.000000 -1.000000
375.045990 188.779266
444.449585 240.921341
149.464966 245.985947
353.906403 206.558746
153.508331 410.525543
379.299194 215.200668
402.583252 369.976990
250.600601 330.575134
372.591217 318.653015
374.372894 411.151794
341.625366 344.521698
-1.000000 -1.000000
439.181244 256.361481
445.808472 331.649719
299.433868 231.035065
354.256592 237.711060
375.140778 291.508240
469.066986 408.522919
462.102875 190.028137
371.777344 446.202576
375.460236 235.508865
358.473816 410.369812
298.580505 345.103607
337.558533 247.780975
460.326080 239.111771
419.304077 251.999756
437.712341 286.471527
265.308411 292.158264
468.152588 271.692596
433.693634 450.539673
275.774231 338.757965
378.490479 397.553558
457.027283 339.854645
482.022461 420.889587
233.866257 352.311188
-1.000000 -1.000000
256.081726 66.480270
385.678284 306.355377
350.623566 326.420776
325.331177 336.419281
424.078949 447.805481
181.560257 77.533195
392.419952 137.682922
140.663803 270.808502
430.090881 373.693970
293.432220 259.823090
-1.000000 -1.000000
415.952393 278.322235
462.782318 354.024902
256.525055 87.427986
348.971527 373.219818
369.781616 388.018188
448.619690 432.612671
413.967102 347.681793
437.923035 425.859253
-1.000000 -1.000000
453.352386 310.246124
409.049408 383.422607
286.475311 384.676910
393.390930 326.631134
270.651398 365.514679
162.166122 125.188629
481.423187 386.745667
417.901398 403.819763
236.184097 337.110535
284.208405 428.709717
458.950714 330.347961
257.476593 429.626373
414.745117 196.877625
365.483582 422.661194
206.687988 79.456345
345.385376 193.623901
32.707268 373.622772
396.109222 282.504486
280.249664 259.920319
327.376678 422.669861
482.245239 407.421600
199.400436 323.875244
273.015594 64.403885
369.066467 376.843842
472.816254 357.987518
264.995911 131.139862
366.480133 164.422928
259.344421 446.144562
107.812088 375.109833
392.991791 454.050140
235.287155 368.527161
298.019653 323.008362
395.135406 410.602081
170.167938 238.989212
345.559784 182.918518
423.695343 269.464355
193.372070 60.989338
170.560577 136.130478
483.132416 331.039459
413.176086 336.583923
483.249756 376.966553
386.272949 427.455353
82.829956 429.170929
438.325562 296.826538
440.571899 365.488617
466.037720 341.058319
289.360291 141.809402
-1.000000 -1.000000
355.831268 128.960464
277.194641 275.450653
294.291748 443.515778
436.208984 414.829071
276.242462 126.660713
250.764267 400.499329
395.037170 199.871475
368.828064 224.630966
155.279831 152.423294
463.606171 440.570160
297.580505 275.332642
195.088867 378.056549
36.254124 383.834106
394.095306 337.370056
198.392410 422.559479
383.357605 316.061127
153.325500 259.707001
417.754547 414.242188
293.355042 305.914886
406.166626 309.428558
442.793762 266.651917
128.779465 246.914032
340.205688 356.406799
-1.000000 -1.000000
286.560425 283.458984
419.350800 145.905548
149.736328 135.348694
415.451263 293.182068
-1.000000 -1.000000
455.759796 297.089539
192.147980 82.353409
234.441513 279.517822
-1.000000 -1.000000
160.458969 78.557671
467.766266 180.795822
461.786469 375.065399
382.006195 148.828445
176.315964 110.225662
-1.000000 -1.000000
300.312317 293.620148
371.160950 332.544434
155.155533 421.037781
460.042511 252.955917
321.774231 412.526062
229.326508 398.891968
267.861542 427.798553
408.783356 210.987930
450.552582 162.700256
477.128418 432.314941
166.104187 162.344040
138.476547 280.505402
451.976074 352.252197
285.899506 124.191101
174.360916 346.052490
407.733856 393.628693
155.540497 107.553421
272.064423 377.121979
360.060760 316.123871
398.130402 157.281738
308.551270 218.405853
313.818756 191.569809
317.505676 208.997986
425.562897 311.647278
459.874847 163.542984
323.081543 130.390671
474.240112 318.225342
259.207794 415.070923
244.977051 361.282593
302.616364 245.809082
326.660004 250.416763
144.956406 163.269363
138.056198 233.515564
363.124695 348.568726
438.311920 439.260559
365.716949 140.328720
331.436584 222.569809
363.761047 433.148376
297.451080 427.837921
434.336273 245.973694
449.616913 388.674622
236.188965 85.663422
266.466644 87.753586
245.652695 253.769028
344.448334 164.953476
306.147247 262.184174
386.137177 296.110748
398.384918 229.944946
427.537384 384.194855
284.756897 113.345894
321.640594 278.875092
328.611328 151.199646
