-1.000000 -1.000000
-1.000000 -1.000000
-1.000000 -1.000000
279.474579 257.750092
-1.000000 -1.000000
397.710968 152.019089
273.323364 240.803925
297.554779 261.698242
-1.000000 -1.000000
-1.000000 -1.000000
-1.000000 -1.000000
-1.000000 -1.000000
313.248779 295.215057
-1.000000 -1.000000
328.014160 300.608856
-1.000000 -1.000000
-1.000000 -1.000000
396.996704 137.437836
340.802582 311.872498
278.848236 275.196930
262.375977 260.335846
-1.000000 -1.000000
318.483154 263.157806
189.325806 235.333420
309.187317 280.617371
-1.000000 -1.000000
300.359528 244.965164
149.311234 294.400818
386.591156 147.386047
273.954285 224.557114
-1.000000 -1.000000
368.988739 384.155304
-1.000000 -1.000000
157.283188 229.431915
398.362427 168.395630
407.618286 368.978180
311.956818 311.197021
393.375732 365.073120
359.137268 379.926880
430.226685 438.573456
149.325516 279.678589
189.201660 215.567215
432.220093 348.922333
256.926788 242.844482
439.936981 353.096375
231.444427 248.514099
385.926727 133.705063
384.017181 385.204987
215.374130 370.365417
324.131317 316.801666
134.431625 295.578278
-1.000000 -1.000000
156.487823 212.300079
416.958893 437.668549
292.736298 295.619751
422.752472 370.392059
249.901260 377.486603
193.673721 253.564011
210.801666 242.148636
155.729706 266.708466
218.410904 355.348206
-1.000000 -1.000000
134.604828 280.783752
224.576202 329.262665
139.433105 266.706024
320.229889 248.871353
-1.000000 -1.000000
428.268188 360.742859
211.470367 223.130280
-1.000000 -1.000000
-1.000000 -1.000000
334.558441 326.291290
-1.000000 -1.000000
346.136169 377.995239
208.282089 323.508820
229.105469 227.608093
-1.000000 -1.000000
329.646210 284.274811
238.164642 406.215057
370.167786 371.502441
396.298035 438.716309
156.655899 248.007019
251.469299 360.812561
188.999649 370.693481
379.437042 363.905731
-1.000000 -1.000000
387.858002 160.314453
402.023804 382.297729
267.686096 381.347107
362.353577 397.562622
408.962219 356.303436
437.695618 369.827148
349.124695 291.028168
-1.000000 -1.000000
244.672028 268.547546
262.205811 277.202698
199.914642 354.789398
152.702591 309.538513
175.131500 255.818787
286.934296 351.259033
254.115463 336.947754
398.667450 121.722137
420.606781 341.229828
363.018616 413.121521
356.869171 362.284851
395.646942 350.393341
349.273743 394.722717
128.458588 260.194031
269.283875 364.907562
399.461060 403.272705
320.291077 226.909515
190.175827 326.508514
345.539673 332.228210
284.426666 381.947449
278.582733 399.886597
160.473068 196.866577
431.384735 424.830872
436.002472 384.780670
180.307480 356.173889
298.537262 227.703690
212.557129 260.797913
215.705826 438.681824
257.290985 405.352112
380.363190 398.866211
432.773193 334.256683
442.332916 339.438263
211.876266 386.174500
359.710693 335.650604
-1.000000 -1.000000
141.266220 232.042114
352.426880 411.208466
406.591492 157.077194
325.920746 341.190002
302.203979 324.555450
419.708710 420.814148
336.658569 231.539246
183.136261 198.527832
403.486389 423.938904
-1.000000 -1.000000
284.193695 309.148407
118.982460 274.664185
392.463409 173.100067
419.129181 384.234406
373.093018 154.528320
338.961304 215.383545
-1.000000 -1.000000
256.230103 224.581329
197.821442 438.885712
381.148956 345.247772
431.684570 407.336182
180.042191 385.060059
395.365479 335.043915
372.021362 209.340271
375.908020 193.750168
157.918488 374.994171
387.162079 433.171906
211.659882 403.528351
119.456673 298.401886
368.895416 220.085068
386.399902 119.613167
181.309311 400.827209
273.897919 290.846252
406.972961 140.771317
397.751068 317.978546
207.377060 208.041199
457.062531 231.211685
375.562866 182.761993
356.816986 207.571991
359.002136 245.993484
433.936218 307.892120
373.772308 307.726837
-1.000000 -1.000000
-1.000000 -1.000000
372.530670 140.142838
361.691986 191.335434
338.656952 408.259583
244.230911 317.808716
376.973938 292.837341
334.915863 257.238037
189.488327 272.333496
355.924957 263.697632
316.180634 329.771637
263.601624 417.834503
239.670700 432.841095
365.111694 352.362579
446.424408 224.763855
438.286438 280.458008
373.778687 164.222565
351.765167 277.241241
342.117981 203.799835
231.965103 211.067764
241.310608 283.501373
334.437958 266.534363
392.383636 189.380661
138.147980 312.294220
-1.000000 -1.000000
404.889587 175.339706
366.918945 420.868317
214.094803 305.497101
350.315094 434.060913
428.475922 396.295380
414.759216 173.768280
335.732788 391.735321
279.351074 211.561310
409.260834 198.538803
360.960022 181.196121
173.920135 295.858215
365.920532 321.456879
412.088043 296.943542
380.642731 321.981842
351.238495 316.729828
-1.000000 -1.000000
461.358185 216.454910
292.933838 402.919617
-1.000000 -1.000000
362.190643 288.291595
421.359253 305.021393
441.130859 322.641876
388.716309 202.749634
406.794312 323.292175
450.658997 275.384888
408.801208 394.800232
150.729736 358.549683
-1.000000 -1.000000
140.043900 216.977600
440.983246 267.947327
147.934113 387.696869
418.897461 214.808838
411.329834 276.897919
382.527740 282.891296
306.250336 380.749969
358.198059 162.835098
195.500748 97.245850
444.478241 305.864258
114.484650 257.246979
444.041473 249.435501
412.357361 123.198555
402.344543 288.341034
422.776733 284.110321
386.526825 216.333313
429.293121 187.863144
362.673431 302.028473
195.754562 305.457550
429.465210 292.901367
-1.000000 -1.000000
181.039749 96.406052
151.218811 406.001923
420.314026 154.946045
355.323608 155.098724
374.271240 242.182449
400.451935 271.622070
399.551636 184.243317
304.432404 214.410446
451.685608 209.561951
219.878342 276.528107
390.233704 312.254700
121.230011 241.802780
178.018250 134.728378
162.937607 134.776749
143.678406 203.355606
158.312729 345.028015
344.017853 188.054001
137.058990 373.572510
165.346558 105.318909
279.911743 419.679077
235.332504 303.741425
427.696411 227.296097
412.899567 228.986053
179.729248 283.107635
380.217804 264.461365
191.518555 109.763115
434.216919 167.690765
-1.000000 -1.000000
162.699173 159.662308
198.762283 84.655991
369.127319 259.666138
373.688232 126.784805
398.230255 206.989960
177.760956 159.764282
435.867065 259.343170
429.612671 271.368988
432.533051 213.820541
209.227310 289.649261
394.885132 280.543884
147.410583 158.664902
394.480286 298.354370
176.121445 116.485191
131.362442 390.962616
184.456345 83.849892
382.412415 244.387573
323.287750 356.954712
410.118378 249.653564
161.805725 173.060471
160.791214 117.734306
193.786438 134.597534
134.594574 358.332794
167.520340 90.536324
430.580048 144.947983
119.750168 227.963867
320.339539 386.197388
340.027283 424.406189
146.324356 171.897415
425.990173 242.454102
177.275146 173.822403
394.223389 222.585098
-1.000000 -1.000000
345.190826 150.138458
324.837952 414.082855
107.748802 270.878784
315.812805 400.564880
440.841431 197.361923
438.251404 148.403931
146.385452 142.925705
161.696213 185.665955
140.963257 340.862305
298.854858 108.391670
170.727936 77.678398
298.269684 421.103729
409.306366 210.772797
315.308624 135.729813
398.701935 241.408722
-1.000000 -1.000000
136.257706 409.820648
-1.000000 -1.000000
314.916534 112.362122
300.762085 137.413834
144.035156 191.084656
-1.000000 -1.000000
317.134521 208.976700
299.537079 122.186729
446.773743 178.255203
209.593750 99.270973
405.746460 223.380081
-1.000000 -1.000000
283.265747 123.038200
206.133286 110.330223
347.960785 140.917603
456.782227 198.077347
107.740929 289.744965
179.022278 185.682388
327.748688 171.222900
286.868927 141.089783
212.404083 85.433403
122.741653 324.229279
466.731110 204.142685
122.687531 211.758575
313.906921 97.671303
197.256180 70.399094
327.595459 154.039230
121.950638 379.674133
313.617340 152.347458
127.283455 194.813339
201.263168 194.083649
328.258942 120.952759
196.286209 147.657181
310.884552 169.637360
313.266541 199.730637
299.111847 152.815918
296.436340 169.283646
-1.000000 -1.000000
403.450012 106.492027
105.522163 242.290833
389.378998 106.432121
115.659523 430.052368
348.511047 126.682343
128.958023 181.087845
-1.000000 -1.000000
329.763611 105.227676
316.130737 185.488815
303.425934 207.326324
446.216370 152.748749
301.278290 184.484665
277.102936 111.881348
120.658615 424.317322
435.107941 129.390778
125.777519 345.479614
100.097610 289.342316
211.225342 70.508049
140.575180 131.679550
290.252258 96.030846
130.449478 165.252640
463.582733 181.119568
119.586098 365.145172
256.359558 208.421188
447.005127 144.358353
100.304909 258.715698
122.224937 437.453918
229.650085 197.256363
194.334427 163.493759
255.877045 121.081413
272.560394 97.008377
287.017822 85.824341
98.178810 275.398102
255.668152 93.864517
272.791534 78.843895
104.109604 229.319336
285.137390 181.669281
148.944611 106.940102
245.534714 86.667618
222.984222 107.394302
-1.000000 -1.000000
448.450562 143.201889
295.658203 201.375900
182.806641 65.020203
306.370148 87.491821
329.294617 89.750114
289.697937 70.652916
-1.000000 -1.000000
274.258850 152.145752
193.203247 177.201248
155.142639 86.397171
370.317780 115.817551
220.721497 131.956375
302.348145 78.151199
156.346481 80.689018
228.637604 191.237930
277.519226 164.615112
-1.000000 -1.000000
210.984375 120.741699
204.721985 182.601288
-1.000000 -1.000000
258.799469 195.770523
-1.000000 -1.000000
-1.000000 -1.000000
200.643570 59.277298
287.188538 160.419647
127.432350 156.180069
-1.000000 -1.000000
108.855789 208.160706
-1.000000 -1.000000
