210.803497 217.846634
162.909592 207.481461
257.754852 263.558044
188.656296 251.848022
281.458588 225.946930
334.522858 270.775879
125.230469 249.840393
301.428833 270.227203
361.173065 199.216873
386.752228 130.913513
352.052094 222.271606
370.009552 176.866989
343.198090 246.679688
164.516083 123.301620
378.571533 152.899490
402.252167 126.021278
184.975174 211.044601
437.325317 208.817871
158.319351 161.149872
155.076477 146.472763
174.039474 98.221268
147.241791 170.551300
122.927086 239.427429
410.485718 147.388168
451.020386 243.463562
444.540802 227.052628
131.233292 284.159302
425.450134 183.295212
378.007812 170.255463
213.502029 249.296478
254.992416 224.746063
387.733978 147.012833
166.341888 240.063431
418.396851 165.821365
149.261200 185.075974
192.991760 297.793274
265.014832 378.164825
369.974945 193.705139
361.362427 216.634705
216.433029 375.298462
142.298035 207.301056
238.947693 306.349457
327.882263 209.374176
343.242584 262.833405
336.334381 293.115112
425.398987 323.555511
132.943985 338.542969
426.084412 180.029739
421.113068 413.480682
233.801682 251.121735
300.614410 363.519714
283.550140 259.604553
-1.000000 -1.000000
153.508301 339.542725
186.595490 351.157043
416.351898 149.508133
-1.000000 -1.000000
311.474731 162.671143
275.489075 360.269318
351.561493 240.488190
184.022202 442.296326
229.307220 359.495544
173.317184 345.979523
129.357651 214.514450
133.278992 230.606567
242.641006 329.507050
409.442657 268.544159
183.707932 388.423126
390.699005 272.304718
167.794418 139.059357
319.421387 367.956085
172.691055 117.384872
428.462860 329.796326
371.246948 377.400848
-1.000000 -1.000000
239.068054 420.242889
-1.000000 -1.000000
389.039459 283.573181
137.563049 191.851776
194.857834 322.502747
418.735992 369.237366
-1.000000 -1.000000
372.297089 276.403412
-1.000000 -1.000000
352.177612 386.005432
149.394653 432.869415
125.662117 430.412750
-1.000000 -1.000000
384.955505 379.811584
189.897217 414.345428
384.605621 229.489883
444.198883 281.128082
399.019775 335.273743
404.784027 226.805847
384.236511 428.437531
399.902191 217.867249
187.599503 363.084503
-1.000000 -1.000000
368.318848 287.922363
430.145325 389.277771
233.863632 372.248413
365.334808 395.029968
-1.000000 -1.000000
397.939453 387.027252
432.217133 204.835342
422.955994 434.167694
407.399017 280.614227
435.062500 291.200409
429.798004 186.608322
403.849487 370.474304
404.978577 298.949402
-1.000000 -1.000000
107.248909 267.291382
353.404724 299.571472
169.306625 438.250580
420.610229 223.842789
434.502014 362.305176
136.330750 372.105469
366.486633 356.054871
371.484650 305.951324
-1.000000 -1.000000
-1.000000 -1.000000
230.485001 397.989990
-1.000000 -1.000000
383.597198 219.868546
-1.000000 -1.000000
396.418304 182.578339
387.694244 198.536469
402.529694 192.212280
445.971527 241.622131
439.176331 223.321198
351.932831 401.169067
-1.000000 -1.000000
163.134216 390.257294
375.477142 251.725708
262.631073 97.676514
302.467743 226.172043
294.945984 357.558350
303.875824 424.849670
383.823181 394.232574
282.245209 422.025543
289.239044 328.519989
-1.000000 -1.000000
394.374786 329.639130
308.962341 332.959412
305.461273 109.328842
137.558228 307.820435
350.900299 432.296570
-1.000000 -1.000000
-1.000000 -1.000000
415.953674 386.358368
393.922089 247.916763
-1.000000 -1.000000
408.637909 180.027359
410.536194 244.934250
235.909805 232.412247
417.738098 397.340790
319.505432 360.466583
280.591736 396.596954
189.845169 374.096741
-1.000000 -1.000000
449.362030 289.898315
163.181717 249.765701
262.236786 392.184082
-1.000000 -1.000000
368.778595 403.355804
-1.000000 -1.000000
196.634689 343.316559
242.979797 351.897949
401.718597 395.466522
387.969635 331.838928
357.408936 428.760620
253.683517 251.968124
158.878357 313.216248
388.126984 346.859894
211.281586 259.556091
-1.000000 -1.000000
184.843887 241.732605
425.804657 380.053680
361.272888 336.291260
134.130127 399.006531
198.264709 308.721558
385.041107 417.670837
141.842392 294.798370
333.196564 315.091614
219.992722 228.786026
-1.000000 -1.000000
355.785522 349.267761
411.869751 440.471008
318.388458 108.762054
412.975128 241.156647
216.081512 300.980133
-1.000000 -1.000000
382.487701 284.018372
-1.000000 -1.000000
-1.000000 -1.000000
238.459564 384.635925
145.786362 425.793365
126.676582 383.297180
-1.000000 -1.000000
172.117569 337.265045
321.000671 223.974747
262.271729 308.119019
311.418671 245.983978
400.374847 281.150482
372.004120 255.014542
421.260956 275.859344
-1.000000 -1.000000
-1.000000 -1.000000
383.738647 423.308258
-1.000000 -1.000000
139.039871 332.404358
271.907654 405.037445
237.449905 443.064636
-1.000000 -1.000000
355.475891 339.019196
190.955322 435.744568
392.515503 217.711136
212.411392 326.278961
-1.000000 -1.000000
165.494690 300.033478
419.581543 346.824066
170.341354 429.485596
417.579651 325.900238
-1.000000 -1.000000
-1.000000 -1.000000
-1.000000 -1.000000
388.515564 327.159851
409.788269 213.567596
202.717712 418.853668
212.354996 388.874359
265.651154 332.451324
157.244690 405.789978
298.456055 260.644226
-1.000000 -1.000000
401.206482 208.346146
425.392639 303.770264
132.464508 237.778275
386.485535 210.064560
-1.000000 -1.000000
394.364990 235.444412
378.323059 403.270844
246.199921 314.388367
375.053345 331.560822
352.779846 427.626617
352.780060 337.302612
-1.000000 -1.000000
419.039551 323.339874
409.810333 397.188324
328.149780 215.150101
373.626465 238.712875
379.546234 305.510895
-1.000000 -1.000000
450.052704 267.128326
-1.000000 -1.000000
391.858887 250.587891
345.101349 412.371185
311.037384 317.774384
365.807617 237.842377
-1.000000 -1.000000
411.700592 298.610016
415.085388 348.395020
280.038818 269.858887
438.358551 347.035858
-1.000000 -1.000000
281.641968 314.387787
355.145111 415.082001
414.640442 415.880249
-1.000000 -1.000000
217.205261 346.364319
-1.000000 -1.000000
285.746094 76.519844
384.777466 331.445190
357.127380 332.469055
339.291107 316.970184
-1.000000 -1.000000
183.741257 96.645851
421.729614 170.068665
124.498116 260.953644
388.675232 423.761383
319.316711 236.404816
-1.000000 -1.000000
407.098785 322.610229
414.212585 419.752655
266.619293 100.228226
348.840851 367.310516
359.037415 396.674438
-1.000000 -1.000000
391.221863 387.819000
-1.000000 -1.000000
-1.000000 -1.000000
421.279785 380.415710
379.538055 423.993530
276.468323 368.915375
382.591187 355.495300
264.408661 355.550964
158.156448 136.277328
-1.000000 -1.000000
380.515839 449.209167
225.153351 324.325470
247.406143 435.414581
414.349365 414.669006
213.356827 437.538727
424.805847 233.289795
348.667938 430.800873
195.233017 108.226303
382.667114 190.646088
-1.000000 -1.000000
387.923340 317.200653
310.158173 229.684738
319.047485 408.883972
-1.000000 -1.000000
178.896835 318.534729
322.095062 65.541977
363.020599 384.287781
417.542297 440.899811
302.011414 128.207642
399.717285 176.706757
-1.000000 -1.000000
-1.000000 -1.000000
-1.000000 -1.000000
215.619934 361.800812
328.064117 292.040131
367.632263 436.900757
164.841537 225.717346
385.645447 179.379807
411.477020 326.766388
193.695572 92.029053
164.540237 147.225922
430.801086 421.408508
396.319336 375.625641
-1.000000 -1.000000
-1.000000 -1.000000
-1.000000 -1.000000
-1.000000 -1.000000
-1.000000 -1.000000
415.839874 417.120300
318.856873 142.282227
-1.000000 -1.000000
-1.000000 -1.000000
303.312256 249.528473
-1.000000 -1.000000
-1.000000 -1.000000
314.222626 120.917473
217.048157 395.571167
408.635315 230.504410
389.425690 234.465698
148.979355 159.409988
-1.000000 -1.000000
337.314880 242.694016
138.531509 384.634247
-1.000000 -1.000000
381.480621 374.069885
126.898209 439.084625
377.712280 338.230164
135.594467 249.253693
-1.000000 -1.000000
327.591766 268.527069
388.830963 336.946625
419.466431 326.469849
114.595390 235.236923
344.466949 337.658539
-1.000000 -1.000000
309.520691 253.787598
438.331726 198.122818
147.996948 142.779526
403.888824 337.412170
-1.000000 -1.000000
427.940826 365.880798
189.255386 107.592918
-1.000000 -1.000000
-1.000000 -1.000000
165.929657 95.523430
459.873199 267.743439
-1.000000 -1.000000
416.398041 176.344788
173.488068 125.468513
-1.000000 -1.000000
336.225677 257.650421
370.758331 343.807709
-1.000000 -1.000000
435.324249 330.111694
315.475159 398.432678
184.456406 398.271973
227.442413 427.215790
413.264160 248.735199
453.054535 236.556473
-1.000000 -1.000000
157.303833 169.419617
114.261200 267.266174
409.089600 423.893860
320.080902 124.827110
131.953354 347.242981
375.710083 430.280365
157.376556 119.760529
263.174652 362.982880
363.466125 320.720917
-1.000000 -1.000000
354.032288 210.943497
364.473602 169.402847
363.722382 189.722992
407.079834 353.660431
459.918488 239.778931
-1.000000 -1.000000
426.370850 402.768707
-1.000000 -1.000000
229.600189 350.123474
326.858490 240.849274
358.205353 226.908356
139.976273 166.508606
123.746277 227.450562
357.610382 345.254456
-1.000000 -1.000000
-1.000000 -1.000000
367.128784 203.704819
-1.000000 -1.000000
269.531708 425.746063
417.549683 311.286774
403.663208 442.351410
257.065033 100.173470
279.973297 101.422813
261.989594 222.887817
386.209351 158.668457
337.194611 238.358536
383.404816 325.469635
-1.000000 -1.000000
384.994904 425.374542
321.987335 110.435112
349.292603 250.567078
-1.000000 -1.000000
