208.724213 234.512299
168.175659 219.425064
252.298462 279.620850
193.573044 259.626312
267.526306 252.498978
313.613525 304.683258
139.924072 254.929184
290.833984 293.765778
339.311096 223.870193
365.008240 142.688385
330.364990 250.400818
348.441742 197.710403
321.723663 278.029877
179.327713 111.418198
356.742645 169.834457
387.641907 131.411087
186.214279 224.231659
442.215942 188.221283
174.226410 151.838287
169.808014 138.255722
187.926132 84.279915
162.334808 164.840118
136.971634 244.385712
396.196350 146.351852
466.761475 212.825531
455.351196 200.962143
146.983902 287.806396
421.953918 171.549881
358.349487 187.848999
214.938690 261.155151
246.065659 245.426422
367.653656 161.003433
174.751816 246.270020
409.409393 159.350113
164.713989 179.673538
200.737518 308.986877
268.345795 393.591431
350.310669 215.103790
341.439880 241.490723
228.326065 383.845184
156.874649 205.855453
239.807724 322.951263
314.829132 224.796661
323.449860 295.248871
317.501709 323.456909
448.120789 294.159882
157.301895 338.688293
421.984955 165.680038
456.623871 376.844635
232.612198 265.002106
296.197388 386.039398
273.929657 280.483490
-1.000000 -1.000000
174.810410 342.375122
200.453369 357.776489
404.833557 146.137711
-1.000000 -1.000000
303.884094 166.054871
275.578552 379.046844
332.232239 269.148071
210.010162 442.622314
236.757233 371.991882
190.519363 350.859070
144.065140 215.881058
148.332382 231.977325
246.980759 343.901855
417.476288 253.357910
204.817505 392.971710
391.571411 268.671814
183.637314 126.903099
311.907135 392.571136
189.124420 102.841675
454.021393 309.646973
375.454681 382.109406
-1.000000 -1.000000
256.140991 428.088043
421.504700 421.395905
387.361237 283.045166
152.571991 190.100388
206.991302 330.877319
438.231201 345.639801
-1.000000 -1.000000
366.164490 284.557190
378.412354 449.880188
350.146362 400.141937
184.139008 428.539337
164.519638 422.684814
448.093903 431.098175
393.949158 373.653198
215.910553 415.967712
374.470673 237.748962
463.837006 243.751923
411.669250 332.183655
400.982544 223.437317
409.632751 426.605255
392.761597 216.221954
202.753738 369.888306
-1.000000 -1.000000
360.286163 299.003937
464.255981 353.181549
242.109207 384.215149
371.050446 398.793152
-1.000000 -1.000000
415.034668 371.714539
434.085236 187.428116
461.988342 397.099426
412.613922 268.577301
456.548553 261.757538
429.154083 172.643387
419.465546 355.427124
412.976379 288.458466
210.852036 454.213531
123.940125 272.978638
335.889221 328.396973
199.635498 436.000610
424.271423 210.803604
463.102692 328.756104
164.364349 370.454712
369.057343 364.148041
368.330841 314.542206
-1.000000 -1.000000
-1.000000 -1.000000
244.326492 407.838776
429.437622 440.206604
371.089996 227.539841
-1.000000 -1.000000
382.705383 189.424698
374.999451 202.666718
395.660187 189.553986
459.404266 212.418411
446.662292 200.280609
352.604095 412.935455
-1.000000 -1.000000
192.045349 391.139923
366.549805 260.981293
267.574341 88.528069
284.784851 255.654327
290.906525 376.937897
309.036743 443.268524
396.359406 386.640686
291.359894 436.746765
284.131744 350.281769
-1.000000 -1.000000
405.308167 318.909821
301.025604 358.321014
291.720978 118.019005
159.963318 310.511230
360.049927 439.573090
173.820984 453.452545
450.155273 444.671143
440.441742 359.867584
392.072845 245.108963
-1.000000 -1.000000
401.247070 177.458878
411.966095 234.278534
232.318695 249.673798
451.028748 364.191925
311.320343 383.264130
285.217255 413.158508
208.363281 381.724457
-1.000000 -1.000000
472.267944 251.244385
173.466751 256.240356
268.702972 406.001801
-1.000000 -1.000000
377.878571 405.223511
-1.000000 -1.000000
211.547943 351.166534
250.113953 364.419403
421.831085 378.754059
395.699310 325.851196
369.601074 430.668884
248.150681 268.446472
177.961929 318.415985
400.047272 342.916687
214.281677 271.424438
-1.000000 -1.000000
189.417511 248.345596
456.173950 346.541382
360.969269 345.510895
169.683395 394.819702
207.998383 318.384247
408.122620 397.700775
161.201859 298.763000
318.328583 344.655853
218.794800 243.856873
-1.000000 -1.000000
355.238983 368.815582
443.472504 409.921844
304.260925 116.166458
417.809052 227.008118
220.828476 315.148041
-1.000000 -1.000000
377.684357 289.051270
-1.000000 -1.000000
404.019165 244.036682
248.904663 397.227509
180.624466 418.400635
158.606247 381.956421
377.981506 259.840118
189.131927 339.899902
306.732910 243.218689
260.062683 329.094696
296.299408 270.646667
403.115204 274.376282
360.581451 267.568237
429.309174 258.588593
-1.000000 -1.000000
486.704468 233.767868
404.672913 410.835693
-1.000000 -1.000000
163.954712 331.162384
279.869629 424.026642
257.657227 449.296204
-1.000000 -1.000000
351.315399 353.438965
220.304153 437.693451
382.395966 221.443222
219.540955 335.378448
-1.000000 -1.000000
181.053772 306.695984
443.251617 317.974396
199.127426 424.739319
434.344482 301.784821
-1.000000 -1.000000
-1.000000 -1.000000
361.249268 454.700806
397.201904 318.023102
404.935394 208.073425
226.433289 421.480804
227.349457 396.096741
263.157135 345.799774
188.497849 403.837952
285.988220 283.831726
-1.000000 -1.000000
394.644409 206.474258
446.024841 277.790375
147.372894 241.344040
373.526215 218.611832
-1.000000 -1.000000
392.232239 234.572357
391.243500 397.058990
248.106522 330.394684
374.894257 335.541687
361.830750 431.560059
345.210052 353.288574
-1.000000 -1.000000
439.148682 295.232941
434.581329 371.502136
314.516602 232.573364
366.112610 248.826523
378.276550 308.833679
-1.000000 -1.000000
469.583984 231.112656
-1.000000 -1.000000
386.730225 251.071198
347.179993 425.340271
299.803925 344.912476
350.962555 254.941605
461.785858 280.916931
422.546173 282.701355
433.684753 323.342102
271.730774 290.417999
464.182343 314.289398
-1.000000 -1.000000
274.386749 338.565186
365.921173 420.016724
444.675629 382.721863
-1.000000 -1.000000
225.944214 354.642822
-1.000000 -1.000000
279.466827 71.884262
388.845245 327.451874
353.037384 339.881805
326.146912 345.021606
-1.000000 -1.000000
197.751968 81.554176
415.352570 160.510590
136.759460 266.504333
413.755096 407.403015
305.092194 258.790558
-1.000000 -1.000000
417.938690 307.463196
445.719269 392.527161
276.976074 92.972450
344.986420 383.424561
363.995056 403.222687
-1.000000 -1.000000
407.539673 375.997589
-1.000000 -1.000000
-1.000000 -1.000000
446.352356 351.610077
396.234650 413.575653
278.974915 388.860199
389.466583 349.811523
265.509064 369.216827
173.814804 125.472382
460.698792 435.555725
400.596649 435.604248
230.792114 337.473114
263.575623 437.997009
445.882202 375.760895
234.668549 438.113220
428.606323 224.292007
354.013916 439.219391
218.190567 89.463585
366.350159 203.126923
-1.000000 -1.000000
396.392914 309.399841
292.565521 257.501862
317.691559 430.474060
-1.000000 -1.000000
191.254623 326.787567
307.689667 67.892509
364.365723 392.567169
455.184326 404.537964
290.980927 133.583923
388.449707 178.834396
-1.000000 -1.000000
-1.000000 -1.000000
-1.000000 -1.000000
226.103531 372.822876
307.922150 323.531860
380.996155 435.847565
172.941116 235.168533
368.363831 190.881653
424.968079 303.589294
211.117249 70.983910
179.786942 137.559341
468.615540 381.906250
408.549957 365.116943
462.233582 427.046204
367.419708 447.427002
-1.000000 -1.000000
433.693268 334.285004
427.125519 401.295227
449.764069 384.516754
310.272980 145.797714
-1.000000 -1.000000
381.519043 142.910461
289.239716 273.685486
274.254730 450.672089
417.577087 450.619659
301.384460 128.823700
232.756165 403.486389
409.392212 222.423508
381.964478 239.127502
164.305084 151.822205
-1.000000 -1.000000
314.640900 273.696228
170.936813 383.462372
-1.000000 -1.000000
389.472504 363.662109
167.990707 434.062286
381.332062 336.032288
150.220978 253.014450
399.587433 448.617828
306.174683 301.427734
401.034119 333.740265
439.954865 301.247986
128.107971 240.493973
337.726685 361.475250
-1.000000 -1.000000
295.301239 281.315643
438.590759 177.947250
161.906937 134.098709
415.559814 323.568756
-1.000000 -1.000000
450.912750 337.805267
207.425781 85.621040
-1.000000 -1.000000
-1.000000 -1.000000
179.902176 80.362495
477.491852 226.399475
444.095093 426.482605
406.903625 169.980408
188.595673 112.882210
-1.000000 -1.000000
316.142639 289.873077
371.453094 349.774109
-1.000000 -1.000000
459.849976 296.879578
313.201508 418.628632
207.420517 403.601044
245.756180 435.775238
419.306274 235.154388
464.603363 202.988052
-1.000000 -1.000000
172.666443 162.401794
133.014877 274.708252
438.266693 396.800964
309.784058 128.985229
157.985764 349.052094
393.149323 423.882843
171.347855 107.846542
265.367950 379.461517
361.145935 330.651062
419.436340 184.244736
333.241608 233.278793
341.608246 189.276245
342.681885 211.551163
421.738800 340.998199
468.704498 203.710388
-1.000000 -1.000000
461.469482 365.956299
-1.000000 -1.000000
236.140045 363.247833
313.301636 262.744995
337.656830 255.374878
154.086960 161.034424
138.613266 229.306442
357.961670 359.219299
-1.000000 -1.000000
-1.000000 -1.000000
346.479370 228.238434
349.525269 450.797668
280.903809 439.353882
436.491394 284.644196
431.662109 425.406311
261.404388 90.841042
286.381470 92.540970
253.316345 246.791229
365.257080 175.008530
317.942078 267.130066
388.317627 322.128387
408.844757 257.566284
409.079224 412.797058
309.992065 115.885605
328.527832 282.005371
-1.000000 -1.000000
