-1.000000 -1.000000
-1.000000 -1.000000
-1.000000 -1.000000
280.761475 245.654846
-1.000000 -1.000000
395.364777 149.660721
274.434998 229.164093
300.040405 250.182373
-1.000000 -1.000000
-1.000000 -1.000000
-1.000000 -1.000000
-1.000000 -1.000000
319.535065 280.226349
-1.000000 -1.000000
334.906982 284.279388
-1.000000 -1.000000
-1.000000 -1.000000
394.705933 134.450897
346.903687 296.647797
280.231873 262.468201
263.391205 252.032074
-1.000000 -1.000000
322.864716 249.879456
184.949066 233.540527
314.535583 266.418884
-1.000000 -1.000000
303.204041 231.657379
138.120773 292.316620
385.535706 143.435837
274.993134 212.725327
-1.000000 -1.000000
368.160767 378.458008
-1.000000 -1.000000
149.683044 227.405273
395.581787 166.934631
398.767944 371.262177
318.789307 295.393890
387.923340 364.161346
359.210449 372.544800
412.736115 438.771454
138.513153 277.436584
184.616119 212.369324
416.885895 355.802521
257.930695 234.955109
422.026672 361.315247
228.272278 242.072906
384.542023 129.702301
379.999817 381.934692
212.352554 365.925812
330.072815 300.215485
123.050102 294.400757
-1.000000 -1.000000
148.681122 209.949234
-1.000000 -1.000000
295.495514 281.898987
410.063812 375.360321
248.706833 369.686005
190.208984 250.776917
207.036331 236.648422
147.530853 264.634460
215.452316 350.647156
-1.000000 -1.000000
123.544220 279.347992
222.009369 324.052246
129.224564 265.218811
324.469604 234.988586
-1.000000 -1.000000
413.985107 367.099823
207.483032 216.920807
-1.000000 -1.000000
-1.000000 -1.000000
339.173950 309.981384
-1.000000 -1.000000
347.635559 369.234650
204.391937 317.943390
226.303864 219.690735
-1.000000 -1.000000
335.925629 267.104156
234.438385 399.001770
369.320679 366.263214
386.886719 437.656586
148.726166 245.673752
250.331894 353.048523
183.114136 367.172302
376.170105 360.443024
-1.000000 -1.000000
386.762695 156.471359
393.548340 383.589539
267.311096 372.482971
362.025360 391.211426
399.901794 359.047119
419.524811 377.741425
354.588318 277.439362
-1.000000 -1.000000
244.416641 261.426117
263.527161 266.933319
195.037155 350.807922
141.446198 307.583832
169.151642 253.466476
287.822235 340.463196
253.270828 327.366516
396.862213 118.201042
408.668427 346.071228
362.539978 405.787292
357.511871 355.073944
389.384064 349.491760
350.466431 385.911652
118.260971 259.349518
269.174438 356.335205
390.712158 403.625854
323.535309 213.653839
184.760254 322.916870
349.722565 317.896332
284.678284 370.646637
278.205902 389.401947
151.758911 194.521332
412.777863 431.402313
416.423828 393.764679
174.398422 353.353607
301.519287 214.200897
208.773880 254.911804
210.267090 437.740509
255.399323 397.726532
376.458008 395.674133
417.069489 339.879547
424.166229 348.186676
208.490402 382.251343
362.012634 324.991180
-1.000000 -1.000000
132.707947 231.500641
353.292786 402.529785
403.130859 155.930786
329.875885 325.050018
305.473541 308.688232
404.693115 425.969269
339.945190 219.584442
177.613907 194.816544
391.867371 424.989532
-1.000000 -1.000000
285.905518 294.792999
107.969292 274.188080
391.129333 169.870132
406.910614 389.039642
373.393921 148.106873
341.898163 204.188461
-1.000000 -1.000000
257.346252 216.102219
190.545731 438.226624
377.235931 341.483734
411.889862 414.250793
173.587921 382.273651
388.802765 333.130463
373.990265 200.217972
377.470795 185.121841
147.597412 375.103333
380.122406 431.035522
207.252487 399.264374
107.850853 298.410339
371.308044 210.555176
385.093567 115.643623
173.297607 398.128998
275.884552 278.541290
404.110321 137.936157
390.364777 315.902557
203.250397 202.552963
442.187439 239.634140
376.853424 174.384064
359.223419 196.878372
362.774445 234.345764
415.919281 313.348114
375.394806 300.807587
-1.000000 -1.000000
-1.000000 -1.000000
372.533356 134.309006
363.446838 181.475006
340.354156 398.529053
242.692123 308.610626
377.875458 286.794006
339.342224 243.297684
185.850525 269.494293
360.108765 251.130127
320.200104 313.503693
261.822327 409.769531
235.145508 426.380219
365.039764 345.409332
432.153534 230.833160
421.209747 285.878357
374.385468 156.754883
356.745697 263.615509
344.658447 193.146957
230.007019 202.614075
240.846970 276.427124
339.590454 251.247345
391.778870 184.476074
126.470840 310.983185
-1.000000 -1.000000
400.061249 175.003418
365.346863 413.790833
211.120377 298.291504
349.453918 427.081238
410.427216 403.508636
407.492859 172.738815
337.801849 381.607208
279.868347 198.861389
402.252563 198.922333
362.521484 171.652176
167.260406 292.811279
369.272827 312.061432
402.772949 297.926025
377.603699 316.686523
357.229248 303.884796
-1.000000 -1.000000
448.647583 225.585861
293.985748 390.296783
-1.000000 -1.000000
366.020081 277.879303
408.949860 307.887299
422.406494 330.363037
388.921051 196.797577
397.989014 322.662018
433.321320 282.811493
399.144257 396.914581
137.633865 358.281982
-1.000000 -1.000000
130.926514 216.657379
424.156158 274.972015
133.938126 387.957062
408.121979 216.156189
403.005707 278.218048
383.126678 279.423401
309.748779 368.263855
359.358154 154.263092
177.710922 108.333954
425.204468 312.898071
104.274391 257.060272
428.406067 258.105957
409.976868 119.518097
395.542267 287.297943
411.290283 286.904266
386.850037 210.424484
420.330719 190.055878
365.957092 291.419434
190.587433 301.102875
413.718414 297.256622
-1.000000 -1.000000
163.381775 107.363724
136.928284 407.423920
414.418091 151.115067
356.139496 147.556061
376.253204 233.882584
395.082916 271.389771
396.441833 182.900711
307.441986 201.026825
438.453827 212.652023
215.375198 269.859375
386.760101 308.689728
111.140587 241.358978
162.187546 142.824707
147.256226 142.803207
134.398895 204.206116
149.172226 345.140930
346.354889 177.492325
123.393089 374.391479
148.288986 115.384720
278.958405 409.160309
233.701813 294.522980
414.495911 230.306396
404.276001 228.692856
174.226166 279.864563
380.849548 260.345276
173.988586 120.479721
427.780457 168.347610
-1.000000 -1.000000
147.987488 166.545868
180.717163 96.066223
371.894592 250.019135
373.568390 121.446167
395.859161 204.754364
162.966553 166.801788
420.128296 267.509430
415.544830 276.269196
419.890350 217.656906
204.969498 283.169067
393.149170 278.738495
132.755219 165.526428
392.044128 295.503510
159.124527 126.219994
117.189537 392.202606
166.481155 95.230232
382.699036 238.591232
326.914093 341.384216
401.933960 248.391739
148.624832 176.323364
144.313736 126.595581
177.516693 143.080490
121.368500 359.023438
149.949982 101.137840
425.443054 141.504913
109.156349 228.542038
322.782593 373.502197
341.036957 414.880615
132.306259 177.785614
413.222717 244.882370
164.531464 175.989670
392.180511 218.503586
-1.000000 -1.000000
341.316040 150.429489
326.231171 401.664185
96.777252 270.738068
318.334137 387.734650
431.353333 203.085678
433.742859 148.734528
131.293732 150.171494
151.851257 183.870834
128.420776 341.050629
293.714020 107.728325
153.170013 88.742096
299.089050 408.678009
402.175171 210.927750
311.405304 133.343124
394.418304 238.884689
-1.000000 -1.000000
121.589455 411.973022
-1.000000 -1.000000
311.353058 109.762955
296.758301 136.601334
132.699875 193.929977
-1.000000 -1.000000
319.411987 195.987717
295.074951 120.505890
438.973663 181.654633
191.519226 110.733803
400.167084 221.792587
-1.000000 -1.000000
275.323761 130.565430
188.264603 121.408737
344.144897 142.180557
445.496307 202.200851
96.317772 289.218414
172.086533 182.551697
323.438324 170.237976
282.545959 143.975800
193.966705 96.978165
110.502754 324.720490
454.360840 212.080826
111.336189 213.225586
310.109070 95.012993
179.151764 81.881187
323.433716 153.169357
108.023117 381.418610
309.480560 151.506760
114.879059 197.585922
196.495865 189.628006
324.434875 118.134995
180.213409 156.165268
306.544586 168.665176
313.638458 190.272720
294.985626 151.987534
292.175293 168.416489
-1.000000 -1.000000
400.877014 102.403862
95.250847 242.507294
386.961670 102.379936
100.230858 432.462891
344.575897 125.137779
115.695930 185.022858
-1.000000 -1.000000
326.235352 102.481651
312.998779 182.857544
306.672089 194.279251
439.839996 152.851364
296.649353 183.134888
263.247437 120.083916
105.425293 426.769745
431.733673 127.396034
112.917473 346.401489
88.776077 288.494385
192.502380 81.961800
125.500984 139.121475
279.782043 101.849312
116.851700 169.595322
454.419342 188.760849
106.123589 366.464203
257.626190 199.880508
442.585175 147.491837
90.109848 258.917114
106.621506 438.799225
228.765472 189.601715
179.759338 170.163223
240.660400 129.253662
258.117035 104.713539
273.774139 92.039062
87.517548 275.403015
240.590088 101.820221
258.701263 84.976990
93.942970 230.065323
280.487030 180.468155
132.678406 115.948624
230.462875 95.886436
204.277939 119.648613
-1.000000 -1.000000
444.010071 146.635132
297.262146 190.247757
164.407806 76.544449
297.998077 85.105980
325.719391 87.064415
275.575470 77.053185
-1.000000 -1.000000
269.932281 153.657700
184.835693 174.884933
138.071472 96.101463
370.477264 110.114761
203.886017 139.880310
287.024475 79.438347
138.950409 91.635147
228.026703 184.162155
273.147919 164.097412
-1.000000 -1.000000
193.314407 131.734406
200.247360 179.016312
-1.000000 -1.000000
260.307983 187.709579
-1.000000 -1.000000
-1.000000 -1.000000
180.634171 71.215248
282.768921 159.637451
113.596840 161.460556
-1.000000 -1.000000
97.614922 209.209793
-1.000000 -1.000000
