-1.000000 -1.000000
-1.000000 -1.000000
-1.000000 -1.000000
263.403992 273.749573
-1.000000 -1.000000
353.868866 139.676651
257.305511 258.379181
278.455200 276.836700
-1.000000 -1.000000
-1.000000 -1.000000
-1.000000 -1.000000
-1.000000 -1.000000
291.224060 308.819458
-1.000000 -1.000000
306.097443 314.758636
-1.000000 -1.000000
373.728241 438.749176
351.978668 124.572693
321.117737 323.936707
263.490784 289.148285
248.087433 273.559814
-1.000000 -1.000000
293.692841 278.984406
186.066742 246.000122
287.378021 294.151886
445.149750 401.335022
278.732758 261.496094
174.666534 307.512146
338.922485 139.395905
256.600952 242.966248
425.528809 403.943054
377.633392 366.009308
-1.000000 -1.000000
159.810974 242.932617
355.726379 154.921860
421.722107 324.312805
290.828125 323.479218
400.233704 327.812378
363.040344 367.620575
468.577057 363.501373
171.794098 292.523254
186.048172 230.716949
445.359222 286.171143
242.123291 258.314941
461.058411 285.509583
223.743759 262.258972
337.058685 124.384590
392.746124 356.326843
233.866974 369.401489
305.926331 329.604523
159.552979 307.566101
460.108124 393.986664
157.793182 227.693573
453.472229 371.051819
276.137604 308.648438
436.847809 315.628754
261.879517 378.467651
190.121780 261.175598
206.225891 256.077148
169.992020 278.007141
234.986877 354.559937
415.190552 428.469604
156.742096 292.568848
235.977600 337.390503
154.702087 277.841339
293.911163 263.632904
445.202881 386.525055
441.200775 300.992462
206.268036 240.817108
410.589905 406.682098
468.437164 378.412567
322.967163 338.959747
-1.000000 -1.000000
348.534668 367.328613
221.206818 333.320709
221.469254 246.884460
-1.000000 -1.000000
306.319458 300.128052
261.015839 404.647095
377.851349 351.201202
429.495300 389.024719
159.845673 258.083862
261.980469 363.303680
212.353302 369.373535
385.267426 334.659515
440.280853 416.155304
340.707550 154.638336
414.962769 338.971130
277.003784 382.575317
368.958801 382.514069
421.941711 309.463654
460.061493 300.429749
326.414795 301.451599
400.159851 428.151245
233.280533 277.917297
247.965393 288.788239
219.908829 354.574432
181.509827 322.561249
175.163574 263.365173
292.951355 363.562805
262.052521 347.382080
354.966827 109.572899
430.483673 285.939728
375.383301 397.901703
358.158875 352.685760
403.173004 313.017487
354.238464 382.153015
140.327835 269.899872
276.986786 367.204865
421.180176 360.376587
291.249756 242.100693
206.159698 332.408905
337.936768 340.593536
291.919189 385.625305
291.518982 400.717346
159.908691 212.529053
470.430634 348.344208
464.413116 315.614044
204.341400 354.585724
273.211609 245.805801
208.211472 271.215363
259.286346 426.765137
276.256470 403.695862
392.374329 371.419128
446.399597 271.264557
463.010437 270.771698
233.686249 384.319122
355.542603 331.274811
385.404449 426.888824
144.744598 242.952545
361.045105 397.343048
369.034729 140.043793
323.356720 354.567444
289.944885 338.197998
453.682220 356.162628
306.249908 239.676926
180.138962 215.507523
438.457458 371.240692
-1.000000 -1.000000
275.469696 323.197021
139.110321 285.048706
347.554779 169.607300
436.525574 330.636963
323.696167 151.508636
304.423126 224.448563
459.799469 408.948151
241.175949 242.890640
244.259857 426.809174
385.490631 319.670868
468.865540 331.229340
212.065094 384.291321
401.356659 298.435150
334.721924 212.193817
334.963104 197.027802
196.397858 369.777740
414.795074 388.744629
245.645691 405.567383
144.619537 307.774261
333.503357 227.079712
340.150421 109.370155
221.842743 399.410065
261.312500 303.812378
367.092651 124.880440
400.612427 283.424194
201.424118 225.636536
453.458832 180.301331
332.175385 182.481323
319.661835 211.929108
329.126160 254.068466
444.838104 245.930679
365.336090 297.518829
-1.000000 -1.000000
228.716934 426.951050
321.875397 136.417648
319.976807 196.788895
346.042511 397.323517
250.893799 331.889984
361.943451 282.105408
308.916138 268.802277
186.030334 278.252625
329.880402 268.844635
307.741394 344.573914
290.756439 416.287415
275.427521 426.819855
370.167145 336.450378
438.673340 176.010361
442.165955 222.369186
325.514862 167.183075
328.621124 284.855438
304.577545 209.744980
221.410233 231.526367
233.035934 292.752838
308.676758 283.842957
350.371521 184.681198
166.321396 322.574554
-1.000000 -1.000000
370.706512 155.392502
389.575226 399.973114
222.755524 318.063049
371.392883 413.048126
454.315277 330.345428
386.259583 149.536972
339.372406 382.383484
256.927429 227.949814
382.260803 171.292862
317.166718 182.229523
190.463440 307.679810
362.780029 313.105011
410.143158 256.205292
379.827515 302.261902
336.268280 324.632782
454.340729 429.059204
453.688599 165.280472
306.271698 404.990387
-1.000000 -1.000000
343.953461 286.868042
425.165161 256.361237
459.206848 256.051025
350.253601 199.379868
415.480255 283.807587
457.064331 211.918167
429.174194 345.715668
188.690628 354.927063
468.439728 184.708405
142.722183 227.674866
440.515747 207.422745
196.599808 384.521576
396.476898 178.614471
400.471924 240.408401
364.027863 265.741821
307.051880 385.009003
310.515350 166.913132
182.755051 87.169617
459.469055 241.112427
125.332787 266.179565
438.724121 191.689575
370.303131 109.860306
395.281494 255.560028
415.612518 241.084091
350.160187 214.547897
400.523163 149.894348
348.413330 302.224915
207.547989 317.052917
430.312927 240.890045
468.724640 169.680939
167.714920 87.142639
205.845596 399.228363
389.884277 134.477951
308.726929 152.185196
344.351715 242.860229
385.669922 240.087860
362.401733 170.716080
276.392212 230.688339
438.776489 160.953430
217.797409 286.698120
386.232391 287.631805
129.522690 251.107040
170.186142 130.666107
155.089050 130.636673
144.847214 212.668625
190.108536 340.294220
301.919373 194.648987
180.673767 369.393799
152.377914 97.430672
305.725372 420.421021
237.669479 316.833282
411.263672 184.060883
394.084290 199.144119
187.921021 292.765808
361.233032 251.358917
179.541702 102.460365
404.245239 134.936081
213.045319 427.262146
158.730103 157.687317
184.817490 72.281204
345.195038 257.569214
322.062500 121.341621
365.471771 194.326431
173.772766 157.683746
425.739105 206.781235
418.764679 225.073013
411.808777 168.728424
216.867722 302.154755
380.452850 255.048050
143.593826 156.588043
386.330261 272.410431
164.431870 113.286598
181.319550 384.912659
169.764679 72.247711
359.915833 236.323898
324.152954 369.780853
394.800171 218.424057
159.557739 172.608200
149.151367 114.303215
185.361526 130.587433
173.173325 354.378265
152.469238 82.352486
392.015045 119.414619
127.569778 235.950943
323.426849 387.455261
356.580078 412.626099
144.439804 172.468521
410.831665 206.371506
174.700928 172.704407
365.601105 212.098373
-1.000000 -1.000000
306.966339 136.667343
339.504089 412.269165
124.790047 281.552429
322.734833 402.032654
415.679138 150.666824
406.170197 119.856918
139.701096 141.254364
160.083740 197.998398
174.699020 339.511261
260.280670 103.048569
154.642151 67.241966
320.898956 424.329620
379.949036 186.611069
278.168091 135.337967
380.247101 220.313278
-1.000000 -1.000000
190.714996 399.374481
-1.000000 -1.000000
275.348572 110.898087
263.087433 135.316071
145.056061 198.054214
197.426422 426.642548
289.425690 216.005920
260.092468 117.859299
419.492126 135.585754
198.286163 87.231331
379.799713 201.446289
-1.000000 -1.000000
244.674927 111.534294
194.985748 102.313416
307.093628 121.637520
434.641083 146.210083
130.028427 300.514771
175.849777 200.009811
295.062958 170.031097
247.289581 133.116837
200.398621 72.200859
151.453400 323.036102
453.657684 150.217651
127.570068 220.642578
276.075043 95.923164
184.044525 57.069248
293.715057 153.176819
165.651276 369.391876
278.637817 152.394852
129.665649 199.655991
195.354065 210.620041
290.377960 119.629890
189.463211 145.809067
278.417480 169.754730
286.299713 200.847687
263.552185 152.335739
263.301147 168.636261
-1.000000 -1.000000
358.343811 94.174294
114.252625 250.985367
343.253693 94.166527
166.358292 384.919373
307.491577 106.238663
128.942017 183.070389
-1.000000 -1.000000
290.841461 104.728813
286.661713 185.176682
274.566101 215.695953
421.177246 120.476776
272.081085 184.328156
244.580551 96.327202
175.775894 399.553070
386.381897 104.678406
159.473892 339.129333
115.597870 296.860382
199.454834 57.050457
133.721878 126.372704
260.187286 88.178490
128.111694 167.887222
436.515289 130.756134
158.075562 354.089233
241.494614 227.810730
400.198944 105.082390
110.145622 266.595123
182.582474 415.287292
216.755722 216.343735
190.463852 160.624023
229.100464 98.303604
244.621323 81.376060
260.085388 73.487808
110.102821 281.959381
228.804947 75.344742
244.382004 65.729088
112.279655 236.048187
256.584656 183.117340
137.124664 99.273109
222.910004 59.343998
213.903305 87.331779
130.870468 319.788361
413.307037 105.474632
271.637238 200.721390
169.049973 52.006744
278.374054 81.309914
292.699127 90.069595
260.424500 56.323574
452.024109 135.401443
229.369110 113.544571
190.687485 175.426529
137.328949 83.891281
325.973938 105.755333
215.229752 101.952751
277.820587 65.596642
139.464249 66.860306
212.479355 198.692673
232.605453 125.539986
-1.000000 -1.000000
201.382370 115.002388
193.246506 193.013412
-1.000000 -1.000000
240.982437 206.232666
40.335869 309.615662
-1.000000 -1.000000
189.748947 41.356995
247.241806 148.253448
124.087646 153.085556
40.008121 294.661316
112.172737 220.962387
-1.000000 -1.000000
