209.997040 216.751389
161.313843 207.174545
257.403656 262.191559
187.304214 251.393860
281.596985 224.126495
335.598114 267.586395
123.046188 249.780106
301.272186 267.909210
361.439423 197.255219
386.236938 130.137360
352.570892 219.820572
369.992279 175.320724
343.988464 243.828293
160.903809 125.410156
378.265808 151.799316
401.454224 125.613907
183.854370 210.490234
434.239563 210.459030
154.913208 162.858307
151.682556 148.349823
170.203400 100.592293
144.121429 171.796402
120.903946 239.504089
409.248993 147.598038
447.331116 246.087753
440.969177 229.150955
129.764648 284.232025
423.244385 184.496811
377.636597 168.795700
212.491074 248.365265
254.673691 223.269119
387.056763 146.105530
164.570633 239.833038
416.653809 166.600510
146.200150 186.250351
191.666748 296.926300
264.786316 376.246857
369.849304 191.763184
361.630371 214.483200
215.409393 374.355774
139.701019 208.108597
238.525497 304.651306
327.497131 208.094589
344.055115 259.743195
337.149780 289.837280
421.559784 325.692413
130.681351 338.724182
423.910461 181.254715
416.967499 415.831299
232.876434 249.950470
300.812714 360.885925
283.473175 257.552063
-1.000000 -1.000000
151.421753 339.244507
185.437576 350.393707
414.652069 149.706696
-1.000000 -1.000000
310.066071 162.734634
275.349030 358.116852
352.099274 237.824387
182.605927 441.709717
228.537750 358.698303
171.629593 345.473328
126.849899 215.113388
130.773727 231.078049
241.875656 327.910370
406.844391 269.843170
182.236008 387.650024
388.941010 272.550507
164.146530 141.170441
320.065002 365.095062
168.762375 119.753479
424.541260 331.500336
370.364380 376.330597
-1.000000 -1.000000
237.950027 418.872070
-1.000000 -1.000000
387.678833 283.355713
134.711349 192.841782
193.586838 321.580719
415.495056 370.913849
-1.000000 -1.000000
371.532166 275.519806
-1.000000 -1.000000
352.156036 384.133820
146.866089 432.843750
122.729446 430.791901
-1.000000 -1.000000
383.476990 379.702637
187.985748 413.726593
383.968445 228.557831
440.128754 284.147522
396.795837 335.645477
403.241211 226.945953
381.796783 428.284607
398.561676 217.947479
186.281281 362.341919
-1.000000 -1.000000
367.821472 286.644592
425.727356 391.471527
233.191727 370.795715
364.526672 393.881348
-1.000000 -1.000000
395.508850 387.572388
429.553436 206.335907
418.665894 436.314240
405.127716 281.360504
431.007599 293.388916
427.173706 187.720261
401.509766 371.039551
402.819000 299.290985
-1.000000 -1.000000
105.332588 267.263000
354.398926 296.489502
167.230911 437.944458
417.858459 224.740799
430.418762 364.529938
133.984787 372.051422
365.705688 354.595276
370.837982 304.654144
-1.000000 -1.000000
-1.000000 -1.000000
229.642700 396.670166
-1.000000 -1.000000
382.819885 219.137009
-1.000000 -1.000000
395.415863 181.943039
386.707916 198.135406
400.733063 193.058289
442.329559 244.211044
436.037720 225.559357
351.821838 399.449585
-1.000000 -1.000000
160.939041 390.135345
374.790497 250.621613
259.237488 99.289749
302.824890 223.878265
295.153717 355.156464
303.837280 422.418274
382.121002 394.217712
281.851166 419.924042
289.248016 326.094910
-1.000000 -1.000000
392.188141 329.990204
309.365906 330.202118
304.100922 109.220428
135.205688 307.886139
350.279999 430.360931
-1.000000 -1.000000
-1.000000 -1.000000
412.565277 388.056183
392.381531 248.068939
-1.000000 -1.000000
406.865814 180.196655
408.639313 245.964325
235.157532 231.085220
413.538208 399.181488
320.044922 357.827545
280.432281 394.456024
188.320068 373.210571
-1.000000 -1.000000
445.080811 292.821869
161.404633 249.489685
261.914978 390.422943
-1.000000 -1.000000
367.751740 402.233215
-1.000000 -1.000000
195.474365 342.438354
242.198227 350.277863
399.176819 396.066101
386.141815 331.882935
356.323822 427.511230
253.171768 250.532303
156.900070 312.860077
386.030670 344.482788
210.148163 258.589417
-1.000000 -1.000000
183.501648 241.404938
421.682098 382.157013
360.596313 334.837311
131.323624 399.247375
197.066101 307.840912
382.609528 418.523987
139.866791 294.730469
334.116791 312.005646
219.010651 227.796707
-1.000000 -1.000000
355.218353 346.499115
408.411621 442.342682
317.066559 108.528214
410.420990 242.725250
215.335815 299.751495
-1.000000 -1.000000
381.400452 283.451508
-1.000000 -1.000000
-1.000000 -1.000000
237.619537 383.062256
143.042862 426.020874
124.017639 383.567749
-1.000000 -1.000000
170.187653 336.823395
320.999756 222.357071
262.182220 306.157715
311.733704 243.754669
398.597839 281.522858
371.764801 253.806473
418.605316 277.073181
-1.000000 -1.000000
-1.000000 -1.000000
381.684601 423.537476
-1.000000 -1.000000
136.564743 332.530884
271.558502 402.989532
236.235031 441.742340
-1.000000 -1.000000
355.266815 337.149780
188.949097 434.970856
391.552765 217.221573
211.448029 325.139313
-1.000000 -1.000000
163.672089 299.576691
415.967987 348.545746
168.035309 429.427399
414.264404 327.621277
-1.000000 -1.000000
-1.000000 -1.000000
-1.000000 -1.000000
386.590973 327.682648
407.985687 214.071991
200.979431 418.054413
211.280640 387.855957
265.502167 330.358704
154.745239 405.633667
298.776825 258.516266
-1.000000 -1.000000
399.523529 207.555237
421.776855 305.470459
130.153763 238.032288
385.613098 208.321671
-1.000000 -1.000000
392.783234 235.304428
376.771423 402.899445
245.606705 312.758057
374.018951 331.090179
352.076202 426.460968
352.724274 335.476471
-1.000000 -1.000000
415.590027 325.401276
406.770081 398.419861
327.959290 213.599091
373.142914 237.557297
378.658264 304.374847
-1.000000 -1.000000
445.888397 270.130280
-1.000000 -1.000000
390.673065 250.647095
345.043884 410.440521
311.741089 314.880493
365.786774 236.297989
-1.000000 -1.000000
409.208160 299.294434
412.073730 349.716431
279.832367 267.966644
434.139526 348.771790
-1.000000 -1.000000
282.022308 311.870361
354.155029 414.071045
410.832214 418.164398
-1.000000 -1.000000
216.257416 345.148285
-1.000000 -1.000000
282.798340 77.829941
383.374359 331.314301
356.729370 331.117493
339.912354 313.997925
-1.000000 -1.000000
179.739822 99.024620
419.500977 170.804916
122.803482 260.787537
386.079956 424.248444
319.357666 234.566772
-1.000000 -1.000000
404.398132 324.073700
410.450928 421.305664
263.199524 102.022293
348.907074 365.291656
358.253906 395.346710
-1.000000 -1.000000
388.897583 388.181244
-1.000000 -1.000000
-1.000000 -1.000000
417.761261 382.298828
377.840485 424.369507
276.345123 366.792328
381.216431 355.137024
264.196991 353.616516
154.523438 138.281494
-1.000000 -1.000000
378.694763 449.002991
224.423691 322.596527
246.396942 434.434204
410.506195 417.250397
212.003296 436.650024
422.221680 233.786438
348.252869 429.203033
190.713913 111.012245
382.188354 189.388947
-1.000000 -1.000000
385.766113 318.774414
310.595734 227.155014
319.512390 406.082428
-1.000000 -1.000000
177.477890 317.721344
320.046356 65.943542
362.425629 382.934418
413.389679 443.007355
300.576019 128.484863
398.569244 176.231842
-1.000000 -1.000000
-1.000000 -1.000000
-1.000000 -1.000000
214.652969 360.415192
329.290344 288.660950
366.536926 436.048401
163.032852 225.462433
385.065247 178.468674
408.663025 328.018707
189.408432 94.910248
161.035355 149.029480
426.492798 423.979828
394.114380 376.165222
-1.000000 -1.000000
-1.000000 -1.000000
-1.000000 -1.000000
-1.000000 -1.000000
-1.000000 -1.000000
411.964172 419.353851
317.371185 142.607773
-1.000000 -1.000000
-1.000000 -1.000000
303.420441 247.289276
-1.000000 -1.000000
-1.000000 -1.000000
313.045380 120.686455
215.938904 394.380402
406.884979 230.795853
388.558655 233.692001
145.638199 160.949463
-1.000000 -1.000000
338.174927 239.698837
136.217575 384.858185
-1.000000 -1.000000
380.148926 373.881989
123.823196 439.481537
376.465942 338.275055
133.408203 249.161697
-1.000000 -1.000000
329.067749 265.968048
386.734558 336.872986
416.062256 328.294647
112.575562 235.348587
344.903992 336.118042
-1.000000 -1.000000
309.721832 251.711639
435.633636 199.847733
144.614487 144.677856
401.749176 337.600311
-1.000000 -1.000000
424.083954 368.002136
184.987854 110.758842
-1.000000 -1.000000
-1.000000 -1.000000
161.975189 97.893944
455.722504 271.080811
-1.000000 -1.000000
414.754425 176.912811
169.784531 127.643753
-1.000000 -1.000000
337.188660 254.587524
370.050323 342.726654
-1.000000 -1.000000
431.446960 332.388458
316.010986 395.817261
182.729126 397.432251
226.437363 425.835144
410.581146 249.436569
-1.000000 -1.000000
-1.000000 -1.000000
154.086456 170.780197
112.331200 267.123138
405.674988 424.330872
318.673340 125.202789
129.279419 347.404663
374.020630 431.289948
153.744385 121.784477
262.913788 361.172424
362.736145 319.287079
-1.000000 -1.000000
354.406403 208.648788
364.412018 167.948349
363.891571 187.792068
404.304016 353.227325
457.386871 245.249954
-1.000000 -1.000000
422.063629 405.065338
-1.000000 -1.000000
228.976913 348.596893
326.910156 238.879395
358.794037 223.962555
136.766129 167.682449
121.231178 228.042618
357.136230 342.576752
-1.000000 -1.000000
-1.000000 -1.000000
367.381042 201.440125
-1.000000 -1.000000
-1.000000 -1.000000
414.276306 314.029114
-1.000000 -1.000000
253.567444 101.088379
276.502289 103.169571
261.788940 221.398026
386.064575 156.905029
337.984192 235.546738
382.224701 325.472137
-1.000000 -1.000000
382.636719 425.515533
320.610107 110.408195
350.002747 247.326248
-1.000000 -1.000000
