-1.000000 -1.000000
-1.000000 -1.000000
-1.000000 -1.000000
279.000885 259.328094
-1.000000 -1.000000
397.371277 152.990982
272.854492 242.468140
296.917267 263.163727
-1.000000 -1.000000
-1.000000 -1.000000
-1.000000 -1.000000
-1.000000 -1.000000
312.287994 297.042816
-1.000000 -1.000000
327.005951 302.630798
-1.000000 -1.000000
-1.000000 -1.000000
396.677979 138.463150
339.730530 313.797424
278.372620 276.627258
261.961761 261.223175
-1.000000 -1.000000
317.613037 264.881012
189.554031 235.485901
308.294312 282.231567
-1.000000 -1.000000
299.647430 246.763733
150.572083 294.779694
386.126068 148.512772
273.487366 226.311874
-1.000000 -1.000000
368.841248 385.010101
-1.000000 -1.000000
157.970352 229.696701
398.101135 169.119537
408.105286 369.036407
310.911346 313.296478
393.546814 365.334045
358.753540 381.125824
431.630676 438.260590
150.552231 280.087891
189.540344 216.141830
433.289337 348.460938
256.438568 244.018539
441.405548 352.492523
231.574997 249.399857
385.482117 134.818420
384.190613 385.766479
215.586716 370.717529
323.092346 318.945007
135.729797 295.815948
-1.000000 -1.000000
157.168671 212.711777
418.106018 437.142670
292.068115 297.324615
423.589417 370.161316
249.971634 378.316681
193.851120 253.705048
211.010025 242.865005
156.538498 267.001251
218.578857 355.627563
-1.000000 -1.000000
135.864014 281.058258
224.728287 329.722137
140.554581 266.965302
319.287384 250.772858
-1.000000 -1.000000
429.204834 360.363739
211.691116 224.182404
-1.000000 -1.000000
-1.000000 -1.000000
333.585114 328.368103
-1.000000 -1.000000
345.542877 379.264191
208.511002 324.096558
229.233276 228.950333
-1.000000 -1.000000
328.644287 286.321136
238.524063 407.005524
370.058929 372.278534
397.024017 438.686005
157.343445 248.179962
251.505600 361.573730
189.482376 370.952301
379.498901 364.458466
-1.000000 -1.000000
387.410522 161.380493
402.487640 382.398804
267.726013 382.290070
362.039368 398.678314
409.538696 356.276031
439.201416 369.181763
348.182556 292.729370
-1.000000 -1.000000
244.383652 269.254944
261.726959 278.380005
200.346802 355.122223
153.987503 309.857422
175.572296 256.020325
286.713562 352.426208
254.044250 337.971436
398.277496 122.770172
421.380066 340.941620
362.703644 414.345428
356.402863 363.312622
395.877045 350.557983
348.769806 395.965515
129.496307 260.307648
269.285797 365.787445
399.939148 403.480804
319.385254 228.792633
190.591156 326.670624
344.543091 334.020020
284.359924 383.166107
278.607208 401.066742
161.151230 197.304092
432.925903 423.868866
437.595215 384.188507
180.767258 356.318481
297.776855 229.594696
212.781479 261.411652
216.312134 438.618195
257.442719 406.177277
380.532745 399.430481
433.896942 333.645416
443.794098 338.642731
212.137939 386.509521
359.028015 336.947021
-1.000000 -1.000000
142.024582 232.012695
351.949890 412.518036
406.429840 157.795502
324.995331 343.323792
301.466431 326.630493
420.947296 420.143677
335.812500 233.288147
183.516907 199.131104
404.377563 423.641418
-1.000000 -1.000000
283.833801 311.117828
120.228386 274.759857
392.109589 173.982437
419.972626 384.014923
372.539276 155.829300
338.136932 217.110382
-1.000000 -1.000000
255.736267 225.949890
198.616699 438.857452
381.228271 345.696045
433.315186 406.186340
180.554138 385.171967
395.628448 335.167480
371.237946 210.979843
375.206848 195.225998
159.202148 374.720673
387.733368 433.140686
212.032150 403.894196
120.771545 298.457703
368.120972 221.618179
385.936432 120.712936
182.044205 400.975586
273.381531 292.361542
406.735168 141.752243
398.163513 318.196503
207.575684 208.967056
458.119141 231.111191
374.898529 184.200317
356.014893 209.309433
358.125916 247.730316
435.289581 307.262512
372.900787 308.855499
-1.000000 -1.000000
-1.000000 -1.000000
372.000183 141.426636
360.954315 192.985397
337.999512 409.556915
244.244537 319.141479
376.068054 293.948029
333.981354 259.211182
189.710556 272.655762
354.996216 265.652100
315.382660 331.929535
263.786285 418.444183
240.153763 433.210999
364.863983 353.152588
447.340576 224.667587
439.585876 279.807068
373.223419 165.543869
350.765259 279.373138
341.324188 205.446457
231.915009 212.463913
241.059418 284.333832
333.455292 268.618530
391.928101 190.401550
139.487076 312.470062
-1.000000 -1.000000
404.823792 175.918915
366.794830 421.793976
214.176819 306.441254
350.172089 434.428528
429.832031 395.645538
414.841949 174.102295
335.059326 393.035919
278.926056 213.381561
409.366760 198.764343
360.251221 182.783615
174.393723 296.259491
365.164398 322.627319
412.565826 297.013153
380.479492 322.622314
350.140533 318.348541
-1.000000 -1.000000
461.955688 216.115372
292.810699 404.313507
-1.000000 -1.000000
361.302917 289.770477
422.353699 304.745514
442.617218 321.766052
388.104584 204.041931
407.282715 323.354187
451.981079 274.524536
409.322266 394.906677
152.325821 358.377869
-1.000000 -1.000000
140.805725 217.034760
442.161346 267.328827
149.621796 387.354126
419.313934 214.905792
411.857361 276.977051
381.676453 283.870789
305.626862 382.164215
357.541992 164.361008
196.980026 96.325172
445.993683 305.029816
115.599297 257.219025
445.088226 249.030838
412.056732 124.256264
402.644592 288.549835
423.664337 283.870880
385.842041 217.505112
429.560547 188.029785
361.816040 303.377838
196.088730 306.073212
430.517181 292.515045
-1.000000 -1.000000
182.505966 95.513031
152.948349 405.905090
420.308136 155.742325
354.720825 156.462189
373.478455 243.581512
400.551361 272.187836
399.336395 184.925461
303.557465 216.312683
452.287720 209.549942
220.238937 277.357483
390.265503 312.815765
122.169319 241.783844
179.414398 133.928802
164.353256 133.975983
144.450546 203.308182
159.452591 344.925873
343.237640 189.700897
138.717239 373.224579
166.840576 104.442192
279.978424 420.639862
235.255905 305.013641
428.361938 227.302231
413.483673 229.124313
179.928024 283.484192
379.374298 265.675079
192.984116 108.851410
434.266876 168.105057
-1.000000 -1.000000
164.059692 158.897324
200.275681 83.678490
368.290070 261.179565
373.142578 128.018524
397.976074 207.701065
179.120697 158.974960
436.898529 259.034363
430.524384 270.976349
433.068542 213.719803
209.394958 290.456299
394.582031 281.158600
148.811813 157.916397
394.421570 298.899445
177.551270 115.678986
133.068390 390.457642
185.960312 82.873421
381.674438 245.344727
322.424225 359.001801
410.742554 249.865891
163.102844 172.384811
162.253433 116.964043
195.157455 133.801468
136.193573 358.040466
169.078613 89.612251
430.454468 145.681503
120.777832 227.832214
319.617035 387.530365
339.471466 425.461182
147.647583 171.264297
426.709900 242.481888
178.558456 173.114365
393.821411 223.297501
-1.000000 -1.000000
345.062164 150.572983
324.232056 415.210419
109.003143 270.831177
315.081543 401.912170
441.049866 197.215454
438.106171 148.725342
147.812454 142.216064
162.441681 186.035339
142.442276 340.908264
298.904449 108.713470
172.247543 76.751465
298.022308 422.195679
409.450134 210.929016
315.287262 136.474258
398.282928 242.024750
-1.000000 -1.000000
138.033768 409.633179
-1.000000 -1.000000
314.868774 113.225296
300.762756 137.632904
145.090744 190.822006
-1.000000 -1.000000
316.300842 210.779114
299.544220 122.648445
446.907898 178.356155
211.035126 98.295486
405.833649 223.659027
-1.000000 -1.000000
283.617584 122.537689
207.569641 109.399506
347.830078 141.333527
457.130859 197.928497
109.041870 289.780518
179.585098 186.175171
327.788177 171.382767
286.945862 140.997849
213.852081 84.432541
124.152107 324.107819
467.374451 204.011703
123.737656 211.682327
313.898041 98.509163
198.775742 69.437897
327.609772 154.209366
123.630585 378.911041
313.632721 152.513733
128.410095 194.622604
201.514725 194.795746
328.201141 121.825134
197.664688 146.739990
310.928253 169.793594
312.672882 201.189728
299.136749 152.979950
296.494965 169.440552
-1.000000 -1.000000
403.148315 107.540337
106.657372 242.194946
389.074463 107.479767
117.567169 429.641571
348.432495 127.377258
130.215576 180.760773
-1.000000 -1.000000
329.671631 106.105637
316.160217 185.803665
302.477112 209.175446
446.282990 153.176682
301.333099 184.684387
277.796814 111.240723
122.522232 424.059601
434.864471 130.095764
127.309059 345.220032
101.369736 289.316040
212.748108 69.549484
141.999924 130.992889
290.920135 95.978722
131.729309 164.960861
463.857666 180.909103
121.219200 364.781647
255.835831 209.787231
446.918488 144.475891
101.468735 258.587463
124.167763 436.831268
229.451859 198.508682
195.538162 162.762680
257.036560 120.412193
273.537109 96.484329
287.988525 85.793068
99.412941 275.304993
256.839569 93.336220
273.744812 78.720886
105.237846 229.113953
285.236023 181.879257
150.378601 106.175919
246.689972 86.076759
224.418503 106.321114
-1.000000 -1.000000
448.355927 143.284607
294.797791 203.153168
184.344055 64.040375
306.761597 88.107613
329.209473 90.539597
290.630859 70.481186
-1.000000 -1.000000
274.372437 152.776062
193.737106 177.237137
156.627502 85.575592
369.700134 117.097954
221.858841 131.611694
303.208160 78.263161
157.856522 79.850586
228.365723 192.392349
277.594360 164.857895
-1.000000 -1.000000
212.399429 119.671577
204.784317 183.112488
-1.000000 -1.000000
258.110016 197.010605
-1.000000 -1.000000
-1.000000 -1.000000
202.377075 58.235687
287.284576 160.629593
128.742584 155.819565
-1.000000 -1.000000
109.978386 208.061951
-1.000000 -1.000000
