-1.000000 -1.000000
-1.000000 -1.000000
-1.000000 -1.000000
280.841766 246.031540
-1.000000 -1.000000
395.650879 149.639526
274.522247 229.525055
300.079010 250.536636
-1.000000 -1.000000
-1.000000 -1.000000
-1.000000 -1.000000
-1.000000 -1.000000
319.426575 280.730011
-1.000000 -1.000000
334.786346 284.822449
-1.000000 -1.000000
-1.000000 -1.000000
394.978394 134.461212
346.823425 297.141846
280.304718 262.896362
263.461060 252.296875
-1.000000 -1.000000
322.837402 250.290298
185.201050 233.596893
314.460846 266.896973
-1.000000 -1.000000
303.235016 232.078003
138.586456 292.372406
385.783386 143.461792
275.085419 213.094681
-1.000000 -1.000000
368.278564 378.611786
-1.000000 -1.000000
150.089127 227.459412
395.934753 166.845093
399.283783 371.091492
318.675415 295.930298
388.337311 364.138367
359.303436 372.742737
413.593079 438.777496
138.965332 277.507660
184.866638 212.478363
417.694366 355.470306
258.006561 235.191895
422.878662 360.941040
228.496674 242.269684
384.796082 129.733124
380.272156 382.013367
212.534988 366.115112
329.979736 300.770325
123.518524 294.433411
-1.000000 -1.000000
149.088318 210.023224
-1.000000 -1.000000
295.493988 282.357086
410.756195 375.096100
248.826706 369.975677
190.445053 250.901474
207.272476 236.819077
147.944260 264.710938
215.631516 350.842896
-1.000000 -1.000000
124.004532 279.399200
222.173523 324.235657
129.664581 265.275238
324.456024 235.427185
-1.000000 -1.000000
414.789124 366.777283
207.720810 217.112274
-1.000000 -1.000000
-1.000000 -1.000000
339.105194 310.515198
-1.000000 -1.000000
347.675140 369.481689
204.599289 318.133759
226.513443 219.919540
-1.000000 -1.000000
335.831329 267.675415
234.624496 399.276917
369.445709 366.412933
387.355133 437.692535
149.145233 245.767227
250.451050 353.336151
183.397400 367.328766
376.410370 360.538849
-1.000000 -1.000000
387.008972 156.473145
394.018524 383.479431
267.419983 372.836914
362.122284 391.379730
400.424225 358.863739
420.394043 377.382416
354.534851 277.846405
-1.000000 -1.000000
244.514053 261.660522
263.597595 267.287659
195.285812 350.972290
141.905121 307.633881
169.511063 253.555069
287.889343 340.855865
253.372360 327.663971
397.119293 118.227180
409.268463 345.808655
362.650940 405.968048
357.583130 355.279572
389.796051 349.477203
350.514069 386.159882
118.696014 259.395966
269.262573 356.637451
391.200928 403.547180
323.564758 214.084274
185.009659 323.068298
349.651337 318.349182
284.771332 371.049347
278.307281 389.778503
152.188889 194.594864
413.660004 431.162506
417.347870 393.359070
174.677032 353.483154
301.555511 214.630051
209.009506 255.111832
210.507797 437.856934
255.515579 398.010864
376.685120 395.776154
417.886993 339.640686
425.028046 347.805359
208.683746 382.426300
362.004730 325.269714
-1.000000 -1.000000
133.138672 231.517181
353.358887 402.762848
403.494293 155.851669
329.821045 325.582428
305.457642 309.220398
405.370148 425.743835
339.985657 219.964172
177.883224 194.936523
392.396362 424.917847
-1.000000 -1.000000
285.937775 295.276062
108.426483 274.216339
391.388977 169.844421
407.530090 388.796967
373.594604 148.201569
341.954254 204.555618
-1.000000 -1.000000
257.422546 216.346405
190.843430 438.282837
377.509003 341.558411
412.806396 413.992920
173.877609 382.403351
389.216003 333.165649
374.093811 200.416840
377.596985 185.283142
148.026978 375.136139
380.539764 431.139771
207.464203 399.436157
108.321472 298.422150
371.399902 210.754562
385.338379 115.677933
173.659363 398.265778
275.933136 278.961914
404.397552 137.949478
390.808014 315.916870
203.490402 202.726334
442.950592 239.100906
377.002258 174.538132
359.303345 197.164581
362.816193 234.609024
416.802795 313.088928
375.421204 300.903564
-1.000000 -1.000000
-1.000000 -1.000000
372.736267 134.393951
363.557770 181.708954
340.381012 398.810242
242.811050 308.880005
377.941345 286.877045
339.333649 243.729675
186.088058 269.608002
360.116882 251.422089
320.142853 314.036926
261.929169 410.050812
235.350571 426.617554
365.118652 345.608429
432.859863 230.484665
422.049316 285.624481
374.568207 156.875717
356.706543 264.032288
344.729584 193.433701
230.193008 202.853836
240.944183 276.666046
339.555756 251.712112
392.021240 184.476639
126.945778 310.999603
-1.000000 -1.000000
400.464417 174.864014
365.490570 413.962158
211.281738 298.521088
349.546875 427.313538
411.335022 403.201996
407.959747 172.627991
337.824402 381.902283
279.972412 199.256119
402.723328 198.743484
362.652313 171.870773
167.556366 292.908630
369.231262 312.268250
403.315338 297.810516
377.791534 316.816895
357.131439 304.267914
-1.000000 -1.000000
449.318604 225.134354
294.030334 390.736420
-1.000000 -1.000000
366.034424 278.124847
409.585297 307.713409
423.286804 330.041382
389.096527 196.893188
398.498657 322.601959
434.179230 282.457489
399.677429 396.747589
138.148834 358.310516
-1.000000 -1.000000
131.361038 216.699905
425.001465 274.630737
134.484314 387.971863
408.730225 216.035278
403.523499 278.086823
383.207855 279.459137
309.746857 368.706024
359.507721 154.463837
178.530624 107.845314
426.114594 312.582611
104.716461 257.079651
429.217987 257.626526
410.249237 119.549728
395.947388 287.283630
411.962860 286.732574
387.029175 210.508652
420.879120 189.876663
365.933289 291.671722
190.829224 301.240234
414.552429 297.030029
-1.000000 -1.000000
164.203674 106.868828
137.484116 407.423981
414.825287 151.128342
356.299591 147.727737
376.362457 234.039078
395.477264 271.325409
396.806152 182.782852
307.479462 201.454758
439.095795 212.365982
215.628036 270.077667
387.045685 308.739563
111.593620 241.395844
162.886902 142.468918
147.957001 142.448456
134.856476 204.149948
149.590942 345.159241
346.432007 177.783539
123.935974 374.398621
149.096786 114.924217
279.046814 409.534393
233.825485 294.803223
415.200745 230.121323
404.830750 228.604660
174.493652 279.978546
380.930939 260.351685
174.805634 119.987648
428.229950 168.180603
-1.000000 -1.000000
148.652527 166.215195
181.550842 95.556854
371.965302 250.214340
373.781158 121.513252
396.139465 204.680496
163.631165 166.462418
420.952606 267.118439
416.334656 276.013275
420.557587 217.447495
205.203201 283.377197
393.421173 278.726440
133.428619 165.193588
392.258850 295.531738
159.923019 125.759460
117.738731 392.178223
167.317078 94.717758
382.852234 238.679993
326.875641 341.931030
402.460175 248.334106
149.185287 176.259354
145.099106 126.183990
178.223419 142.710983
121.892639 359.023468
150.770020 100.667557
425.844452 141.543777
109.630875 228.534607
322.797821 373.955475
341.071503 415.155121
132.935760 177.518173
413.931244 244.697098
165.047806 176.000977
392.438843 218.524414
-1.000000 -1.000000
341.614502 150.307877
326.254364 402.080109
97.237312 270.739960
318.334961 388.187134
431.929108 202.778687
434.124237 148.564819
131.985413 149.849792
152.332260 183.912552
128.922134 341.063354
294.095032 107.689400
154.000244 88.235382
299.114716 409.102264
402.676117 210.818268
311.703186 133.336090
394.817566 238.853912
-1.000000 -1.000000
122.146423 411.942352
-1.000000 -1.000000
311.643250 109.762650
297.114410 136.553787
133.213013 193.797775
-1.000000 -1.000000
319.478943 196.404892
295.441132 120.497086
439.476624 181.401581
192.332031 110.218468
400.625061 221.739700
-1.000000 -1.000000
275.813416 130.144440
189.078720 120.892662
344.495911 142.108139
446.107513 201.968307
96.788879 289.238556
172.450256 182.672089
323.732056 170.184982
282.914917 143.795410
194.792099 96.458275
110.988350 324.702789
454.976562 211.573959
111.848267 213.188095
310.387665 95.016731
180.007797 81.363770
323.788177 153.096283
108.569374 381.375885
309.836670 151.429565
115.437851 197.487946
196.735092 189.770844
324.730804 118.142220
180.913254 155.769348
306.845215 168.606522
313.763153 190.551712
295.341431 151.901901
292.477112 168.351364
-1.000000 -1.000000
401.139587 102.442726
95.722710 242.501541
387.221039 102.419685
100.797539 432.429199
344.865692 125.174652
116.297165 184.873215
-1.000000 -1.000000
326.519531 102.488113
313.241302 182.919174
306.728424 194.686447
440.285065 152.703491
297.011505 183.119507
263.924286 119.681458
105.985222 426.718109
432.097168 127.374611
113.427147 346.404236
89.237381 288.526337
193.370605 81.454407
126.174294 138.832169
280.293457 101.493080
117.485489 169.428986
454.937317 188.289337
106.659164 366.451385
257.698120 200.124512
442.973755 147.198624
90.555626 258.915283
107.195503 438.784790
228.907135 189.832352
180.300919 170.021027
241.361969 128.852097
258.797913 104.321365
274.391937 91.721138
87.976631 275.397919
241.303635 101.423752
259.383850 84.661140
94.416756 230.052872
280.842621 180.454163
133.456604 115.555756
231.237732 95.404541
205.100845 119.085846
-1.000000 -1.000000
444.432373 146.376740
297.420013 190.523331
165.291519 76.039742
298.383331 85.100571
325.978851 87.063934
276.257965 76.750404
-1.000000 -1.000000
270.228394 153.531891
185.251617 175.036133
138.884369 95.687065
370.672516 110.192253
204.608444 139.629395
287.718781 79.289146
139.697006 91.275482
228.157242 184.387039
273.449005 164.087311
-1.000000 -1.000000
194.103683 131.237946
200.458160 179.150131
-1.000000 -1.000000
260.317078 187.949005
-1.000000 -1.000000
-1.000000 -1.000000
181.530182 70.718201
283.137634 159.585861
114.237854 161.316925
-1.000000 -1.000000
98.164474 209.152908
-1.000000 -1.000000
