208.344299 234.802948
167.917694 219.793686
252.042969 279.812988
193.423416 259.853546
266.989960 252.727356
313.170197 304.804047
139.889130 255.276306
290.492188 293.887451
338.511261 223.845169
363.945374 142.455872
329.659302 250.407013
347.595001 197.612244
321.161713 278.134094
178.746231 111.486839
355.726257 169.699097
386.606506 130.902786
185.870102 224.613602
441.686859 187.050842
173.854645 151.977020
169.407944 138.395889
187.287476 84.272842
161.994598 165.002151
136.917587 244.731171
395.221710 145.705902
466.458344 211.416260
454.917511 199.587799
147.168762 288.059509
421.186676 170.640793
357.453552 187.700211
214.748108 261.354401
245.576035 245.692215
366.646912 160.814758
174.587646 246.508194
408.584473 158.596634
164.449524 179.850327
200.804520 309.204803
268.532318 393.553101
349.529694 214.988388
340.706421 241.489151
228.666214 383.852722
156.739365 206.095871
239.762833 323.112396
314.204010 224.692352
323.001984 295.388428
317.155121 323.548431
448.162109 292.818909
157.682632 338.800354
421.218964 164.453445
457.242859 375.253204
232.393250 265.211121
296.278687 386.031708
273.599701 280.603302
-1.000000 -1.000000
175.202454 342.510773
200.752060 357.860321
403.864532 145.394531
-1.000000 -1.000000
303.136353 165.939392
275.736633 379.088562
331.628937 269.197418
210.824371 442.524139
237.045609 372.023560
190.827393 350.921631
143.917099 216.198990
148.205978 232.280563
247.050446 343.962463
417.137634 252.370041
205.382874 393.030426
391.282501 267.971619
183.183228 127.017548
311.952820 392.491577
188.555206 102.817429
454.272491 308.496307
375.602570 381.499481
-1.000000 -1.000000
256.769440 427.973145
422.206024 420.409363
387.040497 282.404236
152.368744 190.340775
207.166870 330.992462
438.452545 344.362976
-1.000000 -1.000000
365.791840 284.092377
378.932495 449.121979
350.269470 399.802856
185.056976 428.446930
165.474396 422.579071
448.842560 429.527893
394.193085 372.798401
216.683838 415.888153
373.999908 237.442627
463.716827 242.261337
411.819763 332.096924
400.506927 222.800034
410.193451 425.689056
392.149536 215.568939
203.188309 369.963684
-1.000000 -1.000000
359.992310 298.607513
464.619415 351.676788
242.419495 384.231323
371.255798 398.200745
-1.000000 -1.000000
415.312836 370.628540
433.456635 186.286758
462.612274 395.484985
412.383942 267.620880
456.537659 260.466187
428.405151 171.604843
419.604462 354.415466
412.853180 287.687622
211.727844 454.094055
124.037926 273.348419
335.544617 328.426331
200.438446 435.852264
423.784698 209.922699
463.336609 327.258881
165.034180 370.569824
369.117004 363.754303
368.218140 314.183289
-1.000000 -1.000000
-1.000000 -1.000000
244.900101 407.841675
430.048065 439.054260
370.469025 227.106033
-1.000000 -1.000000
381.917755 189.085037
374.343750 202.200577
395.015900 188.854446
459.063690 211.125458
446.229401 199.065903
352.882233 412.590393
-1.000000 -1.000000
192.676346 391.162994
366.106354 260.589996
266.766357 88.295708
284.071106 255.898544
291.001038 376.879913
309.500732 443.097717
396.708679 385.768188
291.855286 436.558899
284.079437 350.352356
-1.000000 -1.000000
405.344421 318.047821
300.968384 358.370453
290.626160 117.952629
160.313217 310.732086
360.444489 439.136475
174.962402 453.362854
450.922699 443.172821
440.802612 358.579529
391.533844 244.431854
-1.000000 -1.000000
400.435486 176.822830
411.396240 233.458069
231.937042 249.836517
451.551666 362.756531
311.300293 383.176331
285.623047 413.131042
208.803406 381.757141
-1.000000 -1.000000
472.188538 249.725983
173.352280 256.473999
268.959381 405.952057
-1.000000 -1.000000
378.233551 404.665710
-1.000000 -1.000000
211.776123 351.224854
250.312088 364.498962
422.231689 377.758057
395.651154 325.165009
370.120178 430.042297
247.843475 268.593658
178.245163 318.612671
400.140137 342.114471
214.096863 271.590393
-1.000000 -1.000000
189.207489 248.574875
456.546539 345.030670
360.886475 345.135101
170.443756 394.824188
208.128540 318.515808
408.578857 396.620209
161.438721 299.000183
318.070984 344.718292
218.472961 244.121948
-1.000000 -1.000000
355.304596 368.585876
444.180054 408.520874
303.207611 116.050430
417.350586 226.074738
220.868500 315.322235
-1.000000 -1.000000
377.367462 288.501617
-1.000000 -1.000000
403.582642 243.158356
249.299774 397.207672
181.530914 418.281036
159.270752 382.029846
377.538788 259.254578
189.366089 339.980682
306.177155 243.249725
259.950714 329.242340
295.919891 270.765137
402.738708 273.586700
360.170349 267.315460
428.942596 257.615540
-1.000000 -1.000000
486.494324 232.177948
405.160400 409.861755
-1.000000 -1.000000
164.333298 331.251099
280.336304 424.037781
258.399292 449.263062
-1.000000 -1.000000
351.235107 353.182068
221.110809 437.663910
381.746185 220.947800
219.617783 335.482117
-1.000000 -1.000000
181.349869 306.929810
443.433655 316.800720
199.924606 424.515594
434.367004 300.621948
-1.000000 -1.000000
-1.000000 -1.000000
361.827606 454.601562
397.151794 317.152466
404.284332 207.340286
227.185654 421.371155
227.689926 396.087952
263.126312 345.819092
189.263779 403.785217
285.562653 283.946106
-1.000000 -1.000000
394.000549 205.850784
445.954254 276.591583
147.336044 241.617142
372.812622 218.214111
-1.000000 -1.000000
391.712158 233.980011
391.617554 396.249054
248.098328 330.464783
374.767242 335.004486
362.243988 430.976562
344.986786 353.131348
-1.000000 -1.000000
439.232056 293.873932
435.086090 370.169189
313.897827 232.512054
365.586151 248.525940
378.261505 308.250153
445.759644 454.802734
469.354431 229.700424
-1.000000 -1.000000
386.234772 250.555176
347.502686 425.029755
299.672333 345.006958
350.491638 254.628174
461.798981 279.369141
422.512543 281.666412
433.841827 322.151825
271.443970 290.550232
464.402008 312.803131
-1.000000 -1.000000
274.361328 338.660706
366.386383 419.415710
445.159760 381.342133
-1.000000 -1.000000
226.111145 354.725586
-1.000000 -1.000000
277.963074 71.684891
388.748993 326.784454
352.912262 339.533112
326.043732 344.902863
-1.000000 -1.000000
197.175232 81.422096
414.534210 159.621002
136.842010 266.815094
414.373596 406.333191
304.567108 259.019073
-1.000000 -1.000000
417.879120 306.640472
446.296997 391.436768
276.266296 92.706413
345.090698 383.225830
364.143036 402.814575
-1.000000 -1.000000
407.779114 375.093811
-1.000000 -1.000000
-1.000000 -1.000000
446.621796 350.247833
396.792572 412.635712
279.056396 388.825989
389.570618 349.083069
265.594421 369.065826
173.340179 125.578781
461.407654 433.992065
401.192993 434.634155
230.863998 337.581909
264.166504 437.869202
446.469147 374.310455
235.303604 437.611145
428.085571 223.378952
354.344513 438.773621
217.780869 89.250015
365.641418 202.584167
-1.000000 -1.000000
396.407684 308.516876
292.032928 257.668182
318.001495 430.437897
-1.000000 -1.000000
191.409683 326.847382
306.297333 67.795959
364.440094 392.099518
455.893280 402.950623
290.047638 133.432785
387.696106 178.359177
-1.000000 -1.000000
-1.000000 -1.000000
-1.000000 -1.000000
226.393967 372.843658
307.557220 323.627167
381.435913 435.177307
172.749496 235.764923
367.550140 190.637177
424.968262 302.415833
210.412979 70.646194
179.407974 137.628906
469.191833 380.278778
408.720337 364.170135
463.004028 425.421326
368.016083 447.007141
-1.000000 -1.000000
433.844482 332.920349
427.589020 400.185150
450.392120 383.113251
309.522583 145.633652
-1.000000 -1.000000
380.288391 142.422089
288.759491 273.824310
274.741302 449.784607
418.201752 449.467712
300.383484 128.724960
233.217880 403.549591
408.851990 221.730698
381.602295 238.586456
163.988541 151.795380
-1.000000 -1.000000
314.078125 273.738892
171.646088 383.546906
-1.000000 -1.000000
389.627563 362.788971
168.714844 433.543518
381.265076 335.181305
150.213272 253.378265
400.173096 447.310577
305.706848 301.579559
401.151855 333.039764
440.097412 300.111115
127.998337 240.820923
337.754181 361.401093
-1.000000 -1.000000
294.976074 281.473511
437.912903 176.783264
161.400589 134.347961
415.561432 322.587311
-1.000000 -1.000000
451.093903 336.453186
206.785980 85.562859
-1.000000 -1.000000
-1.000000 -1.000000
179.158188 80.417297
477.168335 224.780029
444.831970 424.877655
405.887939 169.161011
188.093262 112.914665
-1.000000 -1.000000
315.564819 289.947235
371.390350 349.269714
-1.000000 -1.000000
459.919891 295.488678
313.411957 418.532745
208.108505 403.594116
246.340134 435.551300
418.874512 234.277328
464.140900 201.621628
-1.000000 -1.000000
172.364273 162.525513
133.087585 275.107788
438.831879 395.565857
308.856964 128.786499
158.262085 349.014404
393.736176 423.134949
170.770050 107.936859
265.524017 379.485565
360.952789 330.143829
418.443604 183.327560
332.329376 233.105560
340.670593 189.200821
341.912415 211.445786
421.856079 340.063660
468.609680 202.384674
-1.000000 -1.000000
461.902130 364.207520
-1.000000 -1.000000
236.345184 363.374939
312.890106 262.586243
337.269409 255.227921
153.696548 161.262375
138.505936 229.534683
358.081787 359.080231
-1.000000 -1.000000
-1.000000 -1.000000
345.852264 228.142059
350.041473 450.752350
281.450378 439.374634
436.453094 283.342529
432.226318 424.105377
260.558197 90.751236
285.668274 92.227394
252.908340 247.288208
364.612518 174.681808
317.045471 267.205505
388.185059 321.365875
408.464539 256.530426
409.700623 412.025208
309.006287 115.758499
328.150085 282.032196
-1.000000 -1.000000
