211.761108 219.155914
164.884079 208.033493
257.915802 265.654144
190.205704 252.564850
280.933960 228.857208
332.536652 275.743103
128.000916 249.934128
301.363953 273.771545
360.316101 202.594482
386.983429 132.168869
350.811859 226.222778
369.480743 179.716965
341.556244 251.176483
169.282181 120.489388
378.381714 155.052521
402.978516 127.171341
186.333572 211.938721
441.082184 207.108246
162.730408 158.930710
159.446030 144.340958
179.090668 95.113541
151.336258 168.825226
125.619247 239.353699
411.746002 147.840515
455.603607 240.348267
448.851288 224.695679
131.906143 283.833862
427.827148 182.467621
377.968109 172.706696
214.586151 250.752563
255.164581 227.054443
388.024445 148.883209
168.562622 240.464157
420.203003 165.509155
153.293671 183.578369
194.587128 299.096039
265.147217 380.875000
369.631989 196.702255
360.544891 220.254669
217.629486 376.644775
145.806076 206.226685
239.689346 308.686035
328.033417 211.512817
341.607666 267.564392
334.548126 297.836182
430.203644 321.058838
136.044708 338.352448
428.488007 178.932022
426.551788 410.456085
234.736877 252.891541
299.874237 367.433868
283.216309 262.780548
-1.000000 -1.000000
156.153336 339.902069
188.105621 352.174164
417.996979 149.774887
-1.000000 -1.000000
313.065094 163.008041
275.417755 363.407043
350.402039 244.679352
186.077393 442.954102
230.081650 361.640045
175.416534 346.663818
132.663162 213.769012
136.397141 230.047958
243.377655 331.844543
412.703583 267.184387
185.704437 389.348480
392.586517 272.395966
172.595322 136.377136
318.178406 372.163574
177.883972 114.319839
433.463776 327.535522
372.040344 379.198090
-1.000000 -1.000000
240.487961 422.028259
398.385803 434.437866
390.475586 284.215424
141.332413 190.651199
196.712540 323.703583
422.646484 367.364594
-1.000000 -1.000000
372.796570 278.117523
-1.000000 -1.000000
351.953461 388.969055
152.892990 432.678925
129.761368 429.735199
-1.000000 -1.000000
386.581299 380.168579
192.552002 415.081970
385.199982 231.083908
449.257751 277.479492
401.598145 335.579987
406.448822 227.119492
387.410431 429.412720
401.491394 218.191528
189.260132 364.108032
-1.000000 -1.000000
368.467712 289.966553
435.769043 386.378967
234.614609 374.205322
366.133362 396.666748
-1.000000 -1.000000
400.678070 386.435516
435.307129 203.469498
428.608978 431.368408
409.937683 279.950226
440.100403 288.665710
432.905334 185.776642
406.665375 369.777344
407.511383 298.808777
-1.000000 -1.000000
109.726532 267.320496
351.737488 304.089874
172.043289 438.438995
423.714478 223.177689
439.770569 359.443634
139.374023 371.952240
367.260651 358.155640
372.047974 308.020020
-1.000000 -1.000000
-1.000000 -1.000000
231.597229 399.836517
-1.000000 -1.000000
384.121429 221.322540
-1.000000 -1.000000
397.297729 183.869629
388.585388 199.710205
404.354736 192.184753
450.527985 238.495132
442.917328 220.996948
351.862488 403.724091
-1.000000 -1.000000
166.235184 390.387909
375.856537 253.504623
266.749878 95.873207
301.361847 229.766022
294.359863 360.930267
303.807434 428.425262
385.916138 394.516510
282.657074 424.944519
288.785797 332.024597
-1.000000 -1.000000
396.980347 329.435760
308.083160 337.044556
306.837250 109.845695
140.777023 307.774292
351.544464 434.825989
-1.000000 -1.000000
-1.000000 -1.000000
420.135834 384.253540
395.588898 248.177780
-1.000000 -1.000000
410.400940 180.301575
412.590454 244.156952
236.703781 234.380615
423.185547 394.762451
318.389862 364.504425
280.761658 399.683899
191.775940 375.291931
-1.000000 -1.000000
454.697235 286.207153
165.412491 250.230240
262.587952 394.647644
-1.000000 -1.000000
369.821472 405.052124
-1.000000 -1.000000
198.653824 344.844421
243.813980 354.136414
404.831299 394.852386
390.031219 332.195831
358.568909 430.481506
253.945480 254.213364
161.658859 313.732574
390.633148 348.668121
212.492844 261.015686
-1.000000 -1.000000
186.433014 242.220215
431.032471 377.304688
361.839691 338.469360
138.057907 398.567017
199.847351 310.017242
388.388733 416.456421
144.588913 294.944763
331.763977 319.628571
221.087448 230.481476
-1.000000 -1.000000
356.074310 355.677063
416.482727 437.910614
319.817169 109.484512
415.953186 239.953354
216.872498 302.664764
-1.000000 -1.000000
383.270172 285.166046
-1.000000 -1.000000
-1.000000 -1.000000
239.374420 386.769073
149.455307 425.177460
130.181061 382.895477
-1.000000 -1.000000
174.518066 337.836029
320.680298 226.721848
262.092834 310.873016
310.509125 249.675598
402.523071 281.018158
371.829651 257.163788
424.159637 274.603485
-1.000000 -1.000000
-1.000000 -1.000000
386.542603 423.215637
-1.000000 -1.000000
142.403259 332.066071
272.247772 408.148315
238.931519 444.776001
-1.000000 -1.000000
355.352966 341.896698
193.755539 436.811401
393.426239 218.769073
213.588318 327.935547
-1.000000 -1.000000
167.846100 300.711304
424.243896 343.964630
173.528351 429.445160
421.810913 323.851349
-1.000000 -1.000000
-1.000000 -1.000000
-1.000000 -1.000000
390.833069 326.979675
411.567688 213.498505
205.003433 419.901489
213.624130 390.194122
265.647095 335.262085
160.607544 405.803741
297.701263 263.951752
-1.000000 -1.000000
403.024445 209.145004
430.102478 301.730042
135.460785 237.464844
387.213501 212.357224
-1.000000 -1.000000
396.280853 236.083694
380.133972 403.935089
246.808075 316.805450
376.102356 332.350586
353.637177 429.340637
352.364563 340.070557
-1.000000 -1.000000
423.437531 320.959137
413.781250 395.556824
328.092590 217.656235
373.782532 240.726334
380.515839 307.110535
-1.000000 -1.000000
455.227173 263.426514
-1.000000 -1.000000
393.022430 250.839355
345.064087 415.470306
309.860718 322.071716
365.464264 240.631058
-1.000000 -1.000000
414.712280 298.013123
418.908081 345.848724
279.959412 272.897797
443.545380 344.576843
-1.000000 -1.000000
281.382660 317.980438
356.324463 417.046844
419.562286 413.098877
-1.000000 -1.000000
218.361633 348.164459
-1.000000 -1.000000
289.038086 75.260368
386.377563 331.861237
357.194885 334.602295
338.097717 321.431030
-1.000000 -1.000000
188.944000 93.493431
424.019684 169.671051
126.587120 261.113525
392.187408 423.286194
318.943573 239.313034
-1.000000 -1.000000
410.182159 321.179657
419.209198 417.661377
270.940765 98.101990
348.416046 370.554596
359.715759 398.663422
-1.000000 -1.000000
394.126740 387.532043
-1.000000 -1.000000
-1.000000 -1.000000
425.491516 378.218170
381.689911 424.178894
276.362976 371.656281
384.076416 355.948242
264.479584 358.370117
162.863983 133.713943
-1.000000 -1.000000
382.710358 449.380524
225.989914 326.366882
248.549332 436.871277
419.550385 411.177643
214.994141 438.665863
427.736053 232.972473
349.037659 433.100769
201.370255 104.808907
382.915497 192.808762
-1.000000 -1.000000
390.301331 316.996216
309.262054 233.051498
318.309326 412.756042
-1.000000 -1.000000
180.768127 319.645477
324.500000 65.628387
363.345093 386.283691
422.956177 438.112244
303.388000 128.414429
400.830963 177.877792
-1.000000 -1.000000
-1.000000 -1.000000
-1.000000 -1.000000
216.781052 363.232452
325.959930 296.907410
368.875854 438.408508
167.123047 226.140289
386.075806 181.048080
414.808533 325.110260
199.048965 88.176750
169.054626 144.935303
436.579895 418.184082
398.597717 375.337280
-1.000000 -1.000000
-1.000000 -1.000000
-1.000000 -1.000000
418.449951 357.130341
-1.000000 -1.000000
420.868652 414.423615
320.431183 142.391724
-1.000000 -1.000000
-1.000000 -1.000000
302.565430 253.000916
-1.000000 -1.000000
-1.000000 -1.000000
315.499481 121.696320
218.433960 397.055176
410.596069 230.579773
390.281189 235.859741
153.254547 157.356598
-1.000000 -1.000000
335.577057 247.068405
142.021011 384.315155
-1.000000 -1.000000
382.959351 374.693359
130.448380 438.151367
378.941467 338.472229
138.438965 249.659363
-1.000000 -1.000000
325.730225 273.407410
391.267731 337.586639
423.767487 324.198212
117.234024 235.063019
344.102203 342.852692
-1.000000 -1.000000
308.720215 257.468933
441.200958 196.233643
152.293640 140.391403
406.435211 337.117249
-1.000000 -1.000000
431.889343 363.651367
194.949402 103.643829
-1.000000 -1.000000
-1.000000 -1.000000
170.890625 92.428886
464.696045 263.573914
416.367615 453.132538
417.833649 175.978760
178.382004 122.624886
-1.000000 -1.000000
334.675903 262.383698
371.393188 345.617157
-1.000000 -1.000000
440.400391 327.459259
314.646698 402.134888
186.776718 399.295654
228.839371 428.782379
416.340546 247.923599
457.492950 233.633667
-1.000000 -1.000000
161.561584 167.459335
116.812935 267.466888
413.464722 422.769470
321.616882 125.059387
136.300552 347.362000
377.951569 431.551025
161.969589 117.175385
263.224335 365.681641
364.037323 322.625824
-1.000000 -1.000000
353.115479 214.530975
364.003479 172.042053
363.086395 192.903625
410.187714 354.125671
462.670166 235.308945
-1.000000 -1.000000
431.917328 399.206329
-1.000000 -1.000000
230.317566 352.272156
326.313751 243.859543
356.989136 231.188721
143.933365 164.729462
126.878197 226.736282
357.874237 349.682892
-1.000000 -1.000000
-1.000000 -1.000000
366.416504 207.252289
-1.000000 -1.000000
270.101654 428.158325
421.987061 308.906281
407.669342 442.630493
261.005646 98.403534
284.344574 99.120888
262.121613 225.822662
385.970093 161.103729
335.455078 242.705841
384.907715 326.665771
-1.000000 -1.000000
388.109314 425.415466
323.655121 111.154701
347.656158 255.070892
-1.000000 -1.000000
