201.433273 242.671722
164.044388 228.557022
245.819763 281.652588
191.296600 262.436768
255.060684 259.925568
302.233917 307.512726
143.566711 260.107880
282.149597 294.897736
316.197601 222.648209
330.201843 136.914047
310.881012 250.588730
321.558685 194.710083
306.479919 279.554871
164.018860 111.091309
325.860779 165.794968
353.523407 118.204239
180.608597 231.837631
421.351746 151.813583
164.705490 152.405197
158.740417 139.145660
168.410202 82.051491
154.449127 167.042160
139.573883 249.925751
362.617706 129.430450
454.607880 167.639130
438.077148 159.269852
156.001266 290.682648
396.731842 144.102280
330.584351 182.999130
210.343155 263.448761
235.309937 251.084305
335.878479 155.035019
173.216904 249.391815
379.312134 136.779480
158.443726 181.343765
206.092728 311.083099
278.185883 386.916931
326.109161 211.857788
320.788086 239.817871
242.882187 377.774506
154.132416 209.176132
242.393066 324.224030
296.143646 220.491516
311.042847 296.733032
308.165955 323.936371
448.530945 248.078690
175.587250 335.707916
405.044159 129.987076
472.339844 321.580627
226.821701 267.641815
301.836273 380.308838
264.997223 281.781982
273.863098 442.956879
190.666840 338.896210
215.094849 353.981659
372.404480 125.685593
268.357330 453.467621
280.377563 161.276230
283.607025 374.299896
315.431793 268.770050
240.673935 429.784058
248.253189 367.298798
204.571518 346.652740
142.758423 220.733139
148.828339 236.088211
252.493652 340.918579
406.383423 220.617279
227.553436 386.373505
380.387878 244.167465
171.053925 126.468781
315.810059 386.051849
172.107895 100.255302
458.270294 264.129883
380.862610 360.188416
314.458466 446.007202
278.252014 415.617126
441.912018 380.879333
377.598572 260.749023
148.104919 193.829300
216.136658 328.813904
444.188812 301.450684
328.514099 454.076355
355.333557 268.546631
398.805908 423.001801
356.026550 384.604156
216.396912 415.596924
199.157059 410.490601
469.865204 377.419617
400.007507 343.536743
241.798767 404.535095
357.341492 224.917099
456.445984 194.103607
416.219971 304.284210
383.278870 201.482483
427.994873 388.623718
371.402039 195.829788
218.808670 364.838348
425.740906 419.379395
351.572998 285.318665
475.669098 299.612915
255.179550 378.949158
379.507446 374.423523
406.373291 451.093933
423.554657 333.267029
411.439392 153.597870
481.953033 340.856079
403.460388 237.337463
452.004700 216.890869
406.832458 139.923615
424.870575 319.223999
407.974518 258.171844
243.480743 440.610291
130.174896 278.915466
327.050751 326.124207
230.280029 422.370117
406.983398 181.111618
469.068909 278.155243
188.931732 365.241760
373.122437 346.442596
363.938354 299.228638
449.540375 410.102356
406.576843 437.003632
263.897614 400.576782
450.738861 395.031555
350.540741 214.231140
280.790192 453.683105
355.606873 176.667175
351.507385 188.263657
372.424866 168.795197
444.918549 169.421249
428.264465 161.958389
361.836090 395.860931
431.425964 430.615173
216.021912 382.858643
352.655457 246.785065
241.915573 81.297562
267.639069 262.075104
294.552460 370.253052
327.088745 430.809967
405.888184 354.798431
310.721741 424.780396
284.986359 347.006683
-1.000000 -1.000000
405.519653 286.945343
302.427094 355.112518
259.574951 117.003815
173.810394 311.555389
377.099457 417.764465
214.707703 440.002106
475.488708 389.623688
449.947937 313.751068
377.684143 222.289749
-1.000000 -1.000000
375.403412 158.099503
396.650177 205.811050
225.118301 254.117462
465.458221 311.563873
312.903076 376.281372
300.262665 405.712646
226.620483 375.749084
-1.000000 -1.000000
467.110016 200.197479
173.937912 259.370331
281.831970 397.072662
338.583740 452.010284
389.480957 380.924011
456.842682 439.420502
225.024017 348.254730
260.435272 361.367279
433.462860 339.856110
395.443512 299.008942
386.137787 403.746826
240.200470 269.803253
190.368652 318.791382
403.232605 315.062561
211.238892 273.490204
138.906036 451.446045
185.600067 250.532471
465.734833 294.292389
361.507141 328.009521
199.507385 386.389618
215.214615 318.108246
424.372314 357.458099
171.972794 301.071472
312.891479 343.519928
211.824005 248.958023
-1.000000 -1.000000
358.267273 355.237732
463.087372 357.469238
270.772583 113.155396
402.765411 195.620895
224.910172 316.732452
252.199783 451.496887
368.012939 270.879578
93.307732 407.679749
389.707397 216.208344
264.010345 389.989594
209.172501 404.515106
186.293320 376.663635
363.580139 240.601532
200.729843 334.702240
291.018799 241.636749
261.085327 329.773071
285.543274 271.651886
392.968689 247.590530
347.647430 256.899628
419.077850 224.111404
446.980133 442.195099
478.414551 181.256058
420.081268 374.574188
459.300385 415.375092
179.584686 325.676178
297.462311 415.900269
285.057800 438.071686
-1.000000 -1.000000
351.324493 341.251740
250.617996 426.089905
361.338196 204.854019
226.725739 333.097198
211.970657 450.204010
190.229141 308.365997
447.362396 274.896820
226.477203 410.417145
432.557739 261.656830
118.975487 351.474243
72.300262 308.739441
381.815186 432.848145
395.449738 288.657379
383.131683 185.310547
252.344116 409.209412
244.407059 388.241577
264.790649 342.747284
217.055634 394.639435
274.997681 284.748779
-1.000000 -1.000000
372.158447 186.089844
443.778229 235.000748
149.822937 245.921371
351.183380 204.589813
165.819016 398.392761
376.989594 212.148514
403.857727 365.232208
251.452972 330.193604
372.372772 315.942871
376.241516 407.422821
341.385895 342.598022
-1.000000 -1.000000
438.720245 250.512939
446.911407 325.172119
297.063232 230.572983
352.083862 235.690704
374.196442 288.347137
472.363129 400.861511
460.517273 183.877151
374.024139 442.432495
373.652557 232.519760
359.876862 407.226990
298.211426 344.665985
335.302094 246.348312
459.642731 232.745544
418.326172 247.125443
437.595673 280.584259
264.694580 291.755402
468.151550 265.061035
437.126129 444.051025
275.900818 338.329590
380.237274 393.662964
458.334717 333.093536
485.271790 412.844299
235.190872 351.182800
484.486908 447.006348
252.615982 65.369804
385.445282 302.601898
350.492310 324.412781
324.902588 335.572296
427.443817 441.870575
178.892258 77.040939
389.185760 134.144440
141.443069 270.819580
432.151825 367.899750
291.795197 259.599365
-1.000000 -1.000000
415.516754 273.879150
465.001404 347.478241
252.710236 86.616943
349.337891 370.842773
370.653259 385.078766
452.097260 425.467865
414.727051 342.990021
440.477600 419.814056
223.382416 454.693573
453.912933 303.857483
410.492859 378.249756
287.829468 383.515137
393.491913 322.537750
271.537170 364.207642
160.763306 124.913734
483.638702 378.779327
420.132507 398.380798
236.951492 335.858063
287.283630 426.098938
460.383148 323.290985
260.836273 426.859528
412.638184 192.838547
367.250305 419.331573
204.020782 77.750114
341.892334 192.203186
46.373978 361.702393
395.727448 278.466766
278.228912 260.413788
329.101624 420.591339
485.198669 398.412506
200.520477 322.787720
267.788940 64.276665
369.832428 374.005219
474.941650 350.607330
261.493378 130.615433
362.877838 162.032745
263.169647 443.383148
121.118881 362.072723
395.540833 449.890228
237.255249 367.377258
297.422455 323.074707
397.087219 405.982056
170.053589 239.013443
341.980804 181.470764
422.958435 264.277252
190.604843 60.126160
169.132553 135.781204
484.387360 322.762726
413.857147 331.929840
485.530731 368.918823
388.901978 423.014008
96.118805 418.082428
438.405823 290.745972
442.187134 359.759308
468.126862 334.611786
285.773010 140.803329
-1.000000 -1.000000
351.517914 127.704796
275.527954 275.009125
297.248749 440.890930
438.705322 408.819366
272.303589 126.438362
253.601425 398.705811
392.792389 196.163651
366.798218 221.558029
154.377502 152.110641
466.959198 433.282410
296.192841 275.499298
198.848633 375.978119
50.266529 371.965454
394.365173 332.983826
203.278717 419.849823
383.402313 312.924194
153.793060 259.338226
420.060638 408.586670
292.162415 305.109283
406.389893 304.838196
442.728149 261.193939
129.452545 246.865997
340.464050 355.092316
-1.000000 -1.000000
285.288513 283.337921
417.013763 141.698135
148.537491 135.140869
415.287048 288.330353
450.733154 452.171967
455.984985 290.870605
189.688583 80.492676
234.585678 279.291077
-1.000000 -1.000000
158.218658 78.164841
465.754547 174.070267
464.061981 367.794922
378.078888 146.334290
174.342102 109.714661
-1.000000 -1.000000
300.772003 291.769379
371.194733 329.199371
167.741882 408.798798
459.524078 246.144623
323.204498 410.608368
232.464874 396.693085
271.102570 425.434845
406.859924 206.689713
447.947205 157.262909
480.907227 424.066101
164.949677 161.889679
139.641281 280.667572
453.491364 345.205231
282.034607 123.581047
177.208359 344.707367
409.478546 388.474243
153.941452 107.152481
273.227356 375.897675
359.639587 313.791626
394.803436 153.824966
305.981781 219.338867
311.180725 190.707016
315.764618 207.885452
425.949036 306.939545
457.827545 157.635941
319.873779 130.361221
475.510864 310.669189
262.699921 414.006409
246.274155 359.410400
300.737183 246.078369
323.784058 250.354019
144.232605 162.988510
138.500320 233.585724
363.422882 345.761322
442.122650 432.247284
361.371246 138.724258
327.976288 222.522858
365.376404 429.295471
300.060181 425.582489
433.789734 240.326218
451.837830 382.742401
232.488708 84.626213
262.879120 86.705124
244.897568 255.248352
339.868591 164.514587
305.060211 262.480469
385.624695 292.346680
396.572266 226.141632
430.108521 379.280914
280.903351 113.181534
318.888733 279.078522
325.407288 150.582352
