205.156006 238.393921
165.767059 223.890839
249.611877 281.558289
192.332199 262.039703
262.033203 255.780411
308.821350 306.453125
140.626907 258.461914
287.283661 295.269867
330.337250 223.579102
351.920929 140.236801
322.592194 250.751465
338.141785 196.602646
315.541443 279.167236
173.256729 111.935379
345.054016 168.223175
375.551910 125.914017
183.548935 228.352219
435.261841 174.294708
170.308060 153.157303
165.215622 139.494553
180.374222 83.785431
158.862885 166.732849
137.246338 247.973526
384.137817 139.406219
463.131897 196.065659
449.796051 185.199402
149.671646 290.120605
413.222565 160.969818
347.718658 186.148087
212.779877 263.234314
241.443863 248.543152
355.613434 158.725586
173.776276 248.889389
399.078339 150.566559
161.982025 181.576187
202.570160 311.055267
271.423035 392.533875
340.938873 214.168030
333.133179 241.344193
233.183502 383.153687
155.328430 208.501572
240.649261 324.545990
308.010620 223.210602
318.015717 296.496857
313.627838 324.651917
448.848572 277.906769
163.424484 339.492401
414.332458 152.796844
463.323364 357.350098
230.269287 267.285553
297.861694 385.331329
270.227051 281.977509
255.442078 453.577209
180.350174 343.061737
205.245117 358.178619
393.291901 137.873840
-1.000000 -1.000000
295.163513 165.196030
278.095367 378.964722
325.295593 269.581482
221.002197 440.270416
240.606384 372.017639
195.100266 350.995117
142.871826 218.920654
147.981537 234.996521
248.529678 344.297546
413.800659 241.160522
212.894897 392.697968
387.658051 259.687622
178.564270 127.686646
312.889282 391.219604
182.464493 102.547112
456.477936 294.576202
377.402985 375.031250
-1.000000 -1.000000
264.043976 425.534790
429.597931 408.287445
384.069611 274.903137
150.301834 192.554001
209.801163 331.785889
441.201202 329.796783
-1.000000 -1.000000
362.205719 278.901703
386.049133 441.798218
352.155609 395.469879
195.978439 426.274872
176.897629 420.566742
456.994812 412.662750
396.628754 363.004852
225.206177 414.029907
368.549286 233.818893
462.265045 225.564224
413.900055 325.399292
395.038818 215.940323
416.859406 414.078339
385.199524 208.664169
208.260330 369.846344
412.534821 444.952637
357.401703 294.231995
469.308655 334.202911
246.537674 383.869476
374.137451 390.851776
-1.000000 -1.000000
418.488037 358.328735
426.392761 174.338943
470.271210 377.321564
409.892548 256.897003
455.794006 245.891479
420.488251 160.368591
421.705200 342.786804
411.419250 278.378510
222.687103 451.762695
125.528854 276.836212
332.130951 328.533142
210.543274 433.303589
418.157349 200.532425
466.203308 310.696594
172.880981 370.810944
370.491577 359.276093
366.808777 310.197815
434.506927 441.398651
-1.000000 -1.000000
251.418396 407.178497
437.775024 424.902374
364.029388 222.568985
-1.000000 -1.000000
372.618958 184.922653
366.520203 196.984238
387.374878 181.724197
454.981812 196.439575
440.726257 185.681335
356.004486 407.921478
-1.000000 -1.000000
200.656128 390.337830
361.489685 256.345001
257.686432 85.125000
278.093170 258.558472
291.887024 375.845947
315.656677 440.449402
400.441284 375.698120
298.347717 434.171478
283.947266 350.337555
-1.000000 -1.000000
405.796967 307.779327
301.341095 358.418732
279.294403 117.263466
164.433243 312.712982
366.187195 433.364594
188.531998 451.383911
460.302826 425.688965
444.751678 343.500122
387.085236 237.067307
-1.000000 -1.000000
391.568481 170.435303
406.346558 224.326065
229.234100 252.079407
457.230560 345.879333
311.343658 381.966248
290.531616 412.362610
214.695099 381.206787
-1.000000 -1.000000
471.344025 232.616989
172.984100 258.706940
273.065094 404.251007
-1.000000 -1.000000
382.140381 397.802582
-1.000000 -1.000000
215.914047 352.006165
253.397400 365.156097
426.602692 365.713074
395.605682 317.079132
375.985229 422.116119
244.973801 270.143646
182.281311 320.302399
401.415253 334.172546
212.613861 273.348022
-1.000000 -1.000000
187.679443 250.555069
460.534332 327.813904
361.202362 340.074036
180.226852 393.900024
210.240677 319.202332
414.647552 383.775299
164.564209 301.091858
315.934937 344.894104
215.722610 246.558578
-1.000000 -1.000000
356.186584 365.566925
451.511963 391.856415
291.646179 114.582741
412.719971 215.257736
221.385193 316.642303
-1.000000 -1.000000
373.884766 282.710205
-1.000000 -1.000000
399.250397 233.337219
254.227722 396.179291
191.042786 415.573700
167.890762 382.055756
372.705292 252.472519
192.904282 339.734863
300.954254 243.036545
259.395630 330.089294
292.172485 271.873108
399.203033 264.829651
355.631683 264.438293
425.584839 246.145370
-1.000000 -1.000000
484.640594 214.383774
410.386932 398.783081
442.547363 447.569092
169.370041 331.275970
285.758484 422.643188
267.428192 447.886322
-1.000000 -1.000000
350.852478 350.316193
231.125137 435.889587
374.777130 215.434036
221.779221 336.213440
-1.000000 -1.000000
184.010742 308.899902
445.578003 303.445679
208.946213 421.643158
433.977814 288.096313
52.337666 410.624420
-1.000000 -1.000000
369.040741 449.650330
396.699677 307.478699
396.864624 199.797607
235.911819 419.388397
232.950317 395.173828
263.288147 345.764893
198.616974 402.678925
281.411011 285.252716
-1.000000 -1.000000
386.260895 199.126450
445.811707 263.000214
147.838943 244.371368
364.927277 213.844345
102.865601 453.567963
387.095795 226.788635
396.487427 386.685272
248.771729 331.026917
373.820129 328.926270
367.205719 424.089447
343.531067 350.422729
-1.000000 -1.000000
439.857025 278.697021
440.017761 355.433716
308.061096 232.172714
361.448639 244.686584
377.366913 302.172272
455.808746 437.403717
467.122131 213.955750
-1.000000 -1.000000
381.735046 245.222641
352.193512 420.191437
299.265137 345.782928
345.559448 252.284210
461.739838 263.450287
422.071838 270.080048
436.239014 308.601807
268.506714 291.887848
466.406830 296.657532
-1.000000 -1.000000
275.199677 339.279541
371.356445 411.349213
450.540680 365.010712
467.003815 450.616943
228.658630 354.199646
-1.000000 -1.000000
268.289825 71.689590
387.357300 319.322235
351.845642 334.452423
326.448456 341.041229
-1.000000 -1.000000
190.767609 80.133560
405.655975 150.501907
137.845505 269.454132
421.065674 394.218781
299.894897 259.979797
-1.000000 -1.000000
417.163025 295.153839
453.254944 379.087189
268.751556 90.352661
346.603821 380.115051
366.113098 397.956909
-1.000000 -1.000000
410.342712 364.802399
426.447693 447.652069
-1.000000 -1.000000
449.646057 334.568573
401.966736 401.681915
281.719635 388.040497
391.596130 340.879456
267.151917 367.449585
168.468460 125.835785
470.346832 415.745087
408.484894 423.299805
232.709763 339.163818
271.833618 435.862366
452.006622 357.199677
243.818436 435.149719
422.738403 212.789978
358.748138 433.563934
213.732452 86.157906
357.738281 198.932800
-1.000000 -1.000000
396.466003 298.190430
287.493500 258.953003
321.434814 428.524078
467.686371 439.809753
194.465271 328.018066
292.978455 66.192238
366.166931 386.734009
463.348633 385.659637
279.685638 132.662506
379.475220 172.594269
245.227722 454.925110
53.212666 418.415588
-1.000000 -1.000000
229.855362 372.370514
303.590912 323.793518
387.093475 426.339874
171.230804 237.665344
358.769470 187.808914
425.104004 289.314819
203.364944 66.926392
175.712860 137.824051
475.749939 361.096985
410.621582 353.618774
471.913879 406.778351
375.468109 440.653900
-1.000000 -1.000000
436.436493 319.288330
433.134613 387.444580
457.336426 366.811951
301.449188 144.628281
-1.000000 -1.000000
372.075836 135.497635
283.807831 275.323242
282.307251 448.815338
425.792847 436.324097
290.671875 127.791832
239.694412 403.465607
403.296417 213.776871
376.681763 233.625717
160.131119 152.741989
-1.000000 -1.000000
307.034058 275.041321
180.582535 383.358856
-1.000000 -1.000000
391.856659 353.358490
179.769577 430.360474
382.022369 327.348633
151.029556 257.182373
407.804596 435.314148
300.194305 303.868500
403.720825 324.067169
441.848175 287.635651
127.785896 244.370422
338.597687 360.028992
-1.000000 -1.000000
291.373138 282.914185
430.561676 163.692581
156.339035 135.431427
415.641663 311.105255
-1.000000 -1.000000
453.442291 321.069824
200.709045 84.958679
-1.000000 -1.000000
-1.000000 -1.000000
171.244766 80.118767
474.086639 206.985138
452.646027 406.592590
396.528870 160.154068
183.375336 112.444771
-1.000000 -1.000000
310.348236 290.808472
371.249146 343.194763
-1.000000 -1.000000
460.588745 278.773132
316.375824 417.458435
216.311096 403.364532
254.734253 433.845581
415.084930 225.276199
459.232727 185.424332
-1.000000 -1.000000
169.593414 163.258942
134.688400 278.332062
444.997681 378.919891
299.675171 126.730591
163.561035 348.540100
400.020020 412.692871
164.331604 108.401535
267.759338 379.528992
360.728271 325.075714
411.018890 171.571594
319.937714 228.716476
329.312958 189.186462
332.478882 209.664398
423.530609 329.057037
465.899200 186.573318
-1.000000 -1.000000
467.564880 346.604370
-1.000000 -1.000000
239.510742 364.113525
309.065002 254.850098
333.857361 253.720596
149.780350 162.782822
137.991272 232.126694
359.964325 354.190216
-1.000000 -1.000000
381.843353 149.046509
340.732910 226.275864
355.875671 445.189148
287.609955 435.571625
435.898102 268.024261
439.633240 410.590363
250.633667 88.750519
278.404785 88.816109
249.561310 250.662399
357.692474 170.521103
311.324799 265.675079
388.083008 311.021973
404.885254 245.349457
417.254303 403.083801
299.439209 115.114494
325.516052 281.995270
-1.000000 -1.000000
