-1.000000 -1.000000
-1.000000 -1.000000
-1.000000 -1.000000
280.883820 250.936508
-1.000000 -1.000000
397.737762 149.859650
274.638306 234.103455
299.627930 255.257019
-1.000000 -1.000000
-1.000000 -1.000000
-1.000000 -1.000000
-1.000000 -1.000000
317.244049 287.124939
-1.000000 -1.000000
332.359833 291.744415
-1.000000 -1.000000
-1.000000 -1.000000
396.930420 134.998810
344.887909 303.507751
280.293976 268.373077
263.572968 255.983047
-1.000000 -1.000000
321.582794 255.766174
187.592148 234.425476
312.705994 273.036652
-1.000000 -1.000000
302.661469 237.480988
143.679337 293.161072
387.224792 144.195206
275.233887 217.713699
-1.000000 -1.000000
369.058746 380.748901
-1.000000 -1.000000
153.818542 228.269272
398.246307 166.691437
404.201843 369.479492
316.359161 302.552551
391.732788 364.188965
359.838531 375.438293
422.392059 438.917297
143.907867 278.378265
187.251984 213.616898
425.559570 351.945160
258.177887 238.257523
431.704376 356.777161
230.313995 244.892792
386.374939 130.546906
382.670197 383.286835
214.103577 368.218811
328.071930 307.759308
128.687134 294.874115
-1.000000 -1.000000
152.991638 210.854263
410.479889 438.895844
294.910095 288.173615
417.358856 372.356201
249.616180 373.409027
192.435547 252.358078
209.315994 239.052444
152.009949 265.628693
217.163193 353.060211
-1.000000 -1.000000
129.025192 279.956970
223.611389 326.718872
134.446381 265.883881
323.360596 241.052109
-1.000000 -1.000000
422.368073 363.409607
209.888077 219.415359
-1.000000 -1.000000
-1.000000 -1.000000
337.770111 317.342438
-1.000000 -1.000000
347.548035 372.871002
206.650391 320.613068
228.128601 222.855499
-1.000000 -1.000000
333.707520 275.015442
236.504227 402.495758
370.148621 368.298279
392.096985 438.351227
153.111053 246.891159
251.250916 356.840027
186.269699 369.056519
378.452728 361.804199
-1.000000 -1.000000
388.438049 157.166107
398.626678 382.485107
267.819855 376.707611
362.794556 393.690735
405.390411 357.086304
429.374420 373.449371
352.828186 283.391022
-1.000000 -1.000000
245.131836 264.798279
263.624512 271.632996
197.665726 352.854218
147.008270 308.403687
172.547089 254.629578
287.858459 345.660309
254.153915 331.836609
398.811554 118.947105
415.357269 343.140289
363.522644 408.619293
357.867065 358.082977
393.378845 349.639954
350.519043 389.587555
123.458427 259.774658
269.583344 360.332184
395.900696 402.925964
322.968933 219.361969
187.697678 324.930908
348.425537 324.293365
284.947754 376.053436
278.746185 394.380005
156.681076 195.380188
422.915283 428.333252
427.092987 388.747101
177.588211 354.914093
300.963593 220.042496
211.080673 257.698547
212.991379 438.551086
256.598389 401.362000
379.018341 397.017792
425.924835 337.042694
434.079590 343.477631
210.415253 384.337311
361.621521 329.573273
-1.000000 -1.000000
137.442505 231.857819
353.582489 406.110352
406.101685 155.606979
328.682922 332.308289
304.673523 315.888214
412.511353 423.307343
339.377136 224.565399
180.811172 196.307816
398.022858 424.435181
-1.000000 -1.000000
285.733124 301.228546
113.436714 274.429565
392.925537 170.256485
413.655792 386.236450
374.462280 150.037781
341.508270 208.761948
-1.000000 -1.000000
257.519501 219.579880
194.157745 438.745209
379.989197 343.030151
422.601318 411.068085
177.058075 383.876526
392.902466 333.945007
374.168884 203.405197
377.898041 188.116638
152.614014 375.488678
384.344269 432.379883
209.566895 401.386932
113.589828 298.434174
371.287445 214.008011
386.859711 116.529556
177.501007 399.686371
275.667877 284.164062
406.659149 138.496094
394.979431 316.646759
205.738342 204.741394
450.512543 234.086990
377.430817 177.258057
359.191956 200.993134
362.025757 238.969482
426.050079 310.462494
375.339447 303.337006
-1.000000 -1.000000
-1.000000 -1.000000
373.682159 136.060654
363.774017 185.188110
340.260864 402.690765
243.907028 312.636017
378.414429 289.022156
338.164917 249.255356
188.168533 270.956024
359.091156 256.210510
318.982422 320.813538
262.982269 413.875183
237.531357 429.790497
365.539154 348.478638
440.312531 226.902847
430.684601 282.998993
375.292358 159.235977
355.257050 269.360657
344.543091 197.380051
231.527725 206.005783
241.592972 279.697601
338.042023 257.911407
393.291168 185.555099
132.232010 311.541107
-1.000000 -1.000000
403.794434 174.174606
366.821747 416.655182
212.981644 301.606720
350.427795 430.567719
420.750153 399.656403
412.463470 172.563492
337.505798 386.039978
280.319550 204.247131
407.120728 197.759613
362.991577 175.125473
170.916428 294.198181
368.340881 315.833740
408.430084 296.909271
379.630524 318.849274
355.266388 309.482452
-1.000000 -1.000000
456.210846 220.080215
293.894989 396.341278
-1.000000 -1.000000
365.195160 281.967438
415.831451 306.135864
432.582245 326.325928
389.871887 198.643723
403.301300 322.538696
442.976562 278.811066
404.911224 395.199677
143.904037 358.714905
-1.000000 -1.000000
135.901138 216.823944
433.617218 271.043152
140.634506 388.224091
414.983276 215.008789
408.055298 277.027649
383.995544 280.365265
308.606323 374.205841
360.016205 157.266357
187.302826 102.343498
435.800964 309.238739
109.440453 257.223694
437.261566 252.760269
412.172119 120.364830
399.654327 287.463959
418.202545 285.158936
387.863190 212.263824
426.222900 188.215469
365.191406 295.795532
193.549667 303.038727
422.994110 294.722443
-1.000000 -1.000000
172.899078 101.425179
143.772293 406.871918
418.488464 152.129456
356.923462 150.163040
376.482422 236.721268
398.758087 270.775696
399.340485 182.573563
306.972198 206.769348
446.244476 210.328156
217.956070 272.894318
389.678131 309.851379
116.444176 241.669327
170.551758 138.590775
155.509415 138.619720
139.500946 203.726120
153.876068 345.282288
346.347778 181.635269
129.937866 374.427063
157.423004 109.964539
279.754364 414.322449
235.012207 298.647369
422.380585 228.222351
409.949524 228.244110
177.542847 281.413574
381.690277 261.124542
183.426407 114.678276
432.301208 167.091995
-1.000000 -1.000000
155.715424 162.993774
190.427979 89.948639
371.688324 253.631638
374.777863 122.964180
398.130859 204.833130
170.736862 163.175095
429.135651 262.605499
423.901764 273.424500
427.531281 215.272751
207.553558 286.092010
395.214874 278.984192
140.443985 161.973816
394.142120 296.294586
168.239151 120.919456
123.978073 392.075623
176.172058 89.105888
383.899994 240.461609
325.835419 348.459747
406.889862 248.505997
155.379227 175.190521
153.051956 121.879723
186.206268 138.593002
127.724533 359.031128
159.370941 95.427391
429.234039 142.460037
114.657486 228.327042
322.286591 379.588379
341.177826 419.263519
139.645523 174.727234
420.980957 243.064240
170.989288 175.604813
394.323334 219.652695
-1.000000 -1.000000
344.265564 149.379730
326.237183 407.692200
102.245354 270.871948
317.788483 393.884766
437.681580 199.571625
437.275177 147.716599
139.228180 146.383621
157.373611 184.412003
134.520203 340.959503
297.356262 107.645798
162.605011 82.775047
299.138550 414.705933
407.251434 210.262024
314.380402 133.710587
397.903381 239.503418
-1.000000 -1.000000
128.601959 411.117920
-1.000000 -1.000000
314.089111 110.252563
299.872101 136.721725
138.674454 192.460388
-1.000000 -1.000000
319.371826 201.616699
298.417511 120.861427
444.296997 179.085297
201.198792 104.602135
404.303406 222.018234
-1.000000 -1.000000
280.454437 126.123596
197.896469 115.406761
347.117096 141.179977
452.536041 199.718948
101.966904 289.522614
176.050842 183.841919
326.508453 170.262421
285.705566 142.111115
203.848984 90.824188
116.495766 324.599335
461.568268 206.786240
117.304466 212.427658
312.935669 95.522064
188.886429 75.708717
326.550293 153.139099
114.684502 381.226990
312.536621 151.437927
121.363983 196.086914
199.326080 191.431610
327.385956 118.743477
188.724640 151.743729
309.642090 168.672470
314.453735 194.267853
298.038818 151.916183
295.234467 168.389420
-1.000000 -1.000000
403.085205 103.412216
100.470139 242.452591
389.072418 103.347069
107.507866 431.586212
347.526825 125.163383
122.625366 182.950256
-1.000000 -1.000000
328.986816 102.990860
315.225037 183.837875
306.242188 199.872757
444.298370 151.957047
299.947723 183.377380
271.339508 115.620552
112.636284 425.770416
434.678162 127.621635
119.134079 346.277222
94.381348 289.036957
202.541702 75.835999
133.406555 135.250107
285.725891 98.037117
124.014526 167.233536
460.343567 183.773331
112.584206 366.246094
257.726501 203.356827
446.144318 144.835587
95.201172 258.920990
113.955086 438.529388
229.790054 192.748306
187.403702 166.929871
249.065613 124.822014
266.264038 100.327705
281.120178 88.085678
92.860878 275.496796
248.953796 97.369896
266.727631 81.205910
99.169083 229.812119
283.772095 180.651047
141.271439 111.185944
238.863663 90.993439
214.364624 113.167259
-1.000000 -1.000000
447.577667 143.874893
297.958832 194.635910
174.304489 70.368149
302.807922 85.563622
328.513672 87.619804
283.658905 73.206772
-1.000000 -1.000000
273.009155 152.228180
189.922195 176.140182
147.217972 90.884262
371.564850 111.816582
212.946823 135.700562
295.663635 78.173004
148.282669 85.726929
228.948654 187.091309
276.319214 164.024551
-1.000000 -1.000000
202.837540 125.851028
202.973114 180.507965
-1.000000 -1.000000
260.316437 191.092651
-1.000000 -1.000000
-1.000000 -1.000000
191.040054 64.960281
285.953125 159.628387
120.896416 158.666611
-1.000000 -1.000000
103.426346 208.653748
-1.000000 -1.000000
