-1.000000 -1.000000
-1.000000 -1.000000
-1.000000 -1.000000
276.520081 267.529999
-1.000000 -1.000000
394.810486 158.110718
270.589294 250.528214
293.537689 271.168884
-1.000000 -1.000000
-1.000000 -1.000000
-1.000000 -1.000000
-1.000000 -1.000000
306.954285 305.902069
-1.000000 -1.000000
321.223206 312.413818
-1.000000 -1.000000
-1.000000 -1.000000
394.248108 143.716202
334.042450 323.371582
275.758423 284.016205
259.769531 266.676392
-1.000000 -1.000000
312.995209 273.691254
190.948685 236.426559
303.574036 290.454559
-1.000000 -1.000000
296.034241 255.607208
157.164124 295.730133
382.724121 154.524338
271.409454 234.736694
-1.000000 -1.000000
368.346039 389.040070
-1.000000 -1.000000
161.436905 230.939148
395.716003 173.495972
410.615326 369.259552
305.085480 322.482452
394.103119 366.580536
357.058350 386.695892
438.316986 434.697845
156.888901 281.008057
191.370224 218.295258
437.380798 346.447754
254.221130 249.625061
448.365570 349.333496
231.929565 253.964539
382.220032 140.752548
384.510193 388.339874
217.019379 371.706085
317.637299 328.642090
142.432983 295.980621
-1.000000 -1.000000
160.673874 214.331879
423.839508 434.563110
288.649323 305.426880
426.949829 369.166504
250.282303 381.634644
194.917908 254.463150
212.129227 246.577637
161.065201 267.718262
219.728607 356.521942
-1.000000 -1.000000
142.314911 281.252594
225.638123 332.175842
146.285049 267.108154
314.556488 259.998810
-1.000000 -1.000000
432.928223 358.657013
212.959183 228.759140
-1.000000 -1.000000
-1.000000 -1.000000
328.960754 338.244049
-1.000000 -1.000000
343.148590 385.094757
210.256058 326.926483
229.642609 235.176254
-1.000000 -1.000000
323.036865 296.652344
240.365799 410.049408
369.752686 375.868286
400.508698 438.740692
160.806961 248.653931
251.671997 364.921143
192.847290 371.621002
379.535980 367.152374
-1.000000 -1.000000
383.836273 167.645218
404.598206 382.810242
267.333923 385.963226
360.827118 403.621216
412.233551 356.118561
446.348206 365.809265
342.848541 301.836517
-1.000000 -1.000000
243.459961 272.963776
259.275848 284.003265
202.977249 356.190826
160.786560 310.860321
178.107605 256.770355
285.584778 360.137543
253.813278 343.273804
395.646057 128.303635
424.544220 340.109070
361.785217 419.820618
354.220795 368.969849
396.713715 351.620056
346.822144 401.641449
135.119034 259.877869
268.667236 369.459930
402.756622 404.413269
314.960449 237.719040
193.518753 327.887146
340.401093 343.138702
283.572815 388.609283
278.166351 406.034546
164.657303 199.098175
440.115143 419.958099
445.365570 380.975769
184.152420 356.500153
293.892944 238.711121
213.765198 264.340240
220.247238 438.302979
258.264069 409.434418
381.009155 401.768341
438.457672 331.383209
450.748962 335.027588
214.090302 387.436981
356.222748 344.306580
-1.000000 -1.000000
145.940308 231.655838
350.349121 418.205566
404.909210 162.062271
321.332275 353.113892
297.355133 335.759552
426.728516 418.167175
331.208984 241.811584
185.826035 201.608932
408.999939 423.167572
-1.000000 -1.000000
281.094879 319.554474
126.586884 274.109528
388.762817 180.077789
423.509216 382.844025
368.297028 163.089066
333.645813 225.356522
-1.000000 -1.000000
253.623474 232.182236
203.789200 438.673401
381.278198 349.046661
440.934662 401.964203
184.457108 385.323547
396.633698 336.386597
366.684387 219.163727
370.776428 203.214615
166.200745 373.069855
390.203033 433.680908
214.945358 405.573669
127.579735 297.590546
363.478180 229.903778
382.921509 126.577126
187.531540 401.454132
270.349823 299.541412
404.854248 146.632431
399.644989 319.847778
208.975418 213.000259
462.755646 230.686646
370.455322 192.041916
351.364441 217.781967
353.110229 256.672668
441.044342 305.534576
370.523987 314.920624
-1.000000 -1.000000
185.147354 438.719177
367.921753 148.518600
356.442169 201.284195
335.786224 415.513428
244.392410 324.870911
373.294830 299.648376
328.990479 268.750061
190.675446 273.535828
349.947693 274.869659
311.473877 341.739136
264.630280 421.998779
242.896210 435.323151
364.145782 357.552704
451.279877 224.423920
445.431396 277.831970
368.943756 173.162781
345.777435 288.535706
336.683289 213.648560
231.571655 218.834656
240.391464 288.299866
328.122467 278.867218
388.131439 197.182648
146.475632 312.714508
-1.000000 -1.000000
403.735352 179.397995
366.919006 426.577240
215.487427 310.136993
350.031097 437.595551
435.539398 392.623199
415.026459 177.209885
332.502808 399.100159
277.335510 222.142105
409.698578 201.434418
355.706879 190.933258
177.842224 297.450653
362.686676 329.314331
414.152740 297.911652
380.101593 326.792450
344.791534 327.094604
-1.000000 -1.000000
464.781342 214.723434
291.544922 410.893768
-1.000000 -1.000000
356.986633 297.675415
425.572296 304.635468
449.678772 318.588745
384.254486 211.000031
409.761169 324.827179
458.027649 272.054382
412.124176 395.168030
160.421555 357.007050
-1.000000 -1.000000
144.951813 216.629639
447.571075 265.153595
158.526093 385.821259
420.315460 215.794693
412.739502 277.859344
378.745422 288.387390
302.366119 388.686920
353.082458 172.356506
204.471741 91.484222
453.025360 302.419128
121.288551 256.229797
449.423981 247.541458
410.096161 129.874832
403.244568 290.212677
425.483093 284.250244
381.809692 224.298523
430.196991 189.128845
357.909393 311.060730
198.475983 308.397430
434.016235 291.924286
-1.000000 -1.000000
189.905609 90.778244
162.195007 403.752594
419.986633 160.461441
350.681824 163.355667
369.005951 251.378128
400.343201 274.337189
397.358459 189.533951
299.344391 225.415894
455.257141 209.744049
221.928024 281.318665
390.202148 316.341187
127.570847 240.901672
186.392044 130.068756
171.291519 130.123947
148.573639 202.719131
165.829895 343.184143
338.677612 197.777542
147.267517 371.317200
174.051300 100.039948
280.355591 426.092224
235.119522 310.099609
430.701965 227.636215
414.063202 231.033035
182.808655 284.816376
376.449982 271.186005
200.350998 104.257484
434.183716 170.722839
-1.000000 -1.000000
170.728424 155.439026
207.866913 78.660706
363.987000 269.011688
369.056854 134.919144
395.988647 212.494904
185.820923 155.472382
440.620422 257.333130
433.070007 270.188599
434.962860 213.471390
211.154037 293.885590
393.950989 283.819031
155.447113 154.454941
394.227142 301.936188
184.768265 111.470795
142.083221 388.182617
193.443665 77.939499
377.913055 251.866928
319.015015 368.830505
411.765350 252.082443
169.573395 169.239410
169.351028 112.917946
202.225891 129.840622
144.362350 356.092804
176.498932 84.977974
429.436188 149.616486
126.296989 226.619080
316.876953 394.145020
337.906891 431.322998
154.123123 168.194611
428.602020 243.453339
185.058151 169.854889
391.374817 228.638000
-1.000000 -1.000000
344.361420 152.000458
322.388794 422.209198
115.327423 269.862244
312.494049 408.566925
441.662415 196.432571
437.142212 151.510315
154.577621 138.662979
166.725510 187.532928
150.105469 339.379333
299.155090 110.477921
179.573975 71.976860
296.948914 429.096619
409.531372 213.029144
314.733154 140.088547
396.966187 246.147217
-1.000000 -1.000000
147.466370 406.819763
-1.000000 -1.000000
314.363220 117.091972
300.245483 140.139603
150.811996 189.423798
145.650696 438.894135
312.499115 219.070129
299.309204 124.959801
447.226227 179.098724
218.575470 93.360451
405.143738 226.954498
-1.000000 -1.000000
284.305023 121.550613
215.032257 104.677734
347.295380 143.091400
458.942871 197.776810
115.722649 289.032013
183.316849 188.261353
327.634766 173.922943
286.618408 141.762131
221.527740 79.427452
131.494400 322.571564
470.477356 203.591553
129.518036 210.309296
313.761658 102.067474
206.375977 64.394211
327.366180 156.802063
132.342377 376.281464
313.345062 155.128220
134.378860 192.832336
203.347565 197.848404
327.574768 125.705132
204.732071 142.816666
310.769775 172.400681
309.843292 207.605972
298.816071 155.488617
296.340149 171.904541
-1.000000 -1.000000
401.038605 113.385582
112.119225 241.065033
386.988586 113.266228
127.678337 418.698669
347.895508 130.132462
136.470490 178.490311
-1.000000 -1.000000
328.858368 110.104843
316.037659 188.547165
297.795349 217.994034
446.179108 155.792892
301.253632 187.301086
280.460358 108.801971
132.398605 417.967102
432.940002 133.835312
135.147995 342.913055
108.015732 288.609344
220.569122 64.536674
148.783157 127.314728
294.153778 96.700478
137.988419 162.644867
464.756561 180.252411
129.553574 362.342987
253.644028 216.035736
445.744690 145.553192
107.154144 257.081482
134.195984 429.127777
228.539215 204.221100
202.375702 159.014053
262.168213 117.025940
277.993347 94.704369
292.676270 86.030655
105.557129 273.907501
262.079681 91.280312
278.236908 78.439018
110.628105 227.771698
285.178802 184.400955
157.362823 102.159706
252.272888 81.691803
232.361908 100.891434
-1.000000 -1.000000
447.076630 144.281891
291.189545 210.449432
191.906464 59.045326
309.363281 90.837608
328.331390 94.595474
294.811676 70.215141
-1.000000 -1.000000
273.617310 149.501602
199.013153 175.406647
163.760895 81.329529
365.541779 124.113503
229.581772 126.739098
308.418915 79.119225
165.060318 75.291061
227.633133 197.131454
277.303101 165.666718
-1.000000 -1.000000
219.906219 114.866188
205.786789 185.007385
-1.000000 -1.000000
256.137848 202.954132
-1.000000 -1.000000
-1.000000 -1.000000
211.056076 52.947430
286.977814 162.660431
135.069931 153.139221
-1.000000 -1.000000
115.680656 206.734436
-1.000000 -1.000000
