-1.000000 -1.000000
-1.000000 -1.000000
-1.000000 -1.000000
-1.000000 -1.000000
-1.000000 -1.000000
-1.000000 -1.000000
-1.000000 -1.000000
-1.000000 -1.000000
125.540520 524.972656
110.533501 521.083252
-1.000000 -1.000000
-1.000000 -1.000000
128.563736 539.924194
-1.000000 -1.000000
126.499962 509.989502
56.770451 599.121826
40.512726 556.100891
-1.000000 -1.000000
54.774403 632.263489
113.590431 545.046570
111.474007 506.076782
171.732971 521.656921
186.732208 519.548584
58.661076 584.053711
-1.000000 -1.000000
40.237587 435.356903
-1.000000 -1.000000
-1.000000 -1.000000
96.456223 506.241547
101.665398 571.355042
128.622086 554.937012
171.733932 506.654327
-1.000000 -1.000000
55.719131 647.177917
95.518860 521.271912
186.696060 504.515686
73.754631 594.048889
90.821266 593.802124
455.566498 161.039749
73.623230 578.959351
98.619041 556.256042
126.439873 494.990448
169.676971 536.637573
69.887833 632.103577
125.978615 591.364990
121.306412 633.774536
140.538345 524.894165
123.071663 576.084534
106.209557 632.788757
186.711166 534.592163
105.840996 592.523987
-1.000000 -1.000000
171.721085 491.661499
-1.000000 -1.000000
70.884895 647.014893
-1.000000 -1.000000
-1.000000 -1.000000
440.657776 165.155182
98.574188 536.234009
136.383270 632.693848
455.696167 176.195770
186.628159 489.517334
53.732189 617.592896
-1.000000 -1.000000
201.734589 521.359802
-1.000000 -1.000000
111.377106 491.086548
525.717957 102.321281
58.595665 569.021423
75.292496 670.981628
83.740059 563.746338
117.354828 648.731750
96.327644 491.270355
97.854843 608.909180
156.660904 521.777832
569.850586 606.612610
132.398438 657.786438
470.531494 163.961258
568.649231 630.871216
437.667908 150.190872
121.968773 606.665039
117.399902 663.800598
554.774231 611.540283
482.754486 590.609802
467.539734 590.922791
141.556458 509.910736
583.675293 630.992126
584.780762 600.530396
485.964722 605.417908
540.711670 98.246010
765.629822 524.463135
456.763519 197.206558
452.593719 594.388245
177.148849 467.741669
86.068176 634.006775
171.614182 551.681824
433.891632 198.393188
54.613495 662.141785
537.498962 538.172302
156.713455 506.768402
510.677338 106.477600
598.708557 632.136169
425.759338 165.301376
102.260910 654.793152
201.749084 536.367065
517.274292 251.871002
-1.000000 -1.000000
-1.000000 -1.000000
470.782043 605.581543
140.978363 596.260742
526.692078 117.417564
71.792114 609.466370
766.819885 539.358887
169.219345 450.508087
137.081757 617.614746
486.042999 620.372070
452.526642 146.086319
470.698029 179.203079
86.187973 655.918335
186.721252 549.601746
201.675339 506.231995
-1.000000 -1.000000
162.222687 466.710022
522.462341 538.226257
40.913795 405.434967
570.670959 645.911255
440.740631 180.215317
525.933838 236.855591
470.944763 620.447144
884.922607 569.668579
525.728027 87.361633
502.302155 250.895309
197.185806 472.432373
137.669174 569.920105
565.240479 562.064636
418.967438 193.668060
541.691406 113.293716
422.667053 150.407104
-1.000000 -1.000000
569.671265 591.747742
885.192017 584.634766
553.640015 632.808594
-1.000000 -1.000000
143.545105 539.835510
882.716553 554.687683
156.758301 491.769440
172.296051 435.513275
585.646790 647.128662
536.640503 553.196655
487.248169 249.046890
-1.000000 -1.000000
780.600098 524.551270
507.558899 540.402466
518.423828 268.654938
555.727844 98.375343
452.564880 579.253479
909.841553 189.057343
90.356743 674.896606
537.325317 523.082764
468.468414 575.931580
483.695435 575.618286
600.618042 647.289673
599.686951 596.392029
510.919006 235.939499
552.632568 547.137329
580.305481 563.941528
594.488037 662.555725
579.497375 662.263855
455.855835 626.635742
201.583847 491.185181
568.038696 546.912781
152.864548 577.819519
184.220901 450.517242
565.263916 577.066711
455.718292 608.829773
511.668365 121.524773
584.423645 585.753540
781.851746 539.345154
147.511887 662.840210
546.825134 226.669113
471.623566 194.123413
510.690308 91.598000
564.674622 660.956482
933.462463 183.752899
546.890930 241.473663
-1.000000 -1.000000
156.024429 593.050354
154.331818 451.543976
897.707458 554.640320
497.874023 590.456848
157.287659 435.528320
1021.242004 394.688660
869.702637 569.946716
899.935364 569.570312
887.366699 599.668579
894.839722 188.140274
83.661591 536.389893
554.757324 596.763611
173.759323 566.662598
584.640747 615.985107
569.643188 226.086090
156.378830 554.788025
552.487793 532.117188
1011.459656 415.711884
503.483032 268.596710
522.262512 521.114197
1006.370789 394.761871
201.844498 551.339966
716.022217 185.982910
869.928650 584.921509
187.332352 435.523651
909.592957 174.112610
431.119720 213.441193
540.733337 83.243126
599.683472 617.140442
472.052063 635.312378
-1.000000 -1.000000
911.058533 203.884811
531.853760 221.765503
566.509338 211.422775
532.002197 253.745071
568.733154 240.973907
932.331665 168.941193
1205.270264 40.031712
867.541138 554.769897
470.662262 148.727478
448.953033 212.262100
551.651428 211.712082
894.671387 173.226669
765.965576 554.420349
141.636826 494.903198
717.952393 170.992889
501.395813 607.222107
147.418167 647.650024
463.763550 212.120285
174.444672 420.462646
1168.874878 678.400574
519.933594 72.730148
933.642822 198.736694
900.297241 584.512939
152.157715 627.128967
556.780457 113.533630
606.259033 553.499817
872.177551 599.828308
521.440125 555.304993
188.977615 570.566589
895.074829 203.027710
180.388016 637.784363
914.662964 556.585632
457.027039 641.661926
173.782242 581.876648
1036.079102 392.401794
547.011780 256.419861
1026.295654 409.525726
722.779053 156.001114
940.850342 41.403149
495.835052 233.981400
567.607117 531.791565
555.725220 83.312958
552.252197 517.063049
437.506561 135.233017
142.280304 430.581085
-1.000000 -1.000000
781.055542 554.335876
991.503479 390.831299
180.356110 622.795166
914.861694 571.395996
159.336746 420.482544
583.147278 548.529297
162.375732 642.000732
610.306335 568.626709
880.518372 539.600220
1043.989624 377.276917
-1.000000 -1.000000
1227.010742 678.411560
895.537720 539.581848
909.188293 159.091537
501.615082 622.086426
854.695435 570.183533
1050.987183 392.305450
996.498535 417.792542
1209.959595 678.421875
422.608551 135.492294
595.387878 568.780396
1190.449585 41.102276
204.079544 566.293457
-1.000000 -1.000000
1153.954102 678.440063
498.644135 575.520020
955.891296 41.019497
536.702393 206.701401
-1.000000 -1.000000
609.231323 663.131042
-1.000000 -1.000000
533.131592 271.676819
544.804565 647.896790
505.133453 77.224121
541.613281 128.440796
506.392212 555.419861
152.056854 612.071289
1021.154602 379.548981
894.383301 158.175171
613.726807 632.630615
-1.000000 -1.000000
584.776306 233.685043
485.395935 166.016586
1128.782471 678.378601
795.426208 520.925293
147.347153 466.785492
-1.000000 -1.000000
80.522354 521.530029
429.401215 678.655273
534.805481 68.375473
750.408813 519.471619
711.132629 200.960541
195.441406 617.454773
926.025269 153.873932
-1.000000 -1.000000
902.440674 599.663574
550.061035 568.122925
-1.000000 -1.000000
854.876160 585.173218
731.010010 185.861267
171.114441 604.824707
796.767395 535.403259
139.325333 445.603149
732.895264 170.846344
1029.266235 678.323120
707.724854 156.156494
810.265747 487.685577
948.488281 180.693146
516.859985 220.878525
443.493835 678.868530
197.431473 632.483154
127.540894 479.980194
472.208923 650.670166
487.281525 637.180847
844.991028 363.170410
830.042847 383.270233
631.135864 571.246277
1058.993652 374.042572
437.655975 603.580811
947.343689 165.632126
876.213989 524.585205
919.026184 218.481369
713.216492 678.299011
189.015121 585.628418
-1.000000 -1.000000
1171.657959 41.128212
1006.367065 379.830017
751.489563 539.492371
549.814453 68.444725
549.860046 662.903015
812.398010 502.509918
852.524170 555.140503
1043.990112 678.264282
-1.000000 -1.000000
702.913940 171.137146
1109.215820 40.367489
-1.000000 -1.000000
865.298279 539.710510
513.194031 592.251160
829.898621 368.246277
1041.175171 407.307220
81.384109 506.518860
726.567871 140.943253
473.298431 678.973145
-1.000000 -1.000000
845.482483 397.986877
414.490479 678.707642
693.424988 573.182739
917.309998 586.356628
570.811462 98.475014
624.908936 556.027710
189.568954 420.423706
933.878601 213.395798
-1.000000 -1.000000
810.495300 517.855103
472.551666 251.973358
809.148499 472.693146
-1.000000 -1.000000
492.455902 537.410706
-1.000000 -1.000000
567.256897 516.785706
1059.181641 678.112061
782.441345 678.113281
-1.000000 -1.000000
910.475037 539.703979
1014.364136 678.339783
537.344543 508.257904
-1.000000 -1.000000
710.542664 574.153809
797.119080 550.217346
53.785301 677.089539
648.410889 573.091919
556.667542 128.665710
857.161804 599.964355
162.555099 662.473999
577.967773 678.844055
948.482849 195.826660
584.414612 218.908203
534.774414 570.259094
-1.000000 -1.000000
-1.000000 -1.000000
552.110596 678.388977
829.916748 353.402100
521.710144 205.785828
517.004761 612.033508
506.847717 678.734619
600.350098 678.239441
415.955963 208.601089
904.165527 218.726349
410.694855 165.776764
1094.627441 678.096252
-1.000000 -1.000000
597.645813 538.263245
480.849548 234.085846
844.861816 378.128479
599.715515 233.501785
615.615601 648.296692
799.755066 678.370178
488.395294 678.878235
1066.024170 389.179596
335.441223 678.725830
526.610046 132.508621
700.979797 186.145035
711.398010 141.130188
813.686462 532.621460
548.178223 271.496399
318.287018 609.511780
844.911987 348.243774
680.239990 678.680054
199.158188 450.235138
678.664307 574.608276
725.491211 576.745056
488.466278 268.647919
474.823181 666.813538
991.608459 375.956635
570.265930 196.377533
-1.000000 -1.000000
895.270081 524.531189
177.506805 662.039551
508.333527 674.662048
672.047668 159.380356
1109.608154 678.186035
1003.966553 432.561340
584.092712 248.840256
737.666138 155.851547
-1.000000 -1.000000
320.302460 678.655090
-1.000000 -1.000000
766.575500 678.367004
-1.000000 -1.000000
647.192078 557.605713
278.310730 588.176025
614.785522 617.760864
307.459778 678.523132
582.469788 533.088135
879.889648 179.392883
-1.000000 -1.000000
451.736481 131.294968
1094.182129 40.349281
876.059326 509.582428
811.293701 306.194611
825.375793 482.762848
359.374268 608.666382
303.308044 611.419250
727.875488 678.549072
1056.120850 407.191132
288.574066 613.321289
797.455750 565.248047
536.904175 678.662720
571.891785 113.846146
996.172546 678.460571
431.132965 121.083809
561.833374 255.984970
982.000427 436.677979
830.446167 398.058624
824.249634 467.816498
809.001831 457.754425
551.614746 196.754425
696.277161 213.281265
879.892883 194.369263
57.601856 553.953369
697.180420 678.353149
267.274017 232.384628
293.341187 594.361267
726.164185 200.764343
741.598083 138.856079
657.172302 161.569214
-1.000000 -1.000000
536.599548 191.691879
-1.000000 -1.000000
-1.000000 -1.000000
963.637695 178.678375
210.472366 616.906860
453.232056 564.224243
344.314880 610.283020
750.872314 554.583923
728.415283 511.688721
859.956848 351.863220
-1.000000 -1.000000
642.288147 167.946548
540.275269 610.722961
402.091187 602.922058
1073.498779 40.231369
1079.361206 678.085205
940.902588 150.347305
493.031708 675.705627
781.291504 569.487061
879.700317 164.367661
374.468353 607.727722
357.328094 678.939026
840.664734 650.968140
812.192261 291.134705
1026.570923 424.380463
815.152893 380.450378
478.340698 209.021622
437.530518 587.395752
814.870178 353.472778
212.462509 632.033081
740.791138 592.135681
482.929382 560.698914
195.532608 647.521545
981.794617 421.765167
820.747681 338.441864
614.452881 584.350708
913.087341 524.610657
513.449768 577.475586
841.904907 666.950195
457.178833 658.250366
467.750824 560.976868
81.239952 491.536530
317.124756 593.499817
394.669312 190.934448
-1.000000 -1.000000
810.544128 321.295013
-1.000000 -1.000000
191.228989 600.710754
827.410889 497.537354
673.229065 174.437973
956.233643 431.265686
524.422058 176.634277
634.839600 654.820740
202.182724 435.124420
-1.000000 -1.000000
442.225952 647.933411
692.190674 557.683411
95.583717 416.248047
1040.882080 346.705231
440.820312 618.672852
853.578430 412.907288
278.284760 572.401855
535.240356 673.342102
521.838745 678.780029
509.528259 169.014954
365.778320 187.358902
710.524719 558.314331
663.505493 576.220581
459.383209 673.997314
677.316040 217.728439
266.050568 217.655258
850.312744 540.095337
354.181763 667.248535
227.389526 625.759155
570.816528 83.425507
599.133728 218.752014
110.486183 415.085999
273.217987 604.483154
861.115112 524.651733
696.370544 41.571987
-1.000000 -1.000000
921.897034 414.039673
217.065292 539.091858
633.558105 587.712036
539.982056 595.833496
395.614044 205.717682
551.226868 182.055069
1017.071106 364.732025
421.895294 107.204597
422.478912 606.155579
-1.000000 -1.000000
981.846313 405.863770
441.061676 633.294006
226.275375 610.588501
614.599731 232.374359
929.805054 568.585815
824.038452 452.860931
940.832458 135.415482
902.114014 507.387207
725.834717 559.984253
516.769287 626.675781
933.874695 228.135178
686.966492 159.237045
80.665176 416.323975
509.441345 659.059448
766.137207 569.681824
505.353607 62.744396
627.274353 170.353043
917.744629 601.546082
445.823120 116.672058
144.195328 415.570190
506.723999 205.944305
677.525391 558.999573
293.161346 578.742004
889.526184 413.467804
1056.105957 341.468811
807.102173 199.183960
856.761658 672.503906
948.793030 210.458679
416.394958 121.905029
962.435913 163.455719
625.179688 673.633606
711.259583 215.983124
375.089996 658.930542
283.138306 678.248230
-1.000000 -1.000000
331.123871 184.797577
518.331238 283.954224
376.806030 633.721619
1021.463196 349.531189
-1.000000 -1.000000
839.348267 468.005066
873.646423 672.112488
252.425217 232.182831
748.049194 171.022644
822.933960 668.935791
941.309387 421.668579
206.363205 595.036804
795.183289 488.055573
-1.000000 -1.000000
623.220642 541.020508
963.622192 193.767426
814.005554 276.184723
825.559265 517.214172
696.300720 141.344086
818.101013 548.144775
440.156769 102.431641
522.306763 506.368073
906.691956 412.096802
662.175659 219.929550
399.983582 678.812134
251.127823 217.578964
-1.000000 -1.000000
367.602142 202.001129
855.610962 649.815247
358.339081 592.656555
502.978882 641.907104
267.860748 678.425049
740.357666 576.483398
929.563782 553.941040
725.827759 592.518860
976.488098 367.141052
95.593872 431.247070
640.248962 670.159058
-1.000000 -1.000000
407.609650 145.165375
597.232971 523.000366
359.970154 651.831604
-1.000000 -1.000000
110.489372 430.083740
973.047546 453.600525
1210.380005 641.946533
756.869812 137.024277
1056.256958 358.461792
509.649902 183.829910
-1.000000 -1.000000
507.237244 518.123657
373.172729 591.509766
466.903015 134.062012
925.951599 138.818878
227.556366 640.878662
767.606201 593.704285
1039.264771 361.852661
644.641907 542.633911
343.338654 593.768066
582.329285 517.987122
520.564819 58.278366
838.589050 413.042603
752.820312 153.995117
981.135376 678.504517
955.792847 148.144608
110.432930 445.083954
389.230469 674.353271
1040.696655 331.929169
314.346466 678.529358
-1.000000 -1.000000
726.326416 215.866989
808.405396 216.852966
-1.000000 -1.000000
344.817505 645.859009
339.210449 667.423096
252.762573 202.989334
192.529373 667.022705
217.061523 524.043518
765.405823 509.928375
816.675415 654.032288
794.100098 473.056519
210.567566 647.101379
658.161316 176.697784
741.401917 201.169220
361.789490 634.913330
248.166855 676.865173
932.259583 586.342651
815.419067 395.104004
-1.000000 -1.000000
1044.032959 153.810760
841.473694 632.895447
889.326172 217.728165
-1.000000 -1.000000
743.210205 618.847839
840.514465 483.073029
816.598389 231.623215
977.064941 382.108734
1238.805542 608.337158
801.108215 175.374878
1225.618286 642.650330
668.262146 661.500610
369.121521 674.208740
372.325623 678.769409
-1.000000 -1.000000
486.706116 181.140625
216.817276 508.878296
92.439346 446.263000
958.144104 454.826233
490.119049 660.095398
-1.000000 -1.000000
793.934937 458.090942
725.596741 526.804260
1071.116577 404.196594
-1.000000 -1.000000
316.303558 184.400208
1052.108154 169.801910
638.787781 610.043701
-1.000000 -1.000000
676.305725 189.386414
412.292084 587.195007
1041.579834 421.933075
1192.101440 639.504639
270.808014 202.931732
782.873169 598.429932
207.321991 419.836853
331.129089 199.379089
766.031616 617.474304
839.159424 453.076538
276.094177 666.470520
351.346100 186.442413
242.592911 631.790955
272.829132 621.896667
390.297028 659.178406
444.511200 676.514038
635.901428 637.079224
395.796539 220.691422
746.377747 186.345810
316.806152 578.305054
1074.099976 373.496277
80.621849 431.319458
-1.000000 -1.000000
662.322205 557.247925
-1.000000 -1.000000
612.645020 172.807053
509.152985 377.501862
874.710266 416.760223
396.755768 587.355042
856.478027 632.853027
671.899231 645.926392
300.561188 185.002563
494.147552 376.485168
511.889832 136.430893
780.343628 510.244690
948.800781 225.200821
648.886108 589.994446
1025.973633 334.405396
631.431274 185.117737
956.364502 416.403870
1037.171265 169.048248
1095.608765 79.805428
-1.000000 -1.000000
828.820801 532.269958
437.669342 572.355530
367.564606 216.963013
-1.000000 -1.000000
-1.000000 -1.000000
713.530273 512.152649
1208.771729 607.961914
-1.000000 -1.000000
251.950333 655.459045
668.945007 251.194489
212.176498 473.051971
812.387573 562.897156
219.127701 554.045959
955.768860 133.280502
738.826965 665.718506
-1.000000 -1.000000
860.865173 509.682678
-1.000000 -1.000000
-1.000000 -1.000000
257.687469 610.191284
242.440567 616.843628
728.292786 620.363708
681.639709 144.686737
1189.808960 604.614563
796.393494 306.491028
263.816528 590.096191
214.240021 450.017792
656.381775 521.296936
1053.399048 184.390656
406.054626 633.578796
-1.000000 -1.000000
465.769989 227.067703
911.103149 144.055389
1029.245239 153.791443
1098.077881 106.408676
859.833740 366.780914
988.625183 453.841522
654.100098 609.769470
916.936157 509.578186
919.103577 233.509247
1210.016724 622.848206
530.099121 658.341248
208.564621 404.886993
1110.821777 79.537521
781.207031 612.916443
1190.924194 619.375793
-1.000000 -1.000000
316.233673 664.791382
275.031372 651.460144
628.294922 525.794861
968.475586 260.598206
797.341919 503.082306
298.414459 678.694519
805.645935 138.102020
649.872620 654.554993
921.752014 399.021484
870.650330 657.669189
1057.549805 40.116898
597.270874 177.465286
891.367188 398.450470
805.711487 336.581055
650.963501 636.890564
-1.000000 -1.000000
982.980042 263.594238
217.339417 435.246918
605.364624 139.483002
796.874756 582.017822
741.540039 216.290344
405.263092 652.981934
451.379944 227.290146
480.603943 68.333771
292.800446 629.817139
903.442383 678.911194
331.558441 214.327423
614.056824 217.572922
145.783569 344.954407
-1.000000 -1.000000
1061.652344 153.924530
906.576599 397.191254
666.226868 542.124756
696.334961 640.836548
792.645996 203.429108
888.525696 671.992737
771.983643 140.378387
346.674988 630.655762
615.051025 603.413269
795.562134 321.494080
741.519836 123.547623
1223.954956 607.805237
754.169250 667.641296
552.249512 502.041901
361.499146 41.160255
807.949463 669.015259
1213.959351 665.124268
1038.529785 184.486145
506.126343 358.301941
1113.207275 104.184212
421.066498 622.276245
831.218201 146.383362
801.805725 233.167465
491.124298 358.350311
436.728882 228.418518
-1.000000 -1.000000
958.632202 678.854065
820.002075 261.210968
941.181396 436.553253
1198.822754 666.376648
1056.426270 421.898254
277.913177 636.603210
564.941711 68.465408
835.939148 208.423203
1119.527100 64.730873
1071.094116 347.473724
982.453308 278.348877
1038.610962 124.501701
180.877502 405.467468
599.411133 248.714554
542.356018 143.445480
425.728058 93.243988
251.378326 188.951752
316.033752 198.591751
216.642502 493.653015
232.244827 595.398193
808.790833 442.738800
825.935364 630.037415
1238.830933 593.517395
538.140076 626.951294
771.733154 125.330658
65.213882 523.653809
819.855469 178.279221
1066.934082 169.405746
232.788956 539.065674
-1.000000 -1.000000
161.352142 405.484741
237.533234 204.520813
763.163818 169.171310
786.488220 177.788895
671.542725 518.957703
1224.750977 563.412476
205.351669 364.701965
1096.351074 65.102409
793.743469 218.335083
523.228149 152.726685
1177.014404 638.726685
610.585083 154.128067
871.453064 642.525757
1046.020630 436.935852
798.601990 160.841492
904.184143 233.667114
1225.332275 623.757874
229.443192 568.727173
725.273865 544.903015
849.331055 65.114548
669.256226 607.616516
950.076660 670.125854
731.428223 635.504944
697.455811 625.762939
683.330322 661.388000
353.588806 202.167145
233.078812 678.104858
836.021851 193.587433
445.400116 88.042191
713.390747 623.638184
280.316803 557.203613
511.327423 395.629730
964.234863 221.974182
839.893372 570.968262
839.910522 585.662476
675.430054 630.568176
834.927734 174.766891
112.649574 476.032043
884.679504 264.065338
496.317017 395.564362
412.781219 572.071777
917.552490 667.001343
845.345459 130.646606
1111.474487 603.565308
812.858276 152.757782
562.983887 271.029572
79.816727 401.301971
1125.530029 79.182701
257.834686 625.928467
612.191650 526.051636
1080.496338 78.101891
812.903076 579.130066
852.788147 196.401352
756.696106 121.974388
1080.980347 389.077606
136.522125 329.803772
508.527557 153.519196
359.644196 138.034561
842.031799 600.047241
126.477509 410.718079
968.116638 279.614716
1238.772949 418.359222
823.614014 412.591125
1018.153442 516.492676
202.342697 386.551056
479.165283 377.578033
954.175659 258.921478
234.937256 553.655579
404.682037 676.372131
329.817688 644.585632
1068.266235 183.962173
860.544189 397.820831
714.437012 638.599365
584.911987 204.192032
66.169182 416.384552
190.339279 362.740234
95.873413 401.299683
846.609070 149.847214
661.956421 204.730255
904.342773 259.522125
421.288788 637.386597
595.598816 154.380219
1174.768799 602.833557
876.401123 398.693970
232.315750 509.758545
940.375671 406.803497
503.360779 283.900848
1053.080444 134.980316
429.595398 677.893860
