-1.000000 -1.000000
-1.000000 -1.000000
-1.000000 -1.000000
-1.000000 -1.000000
94.705788 620.821777
161.003632 610.329590
160.353256 566.994934
-1.000000 -1.000000
-1.000000 -1.000000
-1.000000 -1.000000
91.024406 690.780273
-1.000000 -1.000000
-1.000000 -1.000000
-1.000000 -1.000000
-1.000000 -1.000000
-1.000000 -1.000000
92.456444 574.527100
95.111969 585.330078
-1.000000 -1.000000
89.706505 670.054749
857.594055 151.235443
112.982582 660.284485
-1.000000 -1.000000
-1.000000 -1.000000
839.367432 521.790527
100.813354 665.173096
57.693287 581.932556
33.529106 692.243713
39.114979 655.731934
-1.000000 -1.000000
-1.000000 -1.000000
-1.000000 -1.000000
514.592285 513.454956
80.396439 581.864685
-1.000000 -1.000000
1020.007446 209.572083
1037.616089 201.777496
-1.000000 -1.000000
53.302460 670.058655
410.948425 142.904327
-1.000000 -1.000000
-1.000000 -1.000000
-1.000000 -1.000000
-1.000000 -1.000000
-1.000000 -1.000000
-1.000000 -1.000000
-1.000000 -1.000000
-1.000000 -1.000000
-1.000000 -1.000000
1019.951294 419.166992
-1.000000 -1.000000
396.173096 140.265472
575.039612 536.919006
-1.000000 -1.000000
62.482197 588.305237
-1.000000 -1.000000
852.139282 550.177551
994.404907 345.483826
-1.000000 -1.000000
1179.504028 556.996765
-1.000000 -1.000000
846.965332 154.040222
424.063873 173.822220
-1.000000 -1.000000
402.785034 499.844788
562.853149 533.506226
-1.000000 -1.000000
376.906494 243.095184
542.609497 544.989685
150.706726 609.855286
-1.000000 -1.000000
-1.000000 -1.000000
422.992950 496.783997
-1.000000 -1.000000
444.166443 588.756836
46.202335 682.352722
442.615509 492.990631
380.328613 500.714569
483.248840 215.721405
-1.000000 -1.000000
1147.247192 36.554543
841.666992 532.520508
-1.000000 -1.000000
967.662720 528.298706
861.292664 505.834351
1168.974243 558.224121
-1.000000 -1.000000
941.546265 345.121918
1103.908081 76.276619
596.769836 569.155701
95.127075 654.729248
-1.000000 -1.000000
408.161682 201.585510
487.721100 47.926147
397.314545 245.812485
-1.000000 -1.000000
930.553711 343.853302
1108.639648 181.393494
508.591766 206.211411
-1.000000 -1.000000
151.654266 601.271179
-1.000000 -1.000000
-1.000000 -1.000000
-1.000000 -1.000000
494.059235 87.678070
500.835754 199.053284
552.277832 592.136108
-1.000000 -1.000000
889.671509 253.573212
1072.160767 477.208344
-1.000000 -1.000000
-1.000000 -1.000000
-1.000000 -1.000000
372.594238 198.272263
726.545532 541.575134
-1.000000 -1.000000
317.765045 194.818054
-1.000000 -1.000000
1162.474487 593.219360
-1.000000 -1.000000
1092.093506 627.574158
-1.000000 -1.000000
1044.406738 600.405151
-1.000000 -1.000000
-1.000000 -1.000000
-1.000000 -1.000000
-1.000000 -1.000000
-1.000000 -1.000000
1057.806885 162.666763
458.755066 492.005280
-1.000000 -1.000000
-1.000000 -1.000000
1008.263855 391.999878
-1.000000 -1.000000
432.651062 253.574371
-1.000000 -1.000000
735.089783 638.166504
281.596069 624.325195
-1.000000 -1.000000
-1.000000 -1.000000
951.420776 368.827972
-1.000000 -1.000000
912.853577 648.180908
860.026733 644.098877
-1.000000 -1.000000
977.436035 332.529510
1174.950439 232.269882
-1.000000 -1.000000
683.000488 507.834045
-1.000000 -1.000000
-1.000000 -1.000000
94.270561 534.161804
1064.674194 560.338379
988.976196 275.295013
1001.012939 373.708221
-1.000000 -1.000000
-1.000000 -1.000000
194.258896 693.921143
514.446106 682.655273
530.397278 534.190430
-1.000000 -1.000000
117.628250 686.562073
-1.000000 -1.000000
852.851074 433.115570
-1.000000 -1.000000
415.278900 248.944031
464.007416 110.917519
-1.000000 -1.000000
-1.000000 -1.000000
869.496643 550.577759
-1.000000 -1.000000
-1.000000 -1.000000
-1.000000 -1.000000
-1.000000 -1.000000
477.237427 240.097809
-1.000000 -1.000000
955.701416 225.229584
836.413818 640.698730
1083.157471 185.935425
115.902977 617.407166
1060.247559 195.744522
79.674889 569.988159
-1.000000 -1.000000
778.071411 421.765137
-1.000000 -1.000000
-1.000000 -1.000000
-1.000000 -1.000000
1192.630859 361.419403
-1.000000 -1.000000
-1.000000 -1.000000
-1.000000 -1.000000
915.425720 342.625244
1056.977051 364.464172
-1.000000 -1.000000
-1.000000 -1.000000
103.576393 693.179199
989.272400 356.581665
-1.000000 -1.000000
941.994568 365.017609
1027.929443 281.569153
-1.000000 -1.000000
1098.813843 51.485619
-1.000000 -1.000000
479.946167 356.057037
964.566406 351.926331
-1.000000 -1.000000
-1.000000 -1.000000
1082.223145 345.661224
-1.000000 -1.000000
-1.000000 -1.000000
901.067566 555.568909
873.340393 132.108109
-1.000000 -1.000000
-1.000000 -1.000000
1013.592041 363.981354
-1.000000 -1.000000
-1.000000 -1.000000
890.128723 343.112335
1040.303345 581.415466
1044.861450 410.140350
938.570129 649.381714
-1.000000 -1.000000
528.182739 517.871826
-1.000000 -1.000000
-1.000000 -1.000000
-1.000000 -1.000000
-1.000000 -1.000000
640.545227 660.718994
878.884399 548.914062
971.434021 221.866531
-1.000000 -1.000000
818.334290 647.519226
-1.000000 -1.000000
-1.000000 -1.000000
-1.000000 -1.000000
1025.613647 58.043808
-1.000000 -1.000000
-1.000000 -1.000000
853.483154 301.255554
-1.000000 -1.000000
964.883606 496.323547
-1.000000 -1.000000
1174.899658 611.948853
898.166748 645.753479
1094.675415 428.204376
-1.000000 -1.000000
-1.000000 -1.000000
-1.000000 -1.000000
1040.744263 369.485535
948.610962 645.388794
1022.886719 358.500549
601.203125 671.611755
-1.000000 -1.000000
768.662415 642.706177
-1.000000 -1.000000
680.780579 638.169128
-1.000000 -1.000000
1208.139282 472.056915
-1.000000 -1.000000
725.813538 637.989319
39.183483 496.348633
-1.000000 -1.000000
1008.350647 461.357666
160.039673 557.160034
-1.000000 -1.000000
-1.000000 -1.000000
699.425842 112.508247
864.667725 172.779907
-1.000000 -1.000000
804.641235 293.136017
640.179382 525.054321
746.864441 640.760681
566.474121 562.449036
1119.419189 183.664764
-1.000000 -1.000000
608.220276 690.995667
368.425293 626.851074
-1.000000 -1.000000
-1.000000 -1.000000
-1.000000 -1.000000
357.551605 655.319397
-1.000000 -1.000000
-1.000000 -1.000000
-1.000000 -1.000000
-1.000000 -1.000000
870.949341 159.239853
-1.000000 -1.000000
818.974121 255.232742
112.732338 494.681366
1082.321655 418.158203
-1.000000 -1.000000
1111.931030 69.606056
-1.000000 -1.000000
1089.780273 117.400536
489.325958 237.034973
-1.000000 -1.000000
-1.000000 -1.000000
1038.643188 80.373390
-1.000000 -1.000000
412.917969 191.069168
1112.734863 565.759888
-1.000000 -1.000000
175.218735 615.045166
1156.297363 469.382477
-1.000000 -1.000000
431.062927 136.225739
405.937714 178.305099
-1.000000 -1.000000
1083.130737 184.503372
834.382935 336.945587
-1.000000 -1.000000
-1.000000 -1.000000
-1.000000 -1.000000
416.932587 612.278625
919.526978 234.819275
-1.000000 -1.000000
1118.232178 614.384460
-1.000000 -1.000000
-1.000000 -1.000000
1083.421021 358.012421
1171.000366 204.771606
649.788086 557.834473
-1.000000 -1.000000
813.601196 538.786377
875.151855 365.355469
-1.000000 -1.000000
-1.000000 -1.000000
-1.000000 -1.000000
1159.687134 492.992065
-1.000000 -1.000000
-1.000000 -1.000000
-1.000000 -1.000000
-1.000000 -1.000000
-1.000000 -1.000000
-1.000000 -1.000000
-1.000000 -1.000000
1099.512451 554.289917
958.300171 646.150391
965.785645 360.895935
806.489441 647.471863
1217.103638 534.757202
1147.325317 479.109406
-1.000000 -1.000000
420.006622 167.897949
864.958618 75.363190
951.891663 343.534729
-1.000000 -1.000000
133.608826 642.442993
-1.000000 -1.000000
-1.000000 -1.000000
1185.275757 233.793930
-1.000000 -1.000000
1157.459106 554.395020
-1.000000 -1.000000
1044.565674 65.314713
-1.000000 -1.000000
-1.000000 -1.000000
-1.000000 -1.000000
836.768005 608.917725
76.670036 309.253510
1189.076172 474.831451
-1.000000 -1.000000
916.664307 566.096252
-1.000000 -1.000000
648.881348 678.261414
1142.174561 436.662018
-1.000000 -1.000000
-1.000000 -1.000000
280.832428 690.047546
453.681763 571.858521
-1.000000 -1.000000
765.710754 132.339142
1093.865479 149.384064
-1.000000 -1.000000
-1.000000 -1.000000
-1.000000 -1.000000
750.638489 561.472961
830.787231 583.044800
-1.000000 -1.000000
-1.000000 -1.000000
-1.000000 -1.000000
939.312317 268.021027
1123.751831 446.189087
141.538101 459.717896
-1.000000 -1.000000
-1.000000 -1.000000
-1.000000 -1.000000
1108.670288 198.142914
702.731995 641.964233
-1.000000 -1.000000
-1.000000 -1.000000
73.496971 569.968811
-1.000000 -1.000000
223.209122 202.887878
303.289490 658.460510
922.880615 647.348694
990.384216 442.456207
871.810486 244.126831
624.917847 594.074402
-1.000000 -1.000000
