167.303558 472.866119
168.357193 462.613464
74.642395 631.652100
70.502869 604.176453
112.865372 575.208984
178.689651 566.905823
178.696548 523.411621
41.642090 608.090759
121.435989 669.389099
124.573402 570.653259
107.720329 639.205444
62.935020 684.808350
113.428246 554.097900
-1.000000 -1.000000
-1.000000 -1.000000
111.922997 681.807007
111.311302 528.765381
114.201668 540.017212
52.099422 672.782227
106.823891 619.622864
900.050293 171.108597
130.156448 611.432678
-1.000000 -1.000000
35.256302 670.141113
862.713501 546.147217
118.267448 614.519043
76.234039 533.807556
52.379009 636.872437
59.687626 606.896606
778.537170 541.226135
97.556694 459.765259
178.686661 646.304626
536.140320 534.622192
99.439247 534.781433
138.006165 600.912720
1064.743896 243.158020
1083.328247 236.721329
92.404465 693.648682
71.554588 616.796875
446.069183 160.908936
408.348785 572.066101
158.997742 693.332275
485.915161 601.931580
702.731995 146.017731
-1.000000 -1.000000
477.708893 567.621826
-1.000000 -1.000000
647.419495 554.045776
-1.000000 -1.000000
1053.309937 457.932495
72.773636 684.705505
429.631836 156.750137
595.109436 557.758362
495.651855 598.046875
84.809143 538.926941
-1.000000 -1.000000
873.481567 575.646912
1031.393433 382.812683
-1.000000 -1.000000
1208.799072 612.261902
532.648926 593.969971
888.123657 174.396255
456.762360 188.340988
335.398315 578.899353
426.759247 522.364319
582.899292 557.495605
385.494720 258.662842
407.471497 258.945221
563.826172 567.538391
168.881485 566.597351
581.423950 568.609497
572.862366 581.086670
446.454559 520.263489
480.216919 193.541763
465.241333 618.131958
64.677879 628.750488
466.617859 516.405579
403.219849 524.621277
515.308716 228.207855
897.288757 198.298920
1184.287964 51.887730
864.948730 558.290161
-1.000000 -1.000000
993.276062 562.163269
885.999634 530.623413
1197.998901 612.713196
-1.000000 -1.000000
976.927856 380.052063
1160.403076 116.074913
614.039978 567.920959
112.722176 604.880249
1025.296143 435.798126
444.321686 216.798782
526.273254 72.628372
428.385529 261.841187
-1.000000 -1.000000
965.006958 376.506470
1158.586914 222.164871
540.387512 218.084671
-1.000000 -1.000000
169.865112 557.791992
477.862030 582.626587
158.538269 648.269958
52.873257 664.416687
528.700073 117.398460
529.974060 210.076126
575.178162 638.111023
-1.000000 -1.000000
927.374573 278.070343
1103.294312 521.376709
-1.000000 -1.000000
-1.000000 -1.000000
-1.000000 -1.000000
386.223450 212.975006
746.456604 551.982727
-1.000000 -1.000000
344.024323 210.763367
462.102905 214.288452
1188.849243 646.576599
1138.664551 630.686951
1114.301758 673.301514
-1.000000 -1.000000
1067.048950 636.468689
552.815674 648.108398
-1.000000 -1.000000
-1.000000 -1.000000
-1.000000 -1.000000
500.017151 569.978638
1106.798950 198.406265
482.228882 513.545532
138.459900 493.235840
-1.000000 -1.000000
1041.904053 428.874542
172.556931 667.723206
462.417084 268.880463
515.949280 567.334961
751.074890 649.969177
297.704681 591.140076
267.439636 212.069016
178.211594 458.756104
985.536865 404.673553
1199.481201 188.143036
930.918823 677.970032
876.751099 667.158447
-1.000000 -1.000000
1013.234619 367.650604
1224.852051 280.520752
-1.000000 -1.000000
705.024353 546.090942
956.850342 404.570770
1068.407471 665.997070
114.377388 490.141113
1090.968628 604.124939
1028.936890 308.744476
1036.227295 408.809723
1187.916626 78.334435
-1.000000 -1.000000
209.781052 652.183960
527.024658 671.420715
552.879578 555.730286
1191.119385 533.250549
134.062515 635.493408
580.048096 595.205200
880.414429 455.631317
-1.000000 -1.000000
446.050781 264.975922
496.401184 136.673782
197.175003 658.471191
1227.903809 211.421844
891.861755 576.454102
498.518066 652.396179
69.829506 452.721252
-1.000000 -1.000000
170.727402 678.258545
510.052155 252.910782
1048.595093 542.737122
996.575623 252.960281
853.695251 661.859314
1132.231567 222.945084
134.802948 572.505615
1107.194580 232.841766
100.476593 524.123596
1092.868896 233.707840
810.972961 458.345367
1167.754272 169.099167
-1.000000 -1.000000
110.338005 451.339294
1235.552856 413.836884
712.344177 140.423279
480.357178 218.248093
-1.000000 -1.000000
949.943909 375.937225
1076.206543 416.545563
1175.295532 419.597839
1095.729492 655.337585
120.663216 642.238647
1023.861938 396.254272
983.235901 254.683899
975.515381 402.404541
1069.120728 318.202515
1165.426880 175.058273
1156.379639 86.754066
1162.673218 314.089294
504.204590 343.894287
1000.920105 389.166626
1231.751343 232.820160
-1.000000 -1.000000
1122.356079 387.802979
-1.000000 -1.000000
1234.514771 394.736481
923.442932 583.937500
916.572205 152.280075
1220.824585 234.012268
874.587952 367.248627
1049.867188 399.765259
487.402985 595.760254
-1.000000 -1.000000
924.897888 374.037872
1064.441284 624.305664
1080.041992 452.959564
956.502625 682.063354
-1.000000 -1.000000
549.478210 538.920593
1074.149048 29.504665
1035.434448 198.177597
1094.402588 409.205048
-1.000000 -1.000000
651.970276 661.657043
901.584473 574.481873
1013.839722 250.345627
-1.000000 -1.000000
834.950256 667.324951
-1.000000 -1.000000
1068.430664 259.231140
143.061020 611.757751
1078.931274 87.019493
-1.000000 -1.000000
911.158325 79.942345
886.719971 321.861877
545.799500 588.091187
992.545959 529.999390
-1.000000 -1.000000
1200.938110 666.677612
915.138672 674.139404
1130.122437 474.006012
131.871613 682.292603
42.475937 535.325012
1018.629517 196.661377
1076.970093 404.857452
967.448547 679.027771
1059.431030 396.737701
616.423401 669.550049
1112.923950 262.672974
784.665527 657.512634
-1.000000 -1.000000
696.173706 643.470886
1074.097900 337.230988
1244.211548 529.189575
863.075439 577.800171
740.995911 649.014160
60.544487 453.285065
1069.082031 286.875580
1038.642334 499.261108
179.445175 512.521606
-1.000000 -1.000000
-1.000000 -1.000000
738.887695 141.074036
906.744995 192.862885
-1.000000 -1.000000
837.808594 312.356232
658.292236 554.524780
762.438110 653.829041
587.365051 604.284973
1169.412720 222.750931
1040.914673 142.477051
620.855469 688.063721
383.462006 601.243103
1198.526978 474.707703
42.107601 638.129456
1174.702026 148.317902
372.466614 628.412292
1161.779297 126.635406
1193.038208 111.454323
469.571655 647.494385
874.379883 528.214417
912.605530 180.479980
1195.938965 175.953827
854.792358 275.834381
132.712158 451.894440
1117.623901 457.660980
55.975872 532.327515
1168.258667 105.026337
-1.000000 -1.000000
1142.653809 142.406387
521.235657 250.078003
1143.336670 154.141617
1191.393311 675.011902
1090.921387 110.599953
510.835388 202.529297
441.339752 200.528824
1139.400024 612.682373
27.758772 533.207642
192.631744 572.039734
1190.506592 522.904846
1077.640259 433.180908
461.290985 157.565857
437.169922 190.032761
977.850952 168.147827
1131.190918 212.443039
866.738159 365.309235
-1.000000 -1.000000
799.331665 519.862793
-1.000000 -1.000000
433.076172 591.829102
959.730774 260.195923
979.322083 608.249146
1141.999023 660.818359
1042.204590 171.347549
963.104126 470.767181
1122.342041 405.118835
1222.491333 253.738129
667.381104 561.614014
915.950134 478.459045
835.277405 560.239624
907.200745 397.108459
-1.000000 -1.000000
1192.453247 138.059464
-1.000000 -1.000000
1192.313843 544.438904
73.688576 648.004578
-1.000000 -1.000000
-1.000000 -1.000000
-1.000000 -1.000000
1194.427979 125.351135
1085.912109 75.482841
915.300415 480.583649
1126.702148 601.121216
977.519287 680.302612
1002.107300 398.380524
822.655701 665.650085
1228.233765 606.479065
1181.044800 531.837463
1172.218628 395.649353
451.209412 176.195557
911.434265 90.677742
987.217468 380.433868
-1.000000 -1.000000
150.098953 596.348755
550.710327 220.066452
1179.058105 318.647034
1235.428955 283.222046
-1.000000 -1.000000
1186.511108 607.882019
1096.752319 176.920502
1097.950439 96.236549
1120.880249 501.200317
998.451843 610.947144
-1.000000 -1.000000
855.467285 631.038391
101.016045 294.592926
1224.529297 532.629028
1087.569580 546.676514
939.382263 595.747986
1192.175293 386.486023
659.933960 680.140869
1178.475952 486.727600
1127.658569 159.711578
451.212250 591.447998
297.720795 670.777954
474.255615 603.439331
-1.000000 -1.000000
804.798828 141.477585
1145.160278 192.512619
1156.586426 66.710732
-1.000000 -1.000000
-1.000000 -1.000000
769.705078 574.747498
850.724365 603.965027
1084.568481 275.006073
-1.000000 -1.000000
-1.000000 -1.000000
977.879578 295.434296
1158.258057 495.035461
162.493973 416.435730
-1.000000 -1.000000
-1.000000 -1.000000
-1.000000 -1.000000
1157.818359 235.318176
718.102112 648.971313
1004.735168 595.844482
1127.598022 578.973389
90.373222 524.694336
-1.000000 -1.000000
252.129745 218.964951
318.215088 627.105347
940.767456 677.077209
1020.830811 478.718628
910.217407 266.064728
640.714111 594.999084
1239.952759 479.338898
