169.474243 444.452118
170.362259 434.287048
77.056206 598.890747
73.834984 574.451050
114.830658 546.121094
180.865417 538.422729
180.606842 495.202606
44.645973 577.666687
123.224197 637.430664
126.903801 541.907410
110.104729 607.589844
65.259323 652.868896
115.667206 524.952698
-1.000000 -1.000000
75.205048 668.872314
114.326828 649.575195
113.481949 499.692108
116.525566 510.735138
55.911816 642.896790
109.078606 588.186951
911.867371 170.092377
132.091797 581.197998
-1.000000 -1.000000
41.084690 639.149292
865.988037 547.724792
119.964836 584.147156
78.468620 503.313263
54.967831 603.930969
63.509434 576.510010
781.875549 553.411865
100.117714 430.714478
180.470963 617.116699
538.479187 535.206116
101.597763 504.863892
139.813660 571.094421
1077.745728 249.283264
1096.695557 243.628479
94.316177 663.677612
73.927376 584.466797
451.639496 158.308640
411.619904 574.228577
160.510880 662.620789
485.786194 607.213440
711.914490 151.203629
-1.000000 -1.000000
479.431427 568.567810
-1.000000 -1.000000
649.951416 558.989929
325.568176 580.427307
1060.148193 466.413818
75.304253 653.115112
434.558014 153.302948
596.943298 559.660034
498.850403 604.456970
88.499428 508.209778
524.660950 564.448608
876.239136 577.477295
1040.041992 390.538879
139.723495 664.174744
1212.556885 626.942383
517.644226 603.642883
900.107788 173.773743
461.882202 184.454346
346.035980 579.377563
428.070801 523.759094
584.623901 558.624756
389.191833 256.067291
411.119110 256.691742
565.412354 568.014160
170.607468 538.396362
582.650574 569.013611
574.721619 580.848083
447.998810 521.770996
486.155487 189.660904
465.896790 622.614075
67.102119 596.038940
468.144592 517.433044
404.871368 525.992310
520.887207 223.894684
908.227600 198.079285
1204.015747 58.687904
868.176697 560.536682
538.142700 602.751465
997.346924 568.422913
889.830505 532.564575
1201.502686 627.164490
309.329468 582.981384
985.132141 387.028137
1177.991699 123.258736
615.804199 560.555176
114.650986 574.298035
1032.829712 443.413849
450.406311 213.340759
533.689941 72.801620
432.464447 259.470093
170.434097 689.237549
973.120850 382.908081
1173.237549 232.025223
546.748230 213.025040
95.453468 693.399719
171.569458 528.545837
479.781219 583.517944
159.998367 617.905640
55.843491 630.983215
536.139526 118.583801
536.294189 205.068848
576.393555 649.101868
-1.000000 -1.000000
937.349121 278.617340
1109.212036 531.722534
138.716202 693.629272
767.794495 554.702393
-1.000000 -1.000000
393.011627 209.620987
749.640137 555.727722
519.577209 594.784424
348.191498 207.401138
466.803131 209.724197
1191.685791 660.711975
1141.406494 642.945984
1115.893677 683.805176
-1.000000 -1.000000
1069.518921 645.886597
553.402466 658.125183
-1.000000 -1.000000
-1.000000 -1.000000
-1.000000 -1.000000
501.617920 572.343750
1120.982788 205.304062
484.095367 514.465454
140.405777 464.659485
137.568970 682.924622
1050.030884 435.885773
174.289124 638.213745
467.172028 266.341431
513.339844 570.577026
751.952820 644.638367
298.452759 582.597778
271.009247 208.507141
180.405075 430.174957
993.288147 412.068207
1215.628296 197.759415
931.652527 680.782654
877.497620 668.320679
-1.000000 -1.000000
1021.685486 373.861328
1238.853394 294.290161
109.483566 688.090454
707.877258 554.873596
964.156677 408.427032
1069.829468 675.215942
116.303764 461.229095
1094.108643 614.074585
1039.524048 313.773224
1044.338379 416.428406
1207.000854 86.467995
577.848511 208.390640
211.365326 624.836975
527.795410 661.832886
554.541565 556.247253
1197.083496 547.171509
136.111511 604.451782
582.047668 606.850037
886.146851 458.102997
1142.951660 28.431023
450.226105 262.249725
502.154968 136.796005
198.516479 630.560425
1244.078125 224.223251
894.450317 579.158203
494.161621 657.683105
72.886482 423.245514
1203.015625 33.380741
172.207855 648.905090
514.114746 249.219879
1053.330444 551.416504
1008.581726 257.272980
854.408508 661.966003
1146.186890 231.248672
136.893585 543.775269
1120.342041 240.025604
103.177666 494.862701
1106.213257 240.657761
816.953369 462.661072
1183.698853 177.282700
933.036438 693.697510
112.366104 422.267761
1245.792236 429.062744
721.767090 145.893570
486.970428 214.492615
-1.000000 -1.000000
958.052795 381.235992
1084.432617 425.308197
1184.646240 432.805664
1097.442261 665.426575
123.115829 610.418457
1032.233887 403.427643
994.742554 257.280029
983.189758 408.917297
1080.258423 326.217468
1181.480835 184.431213
1174.881104 93.016342
1175.157837 324.831604
508.725098 327.366882
1009.128479 396.759460
1247.421143 250.384674
595.171509 628.582092
1131.435547 398.069458
-1.000000 -1.000000
1245.372803 410.290100
926.413879 587.159973
929.534119 150.948303
1236.232422 246.655807
880.648254 370.503784
1058.379761 407.389923
488.499756 597.735840
554.682556 602.064026
932.962158 378.327820
1067.293213 632.511108
1087.251587 462.019440
957.637573 686.606140
1145.305542 63.588539
551.160828 539.005859
1092.328125 31.010571
1048.882446 202.750061
1103.537598 419.746002
-1.000000 -1.000000
652.355469 653.331909
904.489502 577.395264
1025.666626 255.015106
373.893494 208.079773
835.212769 666.146362
544.925659 589.722839
1080.803589 265.560089
145.265854 581.620911
1096.084351 90.505135
289.410889 207.433868
924.961914 76.215195
894.506653 321.649475
534.451904 591.758911
996.907898 536.134583
-1.000000 -1.000000
1203.005005 681.446899
916.548279 676.785767
1137.475342 485.461670
133.507965 650.753845
45.532742 504.587952
1032.003052 199.388000
1085.479858 413.909576
967.830994 684.227478
1068.309204 404.698853
616.725403 659.209351
1125.731079 265.627533
785.253357 654.121887
-1.000000 -1.000000
696.662720 637.303406
1084.557739 344.260010
1251.078369 546.403992
865.600525 580.339233
741.966125 643.836853
63.012051 423.433777
1080.518799 292.603943
1044.580811 506.723877
181.689911 483.878937
-1.000000 -1.000000
-1.000000 -1.000000
749.145569 144.360153
918.087463 192.974930
-1.000000 -1.000000
846.348938 311.358124
659.818665 558.540527
763.353882 649.478516
589.176819 616.319458
1184.281616 233.097580
1055.650391 146.166077
621.026917 677.680664
383.980438 582.094177
1206.590454 488.649597
44.993298 605.203674
1191.569336 151.083694
373.726135 607.686096
1178.885864 134.559616
1211.695068 120.870239
471.213806 651.869080
877.885681 529.253784
925.018005 179.709091
1212.779053 186.682968
864.143188 275.625153
134.932755 423.226379
1125.411255 468.958618
57.598408 501.452148
1186.382812 112.324203
367.284607 678.386108
1159.301636 151.479889
527.044922 245.805832
1159.710693 161.523315
1193.336182 688.456604
1106.800049 114.615883
515.245239 197.699142
446.868256 197.496613
1142.446411 624.835754
31.108198 502.688690
194.904114 544.458496
1196.914429 536.576355
1085.756592 441.919525
467.778900 154.811447
441.824280 186.467758
990.911255 169.240875
1146.086060 220.514114
874.310608 368.093872
-1.000000 -1.000000
803.571594 527.566223
589.113525 693.341858
434.362732 574.999817
970.575562 261.746979
981.977112 613.740173
1144.015869 673.061218
1056.901123 174.589645
969.411804 474.709290
1131.520752 415.315613
1237.482666 266.863983
670.167297 558.383972
921.311096 481.183563
838.230103 559.411072
913.714905 401.433807
275.603485 690.041016
1210.103149 147.094757
317.202728 207.547913
1198.388184 558.376160
76.146957 615.003479
-1.000000 -1.000000
-1.000000 -1.000000
-1.000000 -1.000000
1212.211426 134.946716
1103.508179 80.481140
921.367126 490.881958
1130.274536 613.127930
977.732910 685.429016
1009.905701 406.921478
823.267578 664.603760
1232.354370 622.211487
1187.127930 545.809998
1182.269043 407.775604
454.801392 168.831055
925.159363 86.949738
995.047852 388.103577
517.685852 661.995605
150.020752 566.943176
556.799744 215.594406
1191.453613 335.369446
1249.604736 296.888306
104.657219 468.209625
1190.353394 621.942810
1111.698120 183.717957
1114.910034 100.505325
1127.432861 512.432678
1000.935120 617.080017
-1.000000 -1.000000
856.957703 631.179382
103.754234 262.529877
1230.295166 547.678345
1092.589355 556.410217
941.692993 600.032410
1202.236938 399.906311
660.787415 671.246460
1185.811523 500.963379
1143.833862 166.485031
452.487122 573.931519
299.816345 646.419556
474.671509 608.596985
1253.744995 584.611511
815.802612 134.875641
1160.746094 199.946411
1175.143433 73.513512
1093.233154 631.490051
331.805542 683.146667
772.192749 571.539795
852.420044 604.111023
1096.995850 282.519287
-1.000000 -1.000000
1188.974243 134.275375
988.159302 298.624939
1165.651489 508.040588
165.049255 386.942749
1251.503906 350.260071
-1.000000 -1.000000
-1.000000 -1.000000
1172.376831 245.901062
718.690063 643.327271
1007.768250 602.371216
1131.822876 591.380493
93.187347 495.277252
326.785370 205.834625
254.155441 214.847961
319.128845 603.333252
941.829041 680.481873
1027.301880 485.792236
919.944458 265.946045
642.207886 585.429626
1247.220947 474.274872
