-1.000000 -1.000000
-1.000000 -1.000000
-1.000000 -1.000000
-1.000000 -1.000000
-1.000000 -1.000000
-1.000000 -1.000000
-1.000000 -1.000000
-1.000000 -1.000000
124.823036 518.455200
109.821823 514.543823
-1.000000 -1.000000
-1.000000 -1.000000
127.790352 533.382202
-1.000000 -1.000000
125.829704 503.447510
55.733471 591.943237
40.361153 548.911011
-1.000000 -1.000000
53.652458 625.100281
112.796349 538.456726
110.825775 499.525970
171.110123 515.220886
186.113693 513.175171
57.668083 576.904724
40.059757 413.492126
40.241604 428.489014
-1.000000 -1.000000
-1.000000 -1.000000
95.817795 499.630188
100.636696 564.500977
127.804123 548.404480
171.088913 500.200775
-1.000000 -1.000000
54.569389 640.064209
94.818932 514.652893
186.080978 498.135956
72.723495 586.895325
89.703064 586.706299
457.048218 158.702332
72.632370 571.851807
97.798599 549.521423
125.895927 488.439392
169.039932 530.219238
68.731216 625.033875
124.807755 584.525452
119.844536 626.624023
139.793701 518.386658
121.843277 569.385803
104.801834 625.652100
186.051163 528.218323
104.710060 585.592712
-1.000000 -1.000000
171.072922 485.204498
-1.000000 -1.000000
69.646881 640.026306
-1.000000 -1.000000
-1.000000 -1.000000
442.089813 162.742355
97.804893 529.479858
134.958374 625.608337
457.096252 173.757355
186.029251 483.134064
52.659065 610.281311
-1.000000 -1.000000
201.135178 515.148804
-1.000000 -1.000000
110.884720 484.517029
527.816284 100.348618
57.621117 561.886047
73.694466 664.037720
82.699730 556.731140
115.822418 641.542664
95.850609 484.626160
96.731071 601.705811
156.014832 515.301880
567.952759 604.740112
130.826279 650.533203
472.054657 161.656448
566.890381 629.470337
439.174835 147.795944
120.793861 599.551086
115.809677 656.547607
552.964539 609.712341
481.573639 588.316711
466.482391 588.455200
140.827286 503.379730
581.892212 629.470886
582.964966 598.735168
484.651031 603.195435
542.800842 96.309601
764.793701 524.328430
458.050659 194.685608
451.493835 591.625244
176.746872 461.307831
84.798935 626.905762
170.979431 545.261902
435.119354 195.809601
53.458149 655.028809
536.502258 536.110229
156.053421 500.277985
512.867493 104.405357
596.924561 630.502014
427.118805 162.817963
100.694466 647.706421
201.050781 530.273071
518.352905 249.513992
147.933167 676.689636
-1.000000 -1.000000
469.562866 603.277893
139.967484 589.543091
528.846313 115.276627
70.734764 602.148926
765.928589 539.245300
168.878876 444.307465
135.996353 610.630127
484.642487 618.152893
454.099640 143.721848
472.146942 176.776154
84.675377 648.992249
186.044205 543.236511
201.073349 499.937195
119.757652 676.902588
161.745071 460.280945
521.504089 536.134888
40.892738 398.569824
568.892029 644.470459
442.111420 177.774017
527.163147 234.510529
469.591339 618.190674
883.432617 569.100708
527.826538 85.437164
503.348419 248.547714
196.734558 466.106476
136.791443 563.367249
563.724426 560.035034
420.102783 190.911301
543.805420 111.189720
424.216064 147.910385
-1.000000 -1.000000
567.895325 589.848083
883.577209 584.062988
551.945557 631.586731
-1.000000 -1.000000
142.695450 533.337341
881.352173 554.115234
156.045959 485.278870
172.053757 429.314392
583.924011 645.463623
535.633728 551.150024
488.312622 246.650085
-1.000000 -1.000000
779.787842 524.377075
506.509613 538.189880
519.325867 266.392334
557.769409 96.373825
451.463654 576.619812
911.700562 188.735764
88.644241 668.011841
536.495667 521.118652
467.443756 573.502258
482.544586 573.342590
598.936035 645.492859
597.932068 594.610046
512.139282 233.596771
551.614319 545.148499
578.776306 561.937683
593.014099 660.541626
577.968384 660.473022
454.572327 624.237671
201.004257 484.892242
566.705872 545.059692
151.790619 571.320862
183.871719 444.254822
563.718445 575.002502
454.527435 606.329407
513.871765 119.382957
582.796570 583.874023
780.950012 539.221985
145.981079 655.643921
548.165039 224.371689
473.072327 191.706894
512.856262 89.489716
562.884277 659.528137
935.365784 183.592194
548.211975 239.271683
162.971176 676.651245
154.960297 586.491272
153.931946 445.370636
896.283752 554.096680
496.689484 588.216003
156.983688 429.355164
1021.388000 395.518463
868.327881 569.288513
898.387634 569.100952
885.537170 599.061890
896.708130 187.806183
82.870506 529.644409
552.912659 594.843018
172.943161 560.263428
582.882263 614.502014
571.094849 224.182922
155.657318 548.336548
551.496887 530.097656
1011.304565 416.343689
504.307892 266.408295
521.500427 519.156921
1006.413208 395.474792
201.071167 545.287231
717.536316 185.171417
868.421326 584.235596
187.118011 429.304962
911.594666 173.796280
432.213074 210.825012
542.852356 81.488251
597.889648 615.563110
470.544189 633.201721
104.682777 676.921326
912.802307 203.541351
533.156616 219.439651
567.971741 209.298691
533.232300 251.420441
570.163025 239.207962
934.231873 168.763046
1208.875488 40.089596
866.272888 554.171814
472.117188 146.565598
450.137299 209.711136
553.016968 209.370865
896.749634 172.876556
765.072754 554.238464
141.002518 488.367126
719.609375 170.193344
499.933075 605.051208
146.008667 640.672485
465.051361 209.665054
174.177155 414.233917
1166.286743 678.585205
521.963257 70.617043
935.511230 198.516617
898.620178 584.054871
151.027802 620.551758
558.772095 111.193176
604.915100 551.631287
870.448425 599.087097
520.612000 553.182129
188.103012 564.229492
896.723633 202.707336
179.044861 631.310120
913.210815 556.054260
455.549896 639.401794
172.890015 575.473999
1036.374390 393.360565
548.257629 254.228394
1026.360474 410.312531
724.646606 155.192459
943.953552 41.321426
497.013977 231.624634
566.518738 529.926514
557.837341 81.603516
551.441589 515.091858
439.335541 132.763077
141.878113 424.365540
-1.000000 -1.000000
780.115234 554.171387
991.434631 391.500488
179.063431 616.299988
913.379944 570.958923
159.116714 414.306213
581.750671 546.799927
161.005173 635.384216
608.953003 566.684814
879.251038 539.067444
1044.332886 378.382996
177.966583 676.626038
1224.068970 678.507812
894.214355 539.051636
911.415222 158.882095
499.947357 620.002808
853.302856 569.277405
1051.262817 393.285675
996.322205 418.387115
1206.910522 678.532104
424.402527 132.914902
593.866089 566.752625
1194.052612 41.235249
203.176086 560.246033
-1.000000 -1.000000
1151.494385 678.595642
497.665771 573.237122
959.010803 40.850906
537.989075 204.355270
-1.000000 -1.000000
608.185852 660.585327
-1.000000 -1.000000
534.204163 269.371094
542.981995 646.646484
507.098877 74.742546
543.888306 126.093765
505.597473 553.230591
151.006607 605.592773
1021.438538 380.567810
896.748413 157.953217
611.933960 630.555725
-1.000000 -1.000000
586.104431 231.991669
487.065125 163.629715
1126.264282 678.500732
794.743286 520.502075
146.928741 460.349091
-1.000000 -1.000000
79.918655 514.689819
428.079773 678.481812
536.958740 66.595108
749.671509 519.347107
712.579163 200.070435
194.112717 611.084961
928.284668 153.887238
-1.000000 -1.000000
900.627869 599.168945
548.653198 566.035278
-1.000000 -1.000000
853.398987 584.147461
732.479309 185.062347
169.904984 598.362976
795.933167 535.197327
138.925949 439.381714
734.533691 170.143143
1027.045044 678.374268
709.542480 155.248993
809.750183 487.244293
950.282166 180.627182
518.197754 218.549164
442.445282 678.633911
196.071640 626.156189
127.262703 473.396698
470.556793 648.528320
485.576050 635.167664
845.250732 362.611847
830.174561 382.644989
629.968750 569.578186
1059.104248 375.207733
436.443115 600.083862
949.161194 165.536194
875.112244 524.007141
920.754272 218.187836
710.693115 678.250732
188.117096 579.309509
-1.000000 -1.000000
1175.105103 41.192017
1006.551025 380.606415
750.688721 539.360718
551.997070 66.731667
547.999634 661.735840
811.788574 502.135803
851.230774 554.392700
1041.488403 678.337341
-1.000000 -1.000000
704.625549 170.207916
1112.729248 40.450329
-1.000000 -1.000000
864.158936 539.228027
511.821625 590.111145
830.142395 367.689514
1041.432495 408.136292
80.892136 499.685791
728.555603 140.292664
471.638885 678.737732
-1.000000 -1.000000
845.510254 397.442047
413.058289 678.501099
692.139832 572.112549
915.792114 585.898376
572.585693 96.411034
624.028564 554.540894
189.306351 414.149353
935.800842 213.157043
-1.000000 -1.000000
809.823669 517.314941
473.425720 249.572891
808.711548 472.287384
-1.000000 -1.000000
491.537872 535.193115
-1.000000 -1.000000
566.408142 514.973938
1056.932739 678.161499
780.228210 678.071960
-1.000000 -1.000000
909.116028 539.161499
1011.772888 678.462830
536.491516 506.173889
-1.000000 -1.000000
709.068115 573.047729
796.092102 550.093384
52.348038 670.057373
647.330811 571.539673
558.821899 126.058952
855.479370 598.921021
161.009476 655.411499
576.740295 678.695801
950.411499 195.568405
585.963623 217.055130
533.619934 568.070496
-1.000000 -1.000000
-1.000000 -1.000000
549.994995 678.344727
830.229309 352.878479
523.052490 203.470093
515.133789 609.961853
504.741211 678.506348
599.228027 675.766907
417.120422 205.893509
905.837463 218.385880
412.087402 163.044571
1091.802368 678.090454
-1.000000 -1.000000
596.780518 536.590576
482.052155 231.695694
845.120544 377.546143
600.921936 231.923035
613.985596 645.701721
797.211731 678.403564
486.661102 678.647156
1066.234009 390.127106
334.149841 678.644653
528.957642 130.213623
702.657837 185.193604
713.435364 140.370300
812.906738 532.232422
549.212158 269.251740
317.462280 605.754211
845.230103 347.689270
678.895691 678.648254
198.806351 443.975922
677.435547 573.224854
723.886902 575.198181
489.253265 266.535706
472.791931 663.926270
991.704834 376.628845
571.788086 194.267136
-1.000000 -1.000000
893.971680 524.017212
176.017410 655.294983
506.144043 672.409424
674.208740 158.165588
1106.640259 678.216919
1003.498596 433.184082
585.279114 247.178818
739.585083 155.289108
-1.000000 -1.000000
318.750305 678.571838
-1.000000 -1.000000
764.716003 678.259705
-1.000000 -1.000000
646.254028 556.332397
277.292114 584.898621
612.887085 615.670288
304.984406 678.540955
581.520569 531.429993
881.840210 178.908325
-1.000000 -1.000000
453.849304 128.786926
1097.616089 40.385029
875.021912 509.057251
812.041443 305.930908
824.840881 482.327454
358.176605 604.996887
302.528717 607.156616
725.454773 678.518433
1056.360718 408.090973
287.604065 608.481873
796.296265 564.961670
534.769287 678.547180
573.590210 111.350334
993.769836 678.552917
433.246338 118.171150
563.214661 254.236237
981.789368 437.013550
830.454590 397.504944
823.784119 467.361938
808.677124 457.344879
552.776550 194.279785
697.851807 212.307587
881.721497 193.842072
56.764977 546.857605
695.143921 678.343689
268.361389 229.188980
292.447876 590.856323
727.595764 200.020157
743.627930 138.465897
659.339233 160.261566
-1.000000 -1.000000
537.819336 189.293625
-1.000000 -1.000000
-1.000000 -1.000000
965.334229 178.732193
209.057693 610.877747
452.522003 561.598083
343.143982 606.343506
749.819214 554.431946
727.772583 511.509338
860.309021 351.527161
-1.000000 -1.000000
644.186401 166.630737
538.117798 608.802979
401.166901 599.779419
1076.881714 40.215775
1076.885132 678.112976
943.188599 150.560806
490.854095 672.901245
780.343384 569.136292
881.873596 163.943436
373.300232 603.906616
356.165894 678.885559
838.474304 649.749329
813.039185 290.753662
1026.417603 425.101471
815.316650 379.848602
479.987946 206.683456
436.540619 584.702148
815.233826 352.985504
211.018707 626.102417
739.271423 590.174561
482.410004 558.374390
194.066605 641.182495
981.580017 422.327820
821.146851 338.175690
612.997070 581.813965
911.769958 524.088745
512.593933 575.180603
839.760132 665.651855
455.729279 655.210938
467.360016 558.502319
80.887520 484.685394
316.451752 590.330261
396.337128 188.024582
-1.000000 -1.000000
811.174805 320.994507
-1.000000 -1.000000
190.145935 594.310547
826.855652 497.229797
675.256470 173.291733
955.872742 431.533630
525.809570 174.332687
633.053650 651.870483
202.117249 429.081146
643.311829 678.908203
440.601257 644.866821
691.048706 556.978149
95.747749 409.609222
1041.728271 348.176514
439.473358 615.005432
853.533508 412.400635
277.183777 569.678223
533.209900 671.939209
519.860352 678.580933
511.120148 166.727875
367.259949 184.281616
709.034668 557.837891
662.571106 574.482544
457.750061 670.450867
679.034729 216.637314
267.280090 214.309280
849.178650 539.532104
352.494965 662.269897
226.028595 619.888672
572.720215 81.639854
600.737183 217.035156
110.681290 408.572205
272.331848 600.302307
860.077515 524.159363
698.957092 41.328865
-1.000000 -1.000000
921.611450 414.251312
216.179764 533.429260
632.116943 585.045044
537.992798 593.898315
397.309296 202.947525
552.561035 179.541672
1017.585815 365.761810
424.111511 103.683464
421.292145 602.203613
193.018829 676.655029
981.543274 406.508972
439.561035 629.836548
225.036728 604.776794
615.823608 230.805817
928.361633 568.046692
823.742859 452.360077
943.373718 135.434647
901.087219 506.998901
723.923584 559.614319
515.113464 624.903198
935.865356 227.907318
688.653198 158.234756
80.758255 409.601593
507.071442 657.129333
765.305420 569.347534
507.242981 59.907402
629.339722 168.721283
916.072754 601.040161
448.118225 113.944511
143.968445 409.354248
508.247620 203.675140
676.430847 558.085449
292.316986 575.676575
889.512390 413.356750
1056.616455 343.076904
808.666016 198.120239
854.693604 671.192444
950.855347 210.033447
418.349762 118.657936
964.273499 163.367249
623.436584 670.377502
712.681580 215.218552
373.287384 653.998535
281.281464 676.004639
-1.000000 -1.000000
332.426208 181.512085
519.250854 281.487976
375.295807 628.818604
1022.064819 350.715302
-1.000000 -1.000000
838.867676 467.473328
871.545654 670.963867
253.481689 229.129608
749.682922 170.273300
820.824951 667.651062
940.688049 422.050934
205.253937 588.886536
794.699341 487.331604
-1.000000 -1.000000
622.914490 539.512207
965.357727 193.748047
814.998474 275.548157
824.875977 517.051086
698.222839 140.554993
816.968811 547.560059
442.810791 99.245621
521.531433 504.295959
906.498901 412.394806
663.968811 218.769791
398.422729 678.613892
252.376144 214.272659
-1.000000 -1.000000
369.262878 199.119705
853.391296 648.665466
357.262817 589.766968
500.985718 639.982727
266.331604 676.012634
738.946350 575.071106
928.191467 553.356445
724.109192 590.374451
976.895874 367.618469
95.733414 424.617493
638.443054 667.064026
-1.000000 -1.000000
409.298615 142.284897
596.767090 521.468750
358.267883 646.880371
-1.000000 -1.000000
110.676949 423.582001
972.652405 453.716003
1207.936890 643.635010
758.739380 136.641663
1056.517334 359.830841
511.349487 181.623871
-1.000000 -1.000000
506.390686 515.986084
372.267242 588.646851
468.855652 131.700577
928.392029 138.887482
226.038101 635.137878
766.238342 591.972961
1039.968506 363.178772
644.061218 541.309448
342.165466 590.896240
581.513367 516.454407
522.256165 55.866253
838.570435 412.402771
754.729309 153.424759
978.144592 678.568237
958.156982 148.380905
110.661392 438.580658
387.565125 669.208252
1041.616577 333.339478
312.355865 674.730469
-1.000000 -1.000000
727.744568 215.234207
809.712158 215.965958
1238.350708 646.881165
343.252045 640.940247
337.385956 662.411072
254.250168 199.386002
191.042175 660.402893
216.450073 518.393799
764.704712 509.526154
814.508789 652.827454
793.687317 472.453949
209.048676 641.157349
660.412537 175.373703
742.825928 200.458038
360.255890 629.995850
246.409607 671.116638
930.642517 585.824158
815.462891 394.582062
-1.000000 -1.000000
1046.682007 154.397064
839.420654 631.690613
890.793457 217.613586
-1.000000 -1.000000
741.472839 617.054565
839.922180 482.474762
817.767822 230.772858
977.133118 382.667236
1237.189575 610.408081
802.951294 174.106445
1223.145386 644.600037
666.727051 658.863647
367.329926 669.155823
371.072021 678.674438
-1.000000 -1.000000
488.515381 178.830887
216.435349 503.142456
92.678749 439.613556
957.611206 455.007080
487.721954 657.707764
-1.000000 -1.000000
793.649231 457.510345
724.917053 526.552612
1071.266602 405.126312
567.565186 41.526184
317.713806 180.782547
1054.518799 170.657104
637.288757 607.085083
349.402832 41.392994
678.127686 188.316147
411.384186 584.631104
1041.524414 422.885651
1189.899902 640.987976
272.200134 199.387741
781.374268 596.877441
207.376328 414.008453
332.452789 196.331802
764.383728 615.958008
838.839661 452.461884
274.330841 660.947083
352.467743 183.375565
241.045807 625.881714
271.386017 616.040283
388.632080 654.170593
442.702423 672.583557
634.242310 634.280518
397.335388 217.938370
747.680176 185.258026
316.518219 575.249084
1074.129150 374.754730
80.721436 424.608063
-1.000000 -1.000000
661.466187 556.174500
209.131241 674.314453
614.532776 171.072098
509.396301 374.560394
874.612366 416.547821
396.179077 584.623657
854.322205 631.639954
670.434570 643.511475
301.908264 181.125824
494.387451 373.528381
514.258972 134.177704
779.715820 509.628082
951.173279 224.746841
647.435364 587.334656
1026.682251 335.565918
633.406433 183.653000
955.880188 416.757660
1039.626465 169.871674
1098.758423 80.898483
-1.000000 -1.000000
827.998169 532.103821
436.713837 569.682861
369.191589 214.092606
-1.000000 -1.000000
-1.000000 -1.000000
712.791504 511.635406
1206.743042 609.717041
-1.000000 -1.000000
250.224945 649.784546
670.488342 249.826141
211.988922 466.950317
811.089905 562.132385
218.059311 548.353394
958.365112 133.265091
736.540771 663.153625
1238.378662 625.499329
859.981445 509.208160
-1.000000 -1.000000
-1.000000 -1.000000
256.350769 604.734314
240.972244 610.782532
726.509338 618.348328
683.440613 143.696014
1187.667480 606.333801
797.135864 306.280762
262.270447 585.511841
214.149704 444.029602
655.610657 520.149414
1055.267212 185.199707
404.332062 628.471985
-1.000000 -1.000000
467.159973 224.679245
913.442993 143.931778
1031.769409 154.549072
1100.858276 107.625130
860.193176 366.425201
988.431091 453.910797
652.434631 607.338684
915.819336 509.095337
920.846619 233.014297
1207.890625 624.638184
528.295654 656.931030
208.501617 399.118774
1113.961792 80.583572
779.572998 611.676270
1188.880249 621.257141
-1.000000 -1.000000
314.420929 659.640991
273.206055 645.830261
627.799500 524.426697
970.145691 260.667053
796.766846 502.271332
296.242218 675.021545
808.040955 136.476959
648.220398 651.854309
921.443298 399.270508
868.450806 656.461060
1060.796021 40.030552
599.221313 175.550827
891.247986 398.359924
806.260254 336.181732
649.151855 634.286316
-1.000000 -1.000000
984.566162 263.721497
217.445419 429.403259
607.265442 136.264496
795.397217 580.487976
742.995117 215.755600
403.298584 647.770081
452.576752 224.784805
482.927399 65.011482
291.436890 624.303650
901.327759 678.935364
332.568542 211.306320
615.680359 215.957962
146.465958 338.497498
-1.000000 -1.000000
1063.990112 154.357101
906.320007 397.364044
665.150452 541.127380
694.594666 638.488342
793.947021 202.234497
886.409546 670.865967
773.812073 139.990829
345.243469 625.914307
613.007385 600.877808
796.225891 321.362213
743.602722 123.728111
1222.041138 609.610046
751.843689 664.971863
551.386780 500.076996
363.593170 41.053902
805.875549 667.686279
1211.159302 666.992981
1040.445312 185.242676
506.323212 354.983490
1115.907593 105.456314
419.489105 617.219421
833.211975 144.878754
803.003113 232.168274
491.325317 355.010559
437.742157 225.861710
-1.000000 -1.000000
955.696411 678.864014
821.118774 260.352325
940.629883 436.799866
1196.196533 667.918091
1056.680664 422.706635
276.277649 630.947205
567.165771 66.974159
837.429932 207.721191
1122.986450 65.603302
1071.674927 349.691437
983.800659 278.609497
1041.189087 125.130676
180.551788 399.265442
600.406555 247.123474
544.131958 141.104630
427.920807 88.904175
253.341095 184.823853
317.539856 195.439850
216.305817 487.872925
231.045639 589.485901
808.636841 442.164246
823.954163 628.797485
1238.200562 595.906006
536.997375 625.630249
773.692566 124.984413
65.006920 516.729309
821.663574 176.920746
1069.207764 170.309891
231.506531 533.423035
-1.000000 -1.000000
161.485092 399.312531
238.992508 200.196472
764.804565 168.392853
787.961487 176.263290
670.649963 518.042114
1223.524902 565.818359
205.397568 358.731689
1099.660889 66.008980
794.922729 217.250351
524.971863 150.404739
1174.863159 639.981689
612.492371 151.080933
869.293945 641.464050
1045.197144 437.753082
800.854736 159.202393
905.818909 233.285065
1223.066895 625.558899
228.041412 562.991211
723.849182 544.593567
852.518677 64.390671
667.566040 605.285950
947.373474 670.031921
729.570068 633.183960
695.591187 623.586487
681.841431 658.915833
354.555786 199.189102
231.346298 672.262695
837.562866 192.709396
447.887360 84.380600
711.605347 621.208130
278.997772 554.317993
511.371857 392.601959
965.865051 221.960358
838.457642 569.824646
838.444519 584.430664
673.596802 628.577942
836.563232 173.501984
112.321869 469.451447
886.038635 263.382080
496.363220 392.539825
411.623169 569.592102
915.178833 667.111084
847.348877 129.393799
1109.530518 604.514709
815.312439 151.113968
564.152039 269.236633
79.897461 394.510956
1128.741211 80.093460
256.256165 620.016479
611.885925 524.549377
1083.656128 79.187241
811.389587 577.663025
854.658630 195.336502
758.673462 121.721817
1081.118896 389.981720
137.284882 323.067261
510.377808 151.288086
361.397949 133.034409
840.462769 598.772583
126.116669 404.421722
969.520996 279.819702
1238.685303 420.834320
823.581116 412.005188
1017.349915 517.216309
202.273315 380.582977
479.398956 374.527466
955.704590 258.755035
233.371857 547.944092
402.606232 671.241760
328.318146 639.420166
1070.163574 185.047546
860.600342 397.444855
712.651184 635.995605
586.900208 202.077789
65.944649 409.585571
190.371323 356.669556
95.915718 394.690308
848.510376 148.531448
663.868591 203.570694
905.955322 258.929596
419.656586 632.242859
597.285767 151.276581
1172.461792 604.454834
876.345276 398.408539
231.431366 504.152252
939.650452 407.177612
504.208191 281.629913
1055.692017 135.607956
427.751251 674.071411
