-1.000000 -1.000000
-1.000000 -1.000000
-1.000000 -1.000000
-1.000000 -1.000000
-1.000000 -1.000000
-1.000000 -1.000000
-1.000000 -1.000000
-1.000000 -1.000000
126.669731 531.046997
111.664841 527.144531
-1.000000 -1.000000
-1.000000 -1.000000
129.735718 546.120972
-1.000000 -1.000000
127.591240 515.958862
58.319237 605.787537
40.632992 562.711060
-1.000000 -1.000000
56.465370 639.434753
114.785408 551.310913
112.550140 512.101624
172.961823 527.622498
187.957581 525.515137
60.142395 590.662109
-1.000000 -1.000000
40.031712 441.470001
-1.000000 -1.000000
-1.000000 -1.000000
97.520691 512.349243
103.167236 577.711487
129.874268 561.177368
172.849976 512.517273
-1.000000 -1.000000
57.414822 654.347351
96.650711 527.387817
187.812744 510.393005
75.375816 600.621704
92.438766 600.327148
454.995972 159.202377
75.170403 585.487610
99.899147 562.523560
127.488281 500.960938
170.937149 542.699402
71.682266 639.062317
127.468399 597.916077
123.051331 640.656494
141.655045 530.942932
124.577042 582.455688
107.932922 639.676880
187.976990 540.607910
107.441902 599.116150
-1.000000 -1.000000
172.755692 497.518341
-1.000000 -1.000000
72.731789 654.016785
-1.000000 -1.000000
-1.000000 -1.000000
440.147125 163.399246
99.745636 542.531616
138.163879 639.564575
455.242615 174.642609
187.657684 495.383209
55.386250 625.093567
-1.000000 -1.000000
202.978088 527.437927
-1.000000 -1.000000
112.414864 497.112610
524.709656 99.524323
59.865532 575.560242
77.306419 678.076233
85.106445 570.064941
119.145447 655.653259
97.332596 497.366730
99.532173 615.719727
157.765488 527.725708
572.992920 604.623352
134.214462 664.700500
469.944122 162.128830
571.256287 627.865051
437.267731 148.355881
123.488480 613.369385
119.236481 670.750916
557.757080 609.744934
484.766876 589.295471
469.443207 589.788086
142.656403 515.837341
586.255127 627.981750
587.857849 598.250916
488.100769 603.967285
539.649536 95.311455
767.370178 520.197632
456.445343 195.905472
454.533539 593.673096
178.151474 473.513397
87.831604 641.235352
172.888000 557.747681
433.623993 197.123703
56.266251 669.250183
539.168701 537.066101
157.784149 512.637756
509.653931 104.001991
601.401672 629.267273
425.261963 163.573776
104.016846 661.756958
203.051498 542.390076
517.388245 250.658035
-1.000000 -1.000000
-1.000000 -1.000000
472.714691 604.298279
142.645981 602.903015
525.686646 114.586632
73.491928 616.649719
768.545898 535.096008
170.116043 456.289001
138.907486 624.453735
488.287354 618.701538
452.048004 144.196716
470.451050 177.897552
87.978508 663.290222
188.056290 555.602356
202.823639 512.159241
-1.000000 -1.000000
163.137207 472.507690
524.126404 537.152527
40.832478 411.550110
573.223694 643.292053
440.327606 178.692245
525.820190 235.666611
473.158173 618.743286
887.596008 567.398804
524.741699 84.662827
502.449646 249.664871
198.325989 478.191650
139.006821 576.150574
567.172974 560.909546
418.690796 192.669769
540.621155 110.353851
422.139099 148.704315
-1.000000 -1.000000
572.767456 589.866455
887.886841 582.341858
556.165466 629.849243
-1.000000 -1.000000
144.593109 545.969971
885.395813 552.367065
157.720581 497.639801
173.057556 441.282471
588.181763 644.677124
538.265259 552.115723
487.441681 247.776428
-1.000000 -1.000000
782.423096 520.233643
509.275635 539.436218
518.510193 267.456573
554.655273 95.380211
454.560669 578.348145
909.408325 185.830444
-1.000000 -1.000000
539.099548 522.146912
470.353851 574.923523
485.604523 574.468018
603.148926 645.127441
602.638123 593.506653
510.884216 234.750748
554.337891 546.059570
582.339783 562.611267
596.787842 660.885742
581.722534 660.055786
457.993317 625.214233
202.647079 497.044678
569.945374 545.726318
154.182907 584.056030
185.102951 456.253326
567.297974 575.872620
457.689636 607.827148
510.744843 118.825325
587.005676 583.940247
783.717896 535.021545
149.523773 670.050598
546.488098 225.269241
471.405487 192.904694
509.701843 89.457237
567.261475 658.415405
932.773682 180.565567
546.679138 240.013718
-1.000000 -1.000000
157.579819 599.437927
154.970108 457.380157
900.364746 552.255127
499.647064 589.204407
157.990952 441.340332
1022.740601 390.525330
872.390137 567.768250
902.555237 567.261047
890.145386 597.400391
894.465271 184.968460
84.827629 543.024658
557.900879 595.140503
175.054764 572.730774
587.152161 612.632812
569.008911 224.270950
157.224899 560.914429
554.136169 531.057922
1013.073669 411.730225
503.535706 267.436829
524.026245 520.229736
1007.851929 390.659210
203.234451 557.343750
715.534729 182.242645
872.699524 582.702454
188.097031 441.219635
909.023560 170.901199
431.105408 212.205109
539.658997 80.355621
602.246582 613.748352
474.362396 633.444397
-1.000000 -1.000000
910.741699 200.626114
531.554016 220.382050
565.669006 210.084274
532.011292 252.504196
568.196716 239.052429
931.568359 165.725082
1203.335083 40.027180
870.174194 552.614258
470.384460 146.441589
448.865570 211.011429
551.125305 210.455536
894.170959 170.035233
767.525818 550.358765
142.765900 500.826569
717.335327 167.191833
503.525818 605.779724
149.302551 654.673218
463.618561 210.853775
175.049194 426.226685
1173.189819 677.976990
519.174377 70.617531
933.007019 195.493454
902.864136 582.193420
154.022186 634.015320
555.697998 110.542145
608.473022 551.570923
875.002563 597.568542
522.655273 554.188538
190.354996 576.576111
894.809265 199.863113
182.083847 644.398804
917.263733 554.104675
459.217621 640.345215
175.165756 588.021484
1037.695923 388.157745
547.079712 254.817429
1027.882935 405.337982
721.922607 152.173111
939.300232 40.927254
495.833282 232.795883
569.490601 530.536377
554.646057 80.419754
553.882202 516.078857
436.875549 133.386780
142.918427 436.535309
-1.000000 -1.000000
782.776245 550.202515
992.728455 386.751221
182.039886 629.399780
917.460754 568.972839
159.979462 426.287231
585.223511 547.045532
164.151794 648.733765
612.447266 566.718689
882.979736 537.374390
1045.565918 372.977142
-1.000000 -1.000000
1232.253174 678.147461
898.155212 537.258850
908.710449 155.932938
503.797577 620.359924
857.401672 568.078125
1052.590820 388.080780
997.849182 413.858337
1214.885376 678.054138
421.993896 133.782303
597.596008 567.261963
1188.437256 40.912941
205.501740 572.246826
-1.000000 -1.000000
1158.181274 678.074524
500.220551 574.460999
954.306091 40.793167
536.284546 205.315338
-1.000000 -1.000000
611.002136 662.109375
-1.000000 -1.000000
533.304626 270.437866
546.879028 644.805054
504.316559 75.982086
540.739441 125.353722
507.540985 554.292053
153.842926 618.954712
1022.560425 375.329498
893.921631 155.023254
616.342163 630.421509
-1.000000 -1.000000
584.262817 231.559784
484.458740 164.416412
1132.792969 678.398560
797.211548 516.733337
147.945129 472.599365
-1.000000 -1.000000
81.591019 527.831055
431.368835 678.837280
533.845642 65.763603
752.221558 515.322266
710.807617 197.347580
197.006042 623.827820
925.571899 150.832581
-1.000000 -1.000000
905.188110 597.365417
552.118347 567.001221
-1.000000 -1.000000
857.660034 583.008728
730.517151 182.103104
172.901123 611.316284
798.632935 531.156433
139.917755 451.549896
732.219971 167.000076
1033.345093 678.365906
706.830688 152.428513
811.845520 484.592163
947.682983 177.595169
516.637573 219.565872
-1.000000 -1.000000
199.113403 638.884705
128.676544 485.933746
474.738281 649.129150
489.573853 635.221069
845.817444 360.579437
831.170837 380.792389
633.192200 569.467285
1060.375732 369.719360
439.630219 605.785950
946.511414 162.483200
878.412048 522.316406
918.854309 215.348526
716.592712 678.295593
190.499756 591.723511
-1.000000 -1.000000
1169.795532 40.880688
1007.691833 375.680481
753.063110 535.392151
548.895569 65.873314
552.248657 659.802856
814.090210 499.487762
855.193604 553.132996
1048.229004 678.360596
-1.000000 -1.000000
702.334778 167.452332
1107.294556 40.110512
-1.000000 -1.000000
867.796875 537.609741
515.011658 591.013306
830.736816 365.697418
1042.964478 403.004730
82.322472 512.806641
725.168640 137.031067
-1.000000 -1.000000
-1.000000 -1.000000
846.939148 395.162048
416.348999 678.896912
695.482361 570.480896
919.867493 583.887634
569.587585 95.948776
627.151855 553.823181
190.135208 426.048950
933.469543 210.199005
-1.000000 -1.000000
812.200500 514.457458
472.626038 250.704590
810.650024 469.676605
-1.000000 -1.000000
494.163452 536.403503
-1.000000 -1.000000
568.976807 515.626709
1063.413330 678.396973
786.054932 678.133484
-1.000000 -1.000000
913.080383 537.265930
1018.536865 678.298462
539.155823 507.525421
-1.000000 -1.000000
712.624878 571.869446
798.974121 545.982178
-1.000000 -1.000000
650.378235 571.060120
555.762390 125.501282
859.979126 597.721069
164.450424 669.304565
580.350952 678.861023
947.766357 192.591751
583.692078 216.922928
536.510254 569.201538
-1.000000 -1.000000
-1.000000 -1.000000
554.404785 678.406860
830.718140 350.963348
521.423523 204.447800
520.173218 610.547119
508.782349 678.854736
602.772644 678.447632
415.918457 207.490448
903.977966 215.628510
410.320984 164.493744
1098.441650 678.530334
-1.000000 -1.000000
600.140869 536.389648
480.788879 232.868820
845.961914 375.588043
598.890198 231.350021
617.965027 647.649048
803.277710 678.363342
-1.000000 -1.000000
1067.513672 384.879913
336.936707 678.824097
525.989563 129.507706
700.549927 182.474075
709.989929 137.262878
815.495056 529.274902
548.333557 270.050079
319.325073 611.184631
845.694885 345.793793
683.546387 678.701965
200.168808 455.880157
680.816772 572.427795
727.829163 576.300842
488.475128 267.618652
477.462311 666.352661
992.681946 371.897186
569.208923 195.034775
-1.000000 -1.000000
897.663391 522.128296
179.260025 668.634827
510.165619 671.845581
671.473755 155.872574
1113.371216 678.353516
1005.369324 428.833038
583.762390 246.786804
736.833618 151.981247
-1.000000 -1.000000
321.882507 678.720337
-1.000000 -1.000000
770.122864 678.385803
-1.000000 -1.000000
649.032227 554.851562
279.860992 588.637573
617.375244 615.510437
309.253174 678.551086
584.629517 531.197754
879.388489 176.323700
-1.000000 -1.000000
450.541687 129.567429
1092.432007 40.105080
877.990601 507.295807
811.940247 303.516083
827.105103 479.795319
361.109711 610.875366
304.772278 614.727661
731.223511 678.564453
1057.673218 402.967804
290.213318 617.636597
799.211487 561.478210
538.892944 678.699524
570.643250 111.785927
1000.193420 678.364075
430.191345 119.730904
561.817749 254.229904
983.330322 433.606018
831.758423 395.297363
825.910522 464.907196
810.386780 454.729370
551.036621 195.506104
695.846497 209.906342
879.541382 191.284805
58.943081 560.388367
700.586731 678.363037
267.050446 231.248291
294.880646 594.695557
725.820068 197.138794
740.444946 134.964905
656.605835 158.255188
-1.000000 -1.000000
536.125549 190.265289
-1.000000 -1.000000
-1.000000 -1.000000
962.686829 175.756348
212.361343 622.890930
454.428680 563.291321
345.915619 613.377686
752.503235 550.601135
730.888184 507.752502
860.840149 349.442017
-1.000000 -1.000000
641.467896 164.909622
544.042603 609.019287
403.163391 602.612061
1071.987915 40.040436
1083.625122 678.419250
940.488403 147.505814
495.009552 674.553955
782.904358 565.818481
879.184082 161.301544
376.305206 610.390320
359.036438 678.979980
843.859802 649.601990
812.748535 288.389130
1028.145874 420.367737
816.050232 378.133087
477.937408 207.731308
439.282349 586.599548
815.647339 351.025574
214.469727 638.039673
743.668335 592.004395
484.100677 559.608643
197.122299 654.173584
983.362427 418.037750
821.540100 335.826965
616.610413 583.709839
915.425415 522.038330
514.282837 576.570129
845.291687 665.629822
459.774323 659.417542
469.188171 559.985352
81.981201 497.772095
317.792999 592.881104
394.551239 189.820343
-1.000000 -1.000000
811.249512 318.752136
-1.000000 -1.000000
192.771378 606.964172
829.215881 494.614319
672.799561 170.988373
958.085571 427.942688
524.334351 175.471817
637.667542 656.080627
203.053635 440.800476
-1.000000 -1.000000
444.766937 648.510315
693.731689 554.319336
96.362877 422.193024
1042.146118 342.462402
443.065796 620.539062
855.351807 409.984314
279.978607 572.285889
537.325439 670.167786
523.634338 678.869995
508.878082 168.046600
365.676544 185.701141
712.119446 554.758972
665.728699 575.096069
461.924835 676.268005
676.725037 214.642838
265.661011 216.854507
852.833984 538.122314
356.374359 672.061401
229.553314 631.767883
569.613037 80.962288
598.127136 216.704788
111.334351 421.091705
274.847443 606.312073
863.444519 522.497681
694.688843 41.507999
-1.000000 -1.000000
923.284424 410.756897
218.388092 544.857849
635.928345 587.981201
544.077637 594.166687
395.426605 204.526077
550.680176 181.220840
1018.111572 360.409821
420.418121 106.818657
424.373627 609.284302
-1.000000 -1.000000
983.239868 401.848206
443.444550 634.517090
228.294022 616.496033
613.999939 230.069977
932.567322 565.953247
825.609070 449.964172
940.403137 132.543030
903.897827 505.090820
728.433228 556.268555
518.958252 624.472656
933.850952 224.990662
686.184631 155.695465
81.260201 422.204254
511.113922 655.867859
768.108337 565.963501
504.514984 62.280277
626.439575 168.025101
920.613403 599.171509
444.545410 115.319534
144.826569 421.522278
506.493713 204.659317
679.464844 555.786804
294.492126 578.621887
890.899231 410.449432
1056.950195 337.312988
807.120728 197.342590
860.181396 671.084534
948.275879 207.057373
415.727997 121.147690
961.475464 160.123337
628.136292 675.096375
711.064331 212.532288
377.268219 663.381958
284.154327 678.384338
-1.000000 -1.000000
330.558075 183.482117
518.423767 283.026825
379.000946 638.077087
1022.679321 345.374359
-1.000000 -1.000000
841.259583 465.533966
877.165100 670.766785
252.297134 230.741837
747.628052 167.281555
826.659668 668.018860
943.078430 418.363037
208.052032 600.801941
796.686157 485.272980
-1.000000 -1.000000
625.760986 538.761719
962.764832 190.799118
814.463684 273.329834
827.579895 514.515442
695.137207 137.713501
820.172607 545.254333
438.188599 101.734741
524.238037 505.945221
907.947144 408.941315
661.476807 217.090012
402.146271 678.921143
250.754440 216.757401
-1.000000 -1.000000
367.578827 200.467712
858.851135 648.184875
359.212769 590.996826
505.254333 639.582520
268.607269 678.632812
742.857666 575.963928
932.288208 551.327454
728.480469 592.587158
977.291016 363.184875
96.476425 437.181793
643.261597 671.397583
-1.000000 -1.000000
407.118530 143.960190
599.714966 520.874084
362.077698 656.497009
-1.000000 -1.000000
111.424126 436.084381
974.703857 451.410309
1214.248413 636.446838
756.032959 133.539642
1057.538574 354.239014
509.505524 182.543808
-1.000000 -1.000000
509.174927 517.602966
373.829010 589.809631
465.504120 132.254333
925.468567 136.051056
229.596649 646.864685
770.455750 593.154968
1040.661743 357.627014
646.466370 540.022705
344.366058 592.077759
584.291626 516.256592
520.175354 56.330883
840.058472 410.145081
752.368042 150.309738
985.203430 678.357178
955.275513 145.117477
111.335136 451.080078
391.613678 678.135376
1041.688965 327.622955
315.882111 678.620422
-1.000000 -1.000000
726.176880 212.369125
808.639221 215.210663
-1.000000 -1.000000
346.957092 650.718811
341.331055 672.293457
252.337570 202.533905
194.291977 673.691589
218.173523 529.755432
767.150757 505.702332
820.117920 653.074890
795.536621 470.407562
212.520905 653.221924
657.675232 173.433456
741.038330 197.489700
363.957733 639.510620
-1.000000 -1.000000
934.999756 583.440735
816.457275 392.631714
-1.000000 -1.000000
1043.489014 149.063736
844.529053 631.356995
889.183044 214.698059
-1.000000 -1.000000
746.115967 618.761658
842.539551 480.705200
816.934753 229.954559
977.890137 378.081451
-1.000000 -1.000000
800.960388 173.296951
1229.664185 637.067383
671.534790 662.643005
371.420502 678.211243
374.198669 678.840088
-1.000000 -1.000000
486.951660 180.039185
218.008621 514.536438
93.344070 452.179169
959.924011 452.569733
492.151489 657.980103
-1.000000 -1.000000
795.278259 455.352325
728.324219 522.921204
1072.658325 399.922729
-1.000000 -1.000000
315.817047 183.758636
1051.729980 164.942627
641.235840 610.849792
-1.000000 -1.000000
675.918030 185.911026
413.598297 586.112366
1043.390015 417.795624
1195.888428 633.985535
270.419037 202.412689
785.556946 597.536865
207.870010 425.479553
330.789917 197.799194
768.990295 617.151672
841.052063 450.631683
277.998199 672.406372
351.279877 184.936035
244.626053 637.791687
274.683563 626.781128
392.591156 663.324402
446.780151 678.541626
638.689636 638.320740
395.247650 219.487610
745.919678 182.487198
317.367889 577.612610
1075.455566 369.094788
81.428047 437.214722
-1.000000 -1.000000
664.359497 554.241089
-1.000000 -1.000000
611.677490 171.028168
509.965302 379.361511
875.871277 413.850311
397.552155 586.199951
859.623413 631.268250
674.846680 646.891174
300.536469 184.757446
494.941864 378.356781
511.686096 133.329254
782.127502 506.038055
948.859863 221.731750
651.347473 590.527161
1027.118774 330.144104
630.853210 182.450562
958.148254 412.767059
1036.562378 164.273346
1094.084717 74.725594
-1.000000 -1.000000
831.040649 529.801941
439.220947 571.510803
367.063904 215.394424
-1.000000 -1.000000
-1.000000 -1.000000
716.075806 508.293030
1212.282104 602.144836
-1.000000 -1.000000
254.021255 661.531738
668.837585 248.716583
213.372055 478.545013
814.498291 559.738159
220.495499 559.778198
955.252075 130.077682
742.168152 665.859253
-1.000000 -1.000000
863.014099 507.353485
-1.000000 -1.000000
-1.000000 -1.000000
259.812134 614.849365
244.529785 622.716858
731.229492 620.594604
680.594543 141.329269
1193.203735 599.102661
797.018311 304.068756
266.273712 592.678345
215.165833 455.451843
659.074829 518.267822
1053.218994 179.464493
408.283112 637.263733
-1.000000 -1.000000
465.809998 225.840775
910.558044 141.414276
1028.521118 149.235260
1096.563721 101.827263
860.586121 364.080475
990.221252 451.524628
656.573792 610.766235
918.928772 507.008179
919.145874 230.500412
1213.783447 616.995483
531.598633 655.096008
208.998520 410.644073
1108.983765 74.643219
784.118896 612.225525
1194.558228 613.929688
-1.000000 -1.000000
318.449097 669.844116
276.782043 657.187195
631.162354 523.152527
969.187439 256.531281
798.913574 500.472046
300.417603 678.622559
804.981689 135.789886
652.725586 655.622742
923.014771 395.663300
874.031372 655.994873
-1.000000 -1.000000
596.255676 176.314636
892.622131 395.350891
806.442749 333.825195
653.531067 638.052185
-1.000000 -1.000000
983.688904 259.477753
218.141464 440.718231
604.072449 139.900772
799.748413 580.536987
741.334717 212.709000
407.396088 656.600708
451.737061 226.121735
479.190704 68.835342
294.558594 634.489441
907.788025 678.965088
331.215881 212.715744
613.625488 215.134995
145.754776 350.869812
-1.000000 -1.000000
1061.281616 148.733582
907.678040 393.971008
668.215454 539.048584
699.288818 641.574524
793.139709 201.558670
892.264832 670.673828
771.489197 137.398026
348.765686 635.517883
617.780396 601.548828
796.262146 319.050568
740.052307 120.857208
1227.419067 601.634949
757.450073 667.790161
553.856934 501.216553
359.863220 41.398247
811.780334 668.265198
1218.368774 659.667969
1037.920166 179.685257
506.640533 360.116119
1111.457764 99.755424
423.347504 625.947205
830.391052 144.144333
802.282837 231.316711
491.639038 360.181488
437.169830 227.205093
-1.000000 -1.000000
963.319214 678.736206
820.396667 258.015442
943.051758 433.647400
1203.244629 660.869629
1057.899658 417.898254
279.686371 641.903259
564.634094 66.465401
835.392822 207.172592
1117.707520 59.713573
1072.137451 343.296387
983.306580 274.171204
1037.726440 120.243462
181.271194 411.231354
598.765442 246.531570
541.876587 140.339172
424.349731 94.096855
250.860367 189.296112
315.371307 197.265015
217.939713 499.232147
233.998108 601.160889
810.124268 439.755310
828.997925 628.591125
-1.000000 -1.000000
539.271240 624.294373
770.616028 123.112457
66.101997 530.000488
818.912903 176.489716
1066.532104 164.565338
235.162552 544.412415
-1.000000 -1.000000
162.155182 411.247314
236.440704 206.566528
763.184082 166.026657
786.815369 175.035828
674.122498 515.686218
1227.864502 557.096069
205.434967 370.226318
1094.829590 59.862473
794.309265 216.651596
522.784241 150.391556
1180.752808 633.003357
609.385437 154.517776
874.671997 640.897034
1047.809204 433.088806
798.435181 158.385147
904.103699 230.686050
1229.097412 617.522461
231.066177 574.344177
727.248718 541.089661
848.254700 63.240608
671.840454 608.498291
953.966980 668.281006
734.517517 635.692261
700.272339 626.519592
686.657471 662.467407
353.869141 200.574814
-1.000000 -1.000000
835.354614 192.131622
443.979553 88.147324
716.225952 623.908569
281.937042 557.221069
512.309814 397.380951
964.264465 218.356262
842.694275 569.111084
842.865784 583.871338
678.133118 631.553406
833.892517 172.923416
113.371162 482.065155
884.840393 261.175995
497.299103 397.343597
414.874481 570.869080
921.374695 665.582153
844.372681 128.328690
1114.885132 599.173035
812.351990 150.435501
563.006653 269.345032
80.197357 407.302887
1123.690186 74.387886
259.901367 630.915344
615.170898 523.593201
1079.010864 73.064819
815.759888 577.318115
852.364990 194.482132
755.474609 119.679405
1082.376465 384.883301
136.738663 335.866119
508.423126 150.643860
358.813629 141.091736
845.046204 598.171204
127.497261 416.656189
968.863403 275.496521
-1.000000 -1.000000
824.861938 409.677338
1020.412903 512.992798
202.567871 392.189392
479.953278 379.301331
954.506287 254.934158
237.356339 558.915100
406.795807 678.497620
331.926849 649.414673
1068.053589 179.294159
862.201050 394.898102
717.402283 638.854370
583.096680 202.920914
66.631416 422.262512
190.417160 368.143616
96.376862 407.336029
845.784668 147.554062
660.976562 201.680145
904.754089 256.501801
423.578247 641.031799
594.631104 154.727631
1178.156006 597.197693
877.485168 395.730286
234.380554 514.793152
941.629028 403.173309
503.345886 283.354523
1052.442871 130.352631
431.626099 678.424988
