170.000000 430.000000
171.000000 420.000000
77.000000 583.000000
74.000000 559.000000
115.000000 531.000000
181.000000 524.000000
181.000000 481.000000
45.000000 562.000000
123.000000 622.000000
127.000000 527.000000
110.000000 592.000000
65.000000 637.000000
116.000000 510.000000
126.000000 695.000000
75.000000 653.000000
114.000000 634.000000
114.000000 485.000000
117.000000 496.000000
56.000000 627.000000
109.000000 573.000000
915.000000 164.000000
132.000000 566.000000
139.000000 689.000000
41.000000 623.000000
865.000000 541.000000
120.000000 569.000000
79.000000 488.000000
55.000000 588.000000
64.000000 561.000000
781.000000 547.000000
101.000000 416.000000
180.000000 602.000000
538.000000 526.000000
102.000000 490.000000
140.000000 556.000000
1080.000000 245.000000
1099.000000 240.000000
94.000000 648.000000
74.000000 569.000000
454.000000 149.000000
411.000000 564.000000
160.000000 647.000000
485.000000 598.000000
715.000000 144.000000
105.000000 683.000000
479.000000 559.000000
24.000000 667.000000
649.000000 551.000000
325.000000 570.000000
1060.000000 462.000000
75.000000 637.000000
437.000000 144.000000
596.000000 551.000000
498.000000 595.000000
89.000000 493.000000
524.000000 555.000000
875.000000 571.000000
1041.000000 386.000000
139.000000 648.000000
1210.000000 624.000000
517.000000 595.000000
903.000000 168.000000
464.000000 175.000000
346.000000 569.000000
428.000000 514.000000
584.000000 550.000000
391.000000 246.000000
413.000000 247.000000
565.000000 559.000000
171.000000 524.000000
582.000000 560.000000
574.000000 572.000000
448.000000 512.000000
488.000000 180.000000
465.000000 613.000000
67.000000 580.000000
468.000000 508.000000
405.000000 516.000000
523.000000 215.000000
911.000000 192.000000
1209.000000 55.000000
867.000000 554.000000
537.000000 594.000000
996.000000 563.000000
889.000000 526.000000
1199.000000 624.000000
309.000000 572.000000
986.000000 382.000000
1182.000000 120.000000
615.000000 552.000000
115.000000 559.000000
1033.000000 439.000000
452.000000 204.000000
537.000000 64.000000
434.000000 250.000000
170.000000 674.000000
974.000000 378.000000
1176.000000 229.000000
549.000000 204.000000
95.000000 678.000000
172.000000 514.000000
479.000000 574.000000
160.000000 603.000000
56.000000 615.000000
539.000000 110.000000
538.000000 196.000000
575.000000 641.000000
1255.000000 502.000000
939.000000 273.000000
1108.000000 528.000000
138.000000 678.000000
767.000000 548.000000
1021.000000 689.000000
395.000000 200.000000
749.000000 549.000000
519.000000 585.000000
350.000000 197.000000
469.000000 200.000000
1189.000000 657.000000
1139.000000 639.000000
1113.000000 679.000000
24.000000 522.000000
1067.000000 641.000000
552.000000 650.000000
24.000000 647.000000
875.000000 692.000000
1040.000000 691.000000
501.000000 563.000000
1124.000000 202.000000
484.000000 505.000000
141.000000 450.000000
137.000000 667.000000
1050.000000 431.000000
174.000000 623.000000
469.000000 257.000000
513.000000 561.000000
750.000000 636.000000
298.000000 572.000000
273.000000 198.000000
181.000000 416.000000
994.000000 407.000000
1219.000000 195.000000
929.000000 674.000000
875.000000 661.000000
162.000000 684.000000
1023.000000 369.000000
1241.000000 292.000000
109.000000 672.000000
707.000000 547.000000
965.000000 403.000000
1067.000000 670.000000
117.000000 446.000000
1092.000000 610.000000
1041.000000 309.000000
1045.000000 412.000000
1212.000000 83.000000
580.000000 200.000000
211.000000 610.000000
526.000000 653.000000
554.000000 547.000000
1196.000000 544.000000
136.000000 589.000000
581.000000 598.000000
886.000000 452.000000
1148.000000 24.000000
452.000000 253.000000
506.000000 127.000000
198.000000 616.000000
1247.000000 222.000000
893.000000 573.000000
493.000000 648.000000
74.000000 409.000000
1208.000000 30.000000
172.000000 633.000000
516.000000 240.000000
1052.000000 547.000000
1011.000000 252.000000
852.000000 654.000000
1149.000000 228.000000
137.000000 529.000000
1123.000000 236.000000
104.000000 480.000000
1109.000000 237.000000
817.000000 456.000000
1187.000000 164.000000
930.000000 687.000000
113.000000 408.000000
1246.000000 427.000000
725.000000 139.000000
489.000000 205.000000
653.000000 693.000000
959.000000 376.000000
1085.000000 421.000000
1185.000000 430.000000
1095.000000 661.000000
123.000000 595.000000
1033.000000 399.000000
997.000000 252.000000
984.000000 404.000000
1082.000000 322.000000
1185.000000 181.000000
1179.000000 90.000000
1177.000000 322.000000
510.000000 317.000000
1010.000000 392.000000
1251.000000 253.000000
594.000000 619.000000
1132.000000 394.000000
152.000000 684.000000
1246.000000 408.000000
925.000000 581.000000
933.000000 145.000000
1239.000000 244.000000
888.000000 365.000000
1059.000000 403.000000
488.000000 588.000000
554.000000 594.000000
934.000000 373.000000
1065.000000 628.000000
1087.000000 458.000000
955.000000 680.000000
1150.000000 59.000000
551.000000 530.000000
1097.000000 26.000000
1052.000000 198.000000
1104.000000 416.000000
1005.000000 693.000000
651.000000 644.000000
903.000000 571.000000
1028.000000 250.000000
376.000000 198.000000
833.000000 659.000000
544.000000 580.000000
1083.000000 261.000000
145.000000 566.000000
1100.000000 86.000000
291.000000 197.000000
929.000000 70.000000
896.000000 315.000000
534.000000 582.000000
996.000000 531.000000
1255.000000 676.000000
1200.000000 678.000000
914.000000 670.000000
1137.000000 482.000000
133.000000 635.000000
46.000000 489.000000
1035.000000 195.000000
1086.000000 410.000000
965.000000 678.000000
1069.000000 400.000000
615.000000 649.000000
1128.000000 262.000000
783.000000 646.000000
1058.000000 692.000000
695.000000 628.000000
1086.000000 340.000000
1250.000000 544.000000
864.000000 574.000000
740.000000 635.000000
64.000000 409.000000
1083.000000 293.000000
1044.000000 502.000000
182.000000 470.000000
905.000000 695.000000
110.000000 693.000000
752.000000 137.000000
921.000000 187.000000
1222.000000 381.000000
848.000000 305.000000
659.000000 551.000000
761.000000 641.000000
588.000000 608.000000
1187.000000 230.000000
1059.000000 141.000000
619.000000 667.000000
384.000000 570.000000
1206.000000 486.000000
45.000000 589.000000
1195.000000 148.000000
373.000000 595.000000
1183.000000 131.000000
1216.000000 118.000000
470.000000 642.000000
877.000000 523.000000
928.000000 174.000000
1216.000000 184.000000
866.000000 269.000000
136.000000 409.000000
1125.000000 465.000000
58.000000 486.000000
1191.000000 109.000000
366.000000 665.000000
1163.000000 148.000000
529.000000 237.000000
1163.000000 158.000000
1190.000000 685.000000
1111.000000 110.000000
517.000000 188.000000
449.000000 188.000000
1140.000000 621.000000
32.000000 487.000000
195.000000 530.000000
1196.000000 534.000000
1086.000000 438.000000
470.000000 146.000000
444.000000 177.000000
994.000000 164.000000
1149.000000 217.000000
875.000000 362.000000
1213.000000 695.000000
803.000000 521.000000
587.000000 683.000000
434.000000 564.000000
973.000000 256.000000
980.000000 608.000000
1141.000000 669.000000
1060.000000 170.000000
969.000000 470.000000
1132.000000 412.000000
1240.000000 265.000000
669.000000 551.000000
921.000000 475.000000
837.000000 552.000000
914.000000 396.000000
275.000000 676.000000
1214.000000 144.000000
319.000000 197.000000
1197.000000 555.000000
76.000000 599.000000
1253.000000 626.000000
1093.000000 644.000000
1114.000000 200.000000
1216.000000 132.000000
1108.000000 75.000000
921.000000 485.000000
1128.000000 609.000000
975.000000 679.000000
1011.000000 402.000000
821.000000 657.000000
1230.000000 619.000000
1186.000000 542.000000
1183.000000 405.000000
457.000000 159.000000
929.000000 82.000000
996.000000 383.000000
516.000000 653.000000
150.000000 552.000000
559.000000 207.000000
1193.000000 332.000000
1252.000000 295.000000
105.000000 453.000000
1188.000000 619.000000
1115.000000 180.000000
1119.000000 97.000000
1127.000000 509.000000
999.000000 611.000000
1095.000000 695.000000
855.000000 624.000000
105.000000 248.000000
1229.000000 545.000000
1091.000000 552.000000
940.000000 594.000000
1203.000000 397.000000
659.000000 661.000000
1185.000000 498.000000
1147.000000 163.000000
452.000000 563.000000
299.000000 633.000000
474.000000 599.000000
1252.000000 582.000000
819.000000 127.000000
1164.000000 197.000000
1180.000000 70.000000
1091.000000 627.000000
331.000000 670.000000
771.000000 563.000000
851.000000 597.000000
1099.000000 279.000000
1242.000000 692.000000
1193.000000 131.000000
990.000000 294.000000
1165.000000 505.000000
166.000000 373.000000
1253.000000 348.000000
895.000000 695.000000
1082.000000 306.000000
1175.000000 243.000000
717.000000 634.000000
1006.000000 597.000000
1130.000000 587.000000
94.000000 480.000000
329.000000 196.000000
257.000000 204.000000
319.000000 590.000000
939.000000 674.000000
1027.000000 481.000000
922.000000 260.000000
641.000000 576.000000
1247.000000 472.000000
