-1.000000 -1.000000
-1.000000 -1.000000
-1.000000 -1.000000
-1.000000 -1.000000
90.562889 677.761658
157.540314 665.255005
155.787262 621.155457
-1.000000 -1.000000
-1.000000 -1.000000
-1.000000 -1.000000
-1.000000 -1.000000
-1.000000 -1.000000
-1.000000 -1.000000
-1.000000 -1.000000
-1.000000 -1.000000
-1.000000 -1.000000
88.305573 630.142456
-1.000000 -1.000000
-1.000000 -1.000000
-1.000000 -1.000000
836.335632 168.125778
-1.000000 -1.000000
-1.000000 -1.000000
-1.000000 -1.000000
833.873047 537.844421
-1.000000 -1.000000
-1.000000 -1.000000
-1.000000 -1.000000
-1.000000 -1.000000
-1.000000 -1.000000
-1.000000 -1.000000
-1.000000 -1.000000
506.331909 534.983521
-1.000000 -1.000000
-1.000000 -1.000000
998.460815 218.257004
1015.033813 209.464218
-1.000000 -1.000000
-1.000000 -1.000000
394.178101 167.961212
-1.000000 -1.000000
-1.000000 -1.000000
-1.000000 -1.000000
-1.000000 -1.000000
-1.000000 -1.000000
-1.000000 -1.000000
-1.000000 -1.000000
-1.000000 -1.000000
-1.000000 -1.000000
1008.437439 426.865540
-1.000000 -1.000000
379.899048 166.716888
570.532959 557.487915
-1.000000 -1.000000
-1.000000 -1.000000
-1.000000 -1.000000
846.936462 566.304443
978.802856 352.395508
-1.000000 -1.000000
1172.553345 556.402954
-1.000000 -1.000000
826.016968 170.757523
409.286041 200.207458
-1.000000 -1.000000
386.496918 491.227875
556.677551 553.921509
-1.000000 -1.000000
363.590149 268.864563
-1.000000 -1.000000
146.324356 665.444763
-1.000000 -1.000000
-1.000000 -1.000000
406.486084 490.326355
-1.000000 -1.000000
439.047913 608.198914
-1.000000 -1.000000
434.947266 516.989868
372.299133 524.985046
467.831696 240.961090
-1.000000 -1.000000
1114.463013 43.340919
836.697693 548.388855
-1.000000 -1.000000
961.627991 537.452637
855.296509 520.549561
1162.319336 559.097412
-1.000000 -1.000000
927.124084 353.284088
1072.848877 76.710892
593.802063 600.374146
-1.000000 -1.000000
-1.000000 -1.000000
395.465637 227.419952
468.851227 70.633171
384.206665 272.768677
-1.000000 -1.000000
915.943481 354.886932
1083.803345 186.226669
493.425781 231.792419
-1.000000 -1.000000
147.615082 656.165649
-1.000000 -1.000000
-1.000000 -1.000000
-1.000000 -1.000000
476.991516 108.359055
485.636169 224.263748
545.799072 604.449463
-1.000000 -1.000000
872.376709 268.082947
1062.427124 482.098999
-1.000000 -1.000000
-1.000000 -1.000000
-1.000000 -1.000000
382.062286 225.338501
718.722595 533.609924
-1.000000 -1.000000
-1.000000 -1.000000
-1.000000 -1.000000
1157.464844 593.078491
-1.000000 -1.000000
1089.420044 632.194702
-1.000000 -1.000000
-1.000000 -1.000000
-1.000000 -1.000000
-1.000000 -1.000000
-1.000000 -1.000000
-1.000000 -1.000000
-1.000000 -1.000000
-1.000000 -1.000000
450.798645 514.754822
-1.000000 -1.000000
-1.000000 -1.000000
994.914429 400.418365
-1.000000 -1.000000
419.242523 279.732727
-1.000000 -1.000000
734.514343 663.068604
279.475555 673.214661
-1.000000 -1.000000
-1.000000 -1.000000
937.817627 377.572205
-1.000000 -1.000000
912.634277 663.293884
859.402954 662.178833
-1.000000 -1.000000
961.231750 340.573242
1151.093872 232.701233
-1.000000 -1.000000
676.198425 520.839172
-1.000000 -1.000000
-1.000000 -1.000000
88.842514 589.175964
1058.981567 565.335632
970.966431 284.529907
987.234863 382.404053
-1.000000 -1.000000
-1.000000 -1.000000
-1.000000 -1.000000
-1.000000 -1.000000
523.464661 557.318054
-1.000000 -1.000000
-1.000000 -1.000000
-1.000000 -1.000000
844.027893 450.341736
-1.000000 -1.000000
401.583008 274.511383
448.280762 130.505325
-1.000000 -1.000000
-1.000000 -1.000000
865.182922 566.244995
-1.000000 -1.000000
-1.000000 -1.000000
-1.000000 -1.000000
-1.000000 -1.000000
461.823456 265.306305
-1.000000 -1.000000
936.289734 237.609818
836.329163 659.137085
-1.000000 -1.000000
112.011627 673.704285
1036.614380 202.513275
74.196625 626.562561
-1.000000 -1.000000
765.846680 433.366943
-1.000000 -1.000000
-1.000000 -1.000000
-1.000000 -1.000000
1175.844849 360.169128
-1.000000 -1.000000
-1.000000 -1.000000
-1.000000 -1.000000
901.815308 355.108551
1042.159180 369.139404
-1.000000 -1.000000
-1.000000 -1.000000
-1.000000 -1.000000
975.040405 364.658020
-1.000000 -1.000000
930.490723 373.630829
1009.486023 288.785217
-1.000000 -1.000000
1093.754761 50.073322
-1.000000 -1.000000
469.057892 392.682587
949.872742 359.922302
-1.000000 -1.000000
-1.000000 -1.000000
1065.622803 347.983734
-1.000000 -1.000000
-1.000000 -1.000000
896.681274 570.055542
851.372009 148.021027
-1.000000 -1.000000
-1.000000 -1.000000
1000.000244 369.983765
-1.000000 -1.000000
-1.000000 -1.000000
876.434570 354.326965
1036.181763 588.736145
1032.850098 416.601715
938.122009 663.622314
-1.000000 -1.000000
521.665405 541.091003
-1.000000 -1.000000
-1.000000 -1.000000
-1.000000 -1.000000
-1.000000 -1.000000
640.582214 690.234375
874.865479 564.321167
951.415894 231.968231
-1.000000 -1.000000
818.056580 667.804871
-1.000000 -1.000000
-1.000000 -1.000000
-1.000000 -1.000000
996.719299 69.734169
-1.000000 -1.000000
-1.000000 -1.000000
839.624939 320.564453
-1.000000 -1.000000
957.383972 505.660553
-1.000000 -1.000000
1170.918701 611.338440
897.235413 660.763367
1082.300293 430.463531
-1.000000 -1.000000
-1.000000 -1.000000
-1.000000 -1.000000
1026.015259 374.783508
948.106262 660.226868
1008.362915 366.256134
-1.000000 -1.000000
-1.000000 -1.000000
768.540833 665.097778
-1.000000 -1.000000
680.362549 665.991211
-1.000000 -1.000000
1196.182251 470.143646
-1.000000 -1.000000
724.834717 664.381470
33.133022 551.735901
-1.000000 -1.000000
-1.000000 -1.000000
155.659042 610.237976
-1.000000 -1.000000
-1.000000 -1.000000
679.011108 127.965157
844.531006 188.664383
-1.000000 -1.000000
789.765564 308.140533
-1.000000 -1.000000
746.665894 664.539185
560.943542 577.771606
1095.345093 184.591385
-1.000000 -1.000000
-1.000000 -1.000000
366.612122 671.893433
-1.000000 -1.000000
-1.000000 -1.000000
-1.000000 -1.000000
-1.000000 -1.000000
-1.000000 -1.000000
-1.000000 -1.000000
-1.000000 -1.000000
-1.000000 -1.000000
848.908813 175.290237
-1.000000 -1.000000
802.639282 270.929199
107.051399 548.718567
1070.032593 422.905273
-1.000000 -1.000000
1080.874268 74.320869
-1.000000 -1.000000
1062.606689 122.980629
475.780304 261.478027
-1.000000 -1.000000
-1.000000 -1.000000
1011.289429 90.682388
-1.000000 -1.000000
399.641083 217.992294
1107.058228 568.083435
-1.000000 -1.000000
172.441956 671.516357
1145.135620 469.171417
-1.000000 -1.000000
414.580536 159.964905
391.235718 206.309708
-1.000000 -1.000000
1057.353516 180.402771
821.612366 353.433289
-1.000000 -1.000000
-1.000000 -1.000000
-1.000000 -1.000000
423.955688 617.839783
901.596741 247.969955
-1.000000 -1.000000
1114.658325 615.502380
-1.000000 -1.000000
-1.000000 -1.000000
1067.598877 361.978760
1145.791748 206.206696
646.311707 584.223328
-1.000000 -1.000000
809.212036 557.592651
864.394348 377.613892
-1.000000 -1.000000
-1.000000 -1.000000
-1.000000 -1.000000
1149.750122 491.785248
-1.000000 -1.000000
-1.000000 -1.000000
-1.000000 -1.000000
-1.000000 -1.000000
-1.000000 -1.000000
-1.000000 -1.000000
-1.000000 -1.000000
1093.362061 557.786560
957.450256 658.604309
951.300842 368.534729
806.165588 668.300415
1208.561890 532.002686
1136.739502 479.672241
-1.000000 -1.000000
405.771912 196.175430
840.860474 94.242828
936.997925 351.580597
-1.000000 -1.000000
-1.000000 -1.000000
-1.000000 -1.000000
-1.000000 -1.000000
1161.816284 234.095917
-1.000000 -1.000000
1150.379761 554.269958
-1.000000 -1.000000
1015.906372 76.289314
-1.000000 -1.000000
-1.000000 -1.000000
-1.000000 -1.000000
835.325195 628.354553
-1.000000 -1.000000
1177.399902 473.540985
-1.000000 -1.000000
912.591858 580.302002
-1.000000 -1.000000
-1.000000 -1.000000
1129.446045 437.504700
-1.000000 -1.000000
-1.000000 -1.000000
275.853180 691.522827
448.486755 590.719727
-1.000000 -1.000000
746.402222 154.688004
-1.000000 -1.000000
-1.000000 -1.000000
-1.000000 -1.000000
-1.000000 -1.000000
747.607788 584.606750
828.300598 602.013062
-1.000000 -1.000000
-1.000000 -1.000000
-1.000000 -1.000000
921.630005 279.957825
1111.536255 447.982941
136.005402 513.314758
-1.000000 -1.000000
-1.000000 -1.000000
-1.000000 -1.000000
1083.704346 195.655975
702.547424 668.130127
-1.000000 -1.000000
-1.000000 -1.000000
68.430161 626.208923
-1.000000 -1.000000
210.023544 233.749420
-1.000000 -1.000000
922.319336 661.375977
980.156860 451.502716
854.471252 258.344971
622.661133 624.691284
-1.000000 -1.000000
