40.087639 40.086586
-1.000000 -1.000000
-1.000000 -1.000000
-1.000000 -1.000000
-1.000000 -1.000000
-1.000000 -1.000000
-1.000000 -1.000000
-1.000000 -1.000000
126.379707 512.160400
111.379051 508.173553
-1.000000 -1.000000
-1.000000 -1.000000
129.384583 527.166748
-1.000000 -1.000000
127.376877 497.143311
57.391144 585.423218
40.079273 542.385010
-1.000000 -1.000000
55.301888 618.703430
114.397118 532.211548
112.355629 493.160492
172.503296 509.015625
187.494766 506.962189
59.345581 570.393188
40.010330 407.036377
40.035137 422.042236
40.103878 437.039764
-1.000000 -1.000000
97.354942 493.150909
102.320793 558.236938
129.402435 542.148682
172.465363 493.966248
-1.000000 -1.000000
56.232533 633.696716
96.379494 508.170654
187.439590 491.889771
74.378792 580.393188
91.375198 580.312256
458.513916 153.442642
74.315971 565.350708
99.389099 543.240417
127.337387 482.145081
170.424561 524.092834
70.330162 618.660889
126.428337 578.184204
121.405907 620.340210
141.376221 512.129211
123.457443 563.144470
106.369629 619.367432
187.416534 522.122375
106.369797 579.254089
40.144505 506.278229
172.478012 478.967621
-1.000000 -1.000000
71.236893 633.676819
-1.000000 -1.000000
40.195538 491.312653
443.519104 157.450439
99.381302 523.256042
136.447891 619.328796
458.535797 168.525665
187.437943 476.887695
54.326572 603.770325
40.217133 476.324036
202.488892 508.967865
-1.000000 -1.000000
112.329247 478.165527
529.517273 95.287041
59.296829 555.369690
75.318153 657.649597
84.359055 550.247864
117.392395 635.297119
97.326096 478.158722
98.381432 595.375732
157.496780 509.061462
568.974976 600.850037
132.398224 644.313232
473.588196 156.420639
567.969360 625.812805
440.558167 142.497543
122.407745 593.321350
117.401726 650.339600
553.941589 605.780273
482.702209 584.039856
467.686096 584.052307
142.364258 497.115356
582.969666 625.835815
583.957642 594.843872
485.716583 599.035522
544.514282 91.239761
765.719421 521.125732
459.563721 189.548721
452.660004 587.054138
178.391678 454.997620
86.353516 620.491272
172.327087 539.129944
436.597839 190.633423
55.155594 648.669189
537.604553 531.777100
157.463043 494.030182
514.526245 99.230423
597.974915 626.859802
428.464874 157.477127
102.318924 641.396973
202.406296 524.116150
519.692993 244.481796
149.431641 670.633057
-1.000000 -1.000000
470.683899 599.071472
141.495728 583.145935
530.528320 110.230804
72.382088 595.516785
766.775330 536.066345
170.486908 437.982330
137.429749 604.327454
485.752289 614.055969
455.520660 138.471878
473.640381 171.602692
86.286354 642.525696
187.310318 537.172180
202.441849 493.775726
121.370560 670.741333
163.418915 453.995422
522.682617 531.833374
41.012566 392.019714
569.960938 640.875671
443.527344 172.475845
528.557922 229.468185
470.752716 614.084534
884.312317 565.691528
529.507263 80.289719
504.735901 243.450638
198.410919 459.796295
138.421494 557.138794
564.845093 555.875488
421.498566 185.713974
545.525513 106.127602
425.532104 142.568588
-1.000000 -1.000000
568.919312 585.883606
884.424500 580.667114
552.968445 627.767517
-1.000000 -1.000000
144.390778 527.134216
882.215210 550.725403
157.478180 479.031189
173.489731 422.987762
584.964294 641.895142
536.762329 546.843872
489.718689 241.515533
40.063549 521.210693
780.736694 521.129700
507.736969 533.969055
520.666077 261.415680
559.506165 91.328682
452.591583 572.045776
913.420837 184.613068
90.328011 661.587219
537.612122 516.732666
468.590576 569.060120
483.592590 569.060181
599.944702 641.942749
598.954834 590.814392
513.475037 228.519348
552.654480 540.792542
579.851379 557.874207
593.924500 656.968872
578.895691 656.907532
455.764526 620.134949
202.424759 478.750916
567.682251 540.782166
153.463715 565.113403
185.500443 438.064484
564.856567 570.888916
455.634613 602.129822
515.505493 114.255615
583.883118 579.853516
781.805786 536.033447
147.436295 649.331909
549.600037 219.320602
474.629028 186.597702
514.515442 84.184868
563.914673 655.938904
937.220398 179.479355
549.580444 234.337067
164.425003 670.600952
156.458847 580.158508
155.464249 438.973785
897.289062 550.712952
497.752014 584.010742
158.481766 422.957336
1022.527893 392.465546
869.188538 565.878174
899.428833 565.641052
886.452332 595.674316
898.508423 183.587784
84.365784 523.114502
553.861267 590.855042
174.290939 554.137634
583.940186 610.749939
572.594604 219.275589
157.382462 542.114075
552.547852 525.708313
1012.547119 413.330505
505.682739 261.378387
522.640442 514.753052
1007.514648 392.380341
202.312622 539.167114
719.090393 180.833633
869.287476 580.838928
188.538162 423.073517
913.317932 169.675827
433.637115 205.645248
544.530273 76.272324
598.930115 611.752686
471.794464 629.097534
106.348022 670.782104
914.463318 199.510788
534.567261 214.359131
569.532593 204.290207
534.558350 246.432037
571.586914 234.303833
936.170410 164.565613
1211.710205 40.052395
867.154053 550.802856
473.628174 141.337860
451.636383 204.574570
554.532898 204.311096
898.448730 168.669983
765.908325 551.031067
142.344421 482.117126
721.122253 165.894058
500.928864 600.930359
147.433685 634.316162
466.526337 204.534927
175.517151 407.932495
1166.666260 678.437256
523.581177 65.372658
937.299500 194.478424
899.544617 580.594543
152.416031 614.261292
560.533020 106.213516
605.891174 547.791138
871.338135 595.791931
521.922546 548.895752
189.298721 558.177002
898.547119 198.506439
180.345490 625.457153
914.314758 552.689575
456.721649 635.247253
174.242783 569.153137
1037.558716 390.404266
549.558044 249.346695
1027.515991 407.405914
726.171387 150.950226
946.346863 41.156784
498.331818 226.523758
567.438293 525.711548
559.527832 76.411667
552.582031 510.691315
440.775543 127.425529
143.448181 417.957520
-1.000000 -1.000000
780.966553 550.951111
992.581055 388.386749
180.315720 610.448303
914.449402 567.587158
160.558685 407.913116
582.750244 542.672180
162.357544 629.358337
609.916504 562.812927
880.137817 535.802673
1045.521240 375.272156
179.439011 670.720398
1224.714966 678.367371
895.284485 535.844543
913.154724 154.673981
500.982788 615.955322
854.189453 566.030518
1052.469849 390.346405
997.677979 415.362366
1207.716187 678.372559
425.813416 127.518303
594.960571 562.767334
1196.911499 41.252651
204.310013 554.160339
-1.000000 -1.000000
1151.692993 678.481750
498.655518 569.020874
961.441528 41.132587
539.469971 199.287842
-1.000000 -1.000000
608.914795 656.990723
-1.000000 -1.000000
535.510498 264.417450
544.104187 642.857178
508.688538 69.220650
545.472046 121.191986
506.849701 548.979797
152.395233 599.372131
1022.532288 377.382935
898.377808 153.651535
612.968506 626.701904
931.266602 41.224289
587.520447 227.219315
488.558136 158.474503
1126.532715 678.400391
795.757996 517.153198
148.433868 454.070526
-1.000000 -1.000000
81.324341 508.164337
430.028351 678.204712
538.522278 61.290005
750.643982 516.133606
714.085327 195.664612
195.399445 605.522705
930.122681 149.594055
-1.000000 -1.000000
901.503967 595.671631
549.658447 561.895630
-1.000000 -1.000000
854.273376 580.926270
734.183289 180.798874
171.111862 592.395508
796.813843 532.003723
140.448135 432.977539
736.180786 165.872299
1027.475830 678.311584
711.095398 150.982986
810.829712 484.251892
952.233948 176.519623
519.488647 213.415100
444.674927 678.257874
197.246490 620.612610
128.416824 467.136169
471.817749 644.337219
486.746063 631.089783
846.543091 358.890350
831.488647 378.885254
630.951294 565.690369
1060.492920 372.140778
437.608643 595.208496
951.200684 161.492371
876.043030 520.861267
922.424438 214.391708
711.508667 678.114014
189.343903 573.061035
-1.000000 -1.000000
1177.943726 41.175259
1007.481018 377.343964
751.686523 536.126099
553.526489 61.381859
548.965027 657.931030
812.825623 499.099335
852.154419 551.055298
1042.285522 678.220703
910.893433 41.333229
706.122498 165.894470
1115.206421 40.208069
644.868591 41.230209
865.080994 535.822083
512.794434 585.942810
831.462036 363.897949
1042.460327 405.408875
82.305710 493.153229
730.239136 136.006729
473.132080 678.294678
-1.000000 -1.000000
846.679932 393.741241
415.027222 678.164307
692.860291 568.337646
916.596191 582.518982
574.489990 91.116348
624.849304 550.663818
190.576614 407.971283
937.473877 209.368118
-1.000000 -1.000000
810.833374 513.974854
474.775421 244.404022
809.818848 469.268311
-1.000000 -1.000000
492.739136 531.020081
-1.000000 -1.000000
567.460632 510.728485
1057.480713 678.048889
781.203308 678.089294
-1.000000 -1.000000
910.346191 535.945007
1012.397217 678.371460
537.624084 501.768555
-1.000000 -1.000000
709.890015 569.265076
796.940430 546.871338
54.134281 663.688538
647.992676 567.647644
560.504822 121.266960
856.366516 595.701843
162.436340 649.315552
577.961365 678.330750
952.147156 191.676102
587.396484 212.299271
534.635193 563.906738
659.667114 41.319725
-1.000000 -1.000000
550.596436 678.020508
831.481506 349.004333
524.452148 198.367615
515.919678 605.871460
505.617279 678.019104
599.984070 672.092529
418.530029 200.691498
907.469238 214.455780
413.349762 157.676468
1092.361206 677.738831
629.818848 41.243370
597.598877 532.658569
483.311432 226.560364
846.417175 373.844055
602.456787 227.187103
614.936401 641.865295
797.605957 678.279663
488.108429 678.246033
1067.437744 387.355164
336.636230 678.409546
530.434448 125.295998
704.117310 180.874924
715.031555 136.103531
813.858032 528.923950
550.545532 264.389282
318.768250 600.597839
846.469971 343.918854
679.965027 678.426392
200.465073 437.962219
677.959473 569.457764
724.825378 571.315552
490.648865 261.459045
473.807709 659.367981
992.543518 373.323395
573.486877 189.326462
-1.000000 -1.000000
895.076233 520.821350
177.426117 649.400024
506.947479 668.397522
675.451050 153.857574
1107.313477 677.992981
1004.940613 430.188477
586.568848 242.330490
741.364075 151.068512
742.708679 40.025490
320.882935 678.352478
674.709473 41.237522
765.908508 678.168213
-1.000000 -1.000000
646.912415 552.527832
278.516846 579.727905
613.989685 611.644836
306.263855 678.527649
582.324829 527.516541
883.597351 174.691696
-1.000000 -1.000000
455.553558 123.424759
1100.147705 40.221329
876.031738 505.896637
813.468750 301.877869
825.899658 479.306244
359.605042 600.245178
303.796204 601.718811
726.434143 678.282593
1057.496826 405.350708
288.845825 602.861572
797.294617 561.664368
535.459534 677.976257
575.569153 106.138809
994.027283 678.447144
434.902405 112.520927
564.542480 249.329453
983.093872 434.100555
831.653870 393.754547
824.851440 464.292480
809.804321 454.312775
554.324524 189.217651
699.327515 207.824585
883.570801 189.576797
58.421165 540.347412
696.018494 678.198364
269.554962 223.719467
293.635620 585.700195
729.161865 195.579605
745.472046 134.148468
660.403442 155.916794
-1.000000 -1.000000
539.131287 184.134262
727.634949 40.002159
617.087097 678.815674
967.286865 174.524582
210.399857 605.365967
453.714539 557.035522
344.653137 601.415466
750.837158 551.112671
728.960266 508.158234
861.486938 347.767303
-1.000000 -1.000000
645.337830 162.094391
538.883179 604.797424
402.427216 595.028137
1079.665649 40.207951
1077.447754 677.762024
945.134888 146.429977
491.755707 668.536194
781.307617 565.751709
883.587219 159.649200
374.607117 599.148315
358.182739 678.553528
839.227539 646.020508
814.547119 286.770721
1027.626831 422.269318
816.557129 375.976593
481.426941 201.545181
437.633881 580.097351
816.495544 349.053650
212.310715 620.521301
740.163452 586.371338
483.586975 554.054993
195.308212 635.509460
982.833984 419.332184
822.421692 334.104492
613.996948 577.911865
913.016785 520.852844
513.613525 570.981567
840.357544 662.073792
456.839264 650.533875
468.609406 554.049622
82.254395 478.159576
317.746796 585.501465
397.387329 182.693741
-1.000000 -1.000000
812.505981 316.980408
614.772339 41.188484
191.459686 588.445251
827.938782 494.361572
676.447510 168.932602
956.527161 428.343292
526.849060 169.046753
633.932251 647.890991
203.468033 422.917786
644.590942 678.584167
441.849487 640.632751
691.907837 553.315979
97.268219 403.179077
1043.389160 344.829895
440.722260 610.562744
854.654907 408.633606
278.462830 564.604065
533.953918 668.072266
520.646973 678.011475
512.237549 161.427185
368.476044 178.717224
709.931946 554.212036
663.018555 570.599243
458.732941 665.405640
680.393188 212.103989
268.532288 208.777527
850.073730 536.055359
353.794800 656.681396
227.388489 614.300781
574.525635 76.233551
602.265930 212.298447
112.258881 402.187042
273.629913 594.914307
861.028687 520.900269
700.323975 41.131985
-1.000000 -1.000000
922.698181 410.688538
217.373123 527.227722
633.106689 581.183777
538.716309 589.871582
398.323547 197.657410
553.848633 174.247391
1018.510254 362.181976
425.910095 97.750534
422.520721 597.349915
194.440903 670.868042
982.691223 403.399475
440.849548 625.606445
226.402847 599.149048
617.400574 226.139038
929.457642 564.622314
824.786804 449.201050
945.237427 131.414764
901.996887 503.786530
724.719604 556.115845
515.984253 620.871155
937.455505 224.065155
690.205383 153.904755
82.196907 403.096924
507.998901 653.269104
766.137939 565.945251
508.885040 54.182034
630.641296 164.031616
916.710632 597.577087
449.850861 108.369141
145.584167 402.930389
509.343445 198.460846
677.088196 554.446228
293.548981 570.547424
890.591797 409.607910
1058.474976 339.685333
810.198608 193.827026
855.428528 668.121521
952.325562 206.462814
419.950012 112.842667
966.272156 159.416214
623.914795 666.157471
714.186157 210.753433
374.654999 648.496460
282.526337 669.993164
-1.000000 -1.000000
333.554108 175.929703
520.522522 276.668732
376.651642 623.477173
1023.457825 346.959015
-1.000000 -1.000000
839.869446 464.330383
872.317322 668.070740
254.655304 223.543213
751.371704 166.027222
821.429565 664.077271
941.600952 418.515900
206.525894 583.252625
795.814697 484.118896
-1.000000 -1.000000
623.712708 535.687744
967.243591 189.613129
816.638977 271.469879
825.911743 513.947083
699.982056 136.186127
817.998596 544.098389
444.652374 93.449875
522.732666 499.986206
907.622131 408.678070
665.336975 214.231415
400.473602 678.271851
253.621628 208.572220
784.088623 41.347370
370.433075 193.599167
854.288635 645.093506
358.756287 585.161804
501.996490 635.976379
267.446503 670.046387
739.847534 571.271362
929.283386 549.903992
725.071106 586.468079
977.641846 364.324951
97.408852 418.181396
639.055908 662.918640
-1.000000 -1.000000
410.616211 136.870422
597.506531 517.599243
359.554169 641.453125
599.691772 41.255711
112.321465 417.195526
973.680786 450.351746
1208.540527 641.981262
760.597473 132.206665
1058.297485 356.700043
512.297180 176.331192
-1.000000 -1.000000
507.584015 511.672424
373.588318 584.040222
470.531708 126.379066
930.232727 134.578934
227.400482 629.438965
766.885254 587.973633
1041.348022 359.968384
644.926270 537.542236
343.631989 586.312927
582.391235 512.532959
523.778625 50.554398
839.662964 408.764496
756.532898 149.157074
978.437927 678.399841
960.201111 144.372284
112.336105 432.197449
389.026764 663.791077
1043.180298 329.787170
313.740173 668.908630
-1.000000 -1.000000
729.263245 210.697845
811.193542 211.827744
1238.495972 644.917297
344.640564 635.481262
338.723175 656.708191
255.518372 193.637451
192.400604 654.573853
217.566238 512.210388
765.700073 506.228699
815.470215 649.073608
794.831299 469.145294
210.379593 635.424500
661.419495 171.055008
744.359558 195.976486
361.601013 624.552124
247.619720 665.252625
931.547241 582.448364
816.639709 390.785004
-1.000000 -1.000000
1048.229858 150.288071
840.084778 627.800293
892.500549 213.507401
-1.000000 -1.000000
742.002869 613.440063
840.936890 479.407745
819.318909 226.555420
977.624207 379.376251
1237.666504 608.869690
804.593079 169.638565
1223.756226 642.842590
667.217285 654.588928
368.786682 663.658264
373.243652 678.330200
-1.000000 -1.000000
489.874847 173.654724
217.686539 497.095825
94.473251 433.165771
958.555969 451.517883
488.810608 653.448608
-1.000000 -1.000000
794.826599 454.203491
725.804016 523.099365
1072.427490 402.427490
568.572632 41.307674
318.712921 175.169250
1056.128662 166.847061
638.122070 602.930237
350.225281 41.115929
679.442871 183.906952
412.449493 580.098022
1042.514038 420.319702
1190.547974 639.407227
273.367004 193.853287
782.024475 592.770447
208.512314 407.827789
333.791046 190.849854
765.130066 612.155396
839.785522 449.224548
275.475220 654.807312
353.641815 177.752686
242.395432 620.121765
272.738922 609.993835
389.986755 648.782776
443.807068 667.344177
635.099609 630.155823
398.428192 212.647858
749.409485 181.045471
317.848755 570.399658
1075.435303 371.970642
82.329430 418.102844
-1.000000 -1.000000
662.042236 552.444519
210.419235 668.723450
615.826782 165.927902
510.619568 368.927216
875.612305 412.694763
397.460022 580.037109
855.262939 627.998535
671.010010 639.376038
303.004669 175.451218
495.610016 367.891144
515.488342 129.265686
780.743469 506.223694
952.445618 221.032867
648.083069 583.220093
1028.240234 331.779755
634.860596 179.040329
956.535583 413.518829
1041.157471 165.785583
1100.999512 76.831291
-1.000000 -1.000000
829.028992 528.964172
437.627350 565.092651
370.297485 208.578156
808.945190 41.239330
-1.000000 -1.000000
714.266785 508.173401
1207.396973 608.284546
-1.000000 -1.000000
251.615646 643.739319
671.562500 245.087234
213.484879 461.065125
812.135620 558.803650
219.320114 542.091370
960.290344 129.446945
737.414307 659.648560
1238.501221 623.947876
860.964661 505.922089
58.281174 678.620361
-1.000000 -1.000000
257.677094 598.935608
242.319504 605.140747
727.241150 614.610229
685.061584 139.284607
1188.485962 604.581726
798.522827 302.101349
263.434052 579.848633
215.419067 438.012482
656.731750 516.501099
1057.157837 182.013672
405.827423 623.752319
-1.000000 -1.000000
468.347900 219.481110
915.130737 139.976929
1033.395386 150.092224
1102.782715 103.884636
861.356323 362.759430
989.543884 450.457886
653.017700 603.091125
916.973389 505.891083
922.420227 229.253860
1208.538452 623.194885
529.273865 653.087097
209.864929 393.134338
1116.219604 76.548630
780.241272 607.674927
1189.658691 619.537964
583.825562 41.278511
315.786804 653.841553
274.521484 639.699890
628.758606 520.580017
971.676941 256.855225
797.811523 499.106506
297.571594 669.028015
809.853394 132.084915
648.892578 647.664185
922.542786 395.687469
869.288879 653.201721
1063.814209 40.079910
601.020447 170.242081
892.370422 394.696991
807.549438 332.024811
649.909241 630.124146
-1.000000 -1.000000
986.241516 260.360809
218.485092 423.044037
608.746033 131.142838
796.229431 576.437378
744.442749 211.096909
404.900177 642.913513
453.822449 219.589462
484.619232 59.071144
292.729065 618.299133
903.456726 678.971558
333.827911 205.842239
617.127258 211.297760
147.838287 331.857056
-1.000000 -1.000000
1066.160400 150.939209
907.472717 393.683807
666.153015 537.449646
695.437927 634.433167
795.585938 198.070602
887.427063 668.237915
775.684753 135.279785
346.698456 620.418762
614.043396 596.808167
797.561707 317.095490
745.492798 118.869987
1222.603760 608.131653
752.599915 661.665833
552.590088 495.618591
364.853638 41.057262
806.529724 664.055603
1211.847412 664.802917
1042.430054 181.915390
507.584564 349.776733
1118.164551 101.564095
420.774719 612.749939
835.147949 140.642593
804.498535 228.092148
492.574951 349.819641
438.929840 220.673386
-1.000000 -1.000000
956.521362 678.487549
822.814270 256.343414
941.485352 433.265778
1196.773560 666.001404
1057.711182 420.148834
277.644958 624.837280
568.456909 61.322571
839.131470 203.441132
1125.110718 61.669151
1073.462769 346.541321
985.293457 275.596313
1043.429810 120.697807
181.761002 392.994202
601.739502 242.310349
545.198608 136.339844
429.596161 82.564919
254.637009 178.787537
318.769897 189.958344
217.667572 482.038605
232.394424 583.724121
809.779907 439.090240
824.746887 624.815674
1238.427490 593.989258
537.990845 621.723328
775.535522 119.961693
66.206100 510.212708
823.482178 172.391678
1071.050415 166.784836
232.623077 527.312805
-1.000000 -1.000000
162.775070 392.918640
240.447845 193.973679
766.406128 163.966034
789.590881 171.890289
671.782715 514.476135
1224.106812 563.844299
207.086807 353.028473
1101.918335 61.912025
796.610779 213.236923
526.106384 145.257004
1175.620239 638.521912
613.721252 145.972809
870.239197 638.200439
1046.494873 435.176483
802.454895 154.766739
907.494751 229.235916
1223.717163 624.085876
229.515457 556.872559
724.658386 541.104797
854.344116 59.356087
667.928894 601.145386
947.524841 667.100769
730.191101 629.605408
696.401184 619.413452
682.450745 654.515320
355.727631 193.637878
232.499191 666.539307
839.152344 188.318268
449.465973 78.528923
712.284851 617.293884
280.517578 549.395874
512.574707 386.862000
967.768921 217.785721
839.346252 566.511658
839.270020 580.933960
674.203735 624.237427
838.345581 169.142075
113.292244 463.172791
887.650513 259.371338
497.571899 386.823090
412.514313 565.088440
915.883728 664.452393
849.446655 125.025337
1110.174805 602.317383
817.006653 146.754791
565.472717 264.321716
81.217041 388.019165
1130.887329 76.306824
257.645874 613.936584
612.504395 520.717773
1085.643066 75.126060
812.335144 574.062378
856.568481 190.959229
760.573425 116.646408
1082.343384 387.261810
138.844177 316.519958
511.407898 146.214310
362.710510 126.644615
841.142700 595.104675
127.782524 397.992004
970.521179 276.632721
1238.911743 418.427826
824.714844 408.513306
1018.242615 514.495850
203.957550 374.947235
480.624664 369.029480
956.859192 255.002167
234.649902 541.871460
404.194885 665.888794
329.677399 633.887268
1072.014648 181.802856
861.882629 393.770996
713.320923 632.147949
588.290161 197.383163
67.169090 403.033966
191.872604 350.910553
97.236252 388.168610
850.485779 144.274231
665.305115 199.096298
907.639038 255.113174
420.852051 627.844971
599.155151 146.032333
1173.475708 602.466858
877.451477 394.769196
232.815506 498.243561
940.730042 403.650085
505.451263 276.859650
1058.112427 131.520050
428.924561 668.849609
