-1.000000 -1.000000
-1.000000 -1.000000
-1.000000 -1.000000
-1.000000 -1.000000
-1.000000 -1.000000
-1.000000 -1.000000
-1.000000 -1.000000
-1.000000 -1.000000
126.708939 542.739441
111.709099 538.894714
-1.000000 -1.000000
-1.000000 -1.000000
129.747147 557.800476
-1.000000 -1.000000
127.661057 527.632446
57.896408 617.878296
-1.000000 -1.000000
-1.000000 -1.000000
55.930416 651.982788
114.786484 562.987793
112.627670 523.841125
173.075485 539.156982
188.068207 536.971130
59.670326 602.690125
-1.000000 -1.000000
-1.000000 -1.000000
-1.000000 -1.000000
-1.000000 -1.000000
97.577141 524.200256
102.934517 589.468018
129.842484 572.825562
172.978012 524.060547
-1.000000 -1.000000
56.784851 666.819519
96.697624 539.208923
187.914337 521.853577
74.990364 612.633423
92.123642 612.403503
454.701080 160.510605
74.728912 597.430359
99.832764 574.151794
127.597466 512.632935
170.987732 554.266235
71.313484 651.371826
127.225967 609.932739
122.793221 653.332336
141.665833 542.600342
124.502304 594.179871
107.655762 652.342957
188.073410 552.097168
107.129547 611.274963
-1.000000 -1.000000
172.862335 509.061890
-1.000000 -1.000000
72.331459 666.324646
-1.000000 -1.000000
-1.000000 -1.000000
439.905273 164.894440
99.727119 554.287842
137.896759 652.169861
455.047302 176.483582
187.719131 506.842651
54.878658 638.100220
-1.000000 -1.000000
203.073212 538.842468
-1.000000 -1.000000
112.521347 508.845123
523.393311 99.557678
59.248383 587.534485
-1.000000 -1.000000
84.821854 581.739563
118.882187 668.321289
97.394653 509.166199
99.235847 628.288452
157.909531 539.297668
573.601440 602.359070
133.910553 677.368530
469.399414 163.422470
570.901917 623.077515
436.967072 149.822632
123.212540 625.858032
-1.000000 -1.000000
558.246399 607.431030
484.653656 587.819763
469.200500 588.322998
142.720459 527.475403
585.813477 623.206848
588.559631 595.894470
488.290314 602.002686
538.241699 95.200653
765.687988 515.149536
456.465790 197.959702
454.364014 592.427795
178.196671 485.063110
87.492943 653.879333
173.008469 569.269348
433.722717 199.301575
-1.000000 -1.000000
538.954346 536.741882
157.984848 524.204407
508.377655 104.381889
600.986816 624.883301
425.127563 165.101135
103.700485 674.397400
203.129303 553.847839
516.668274 252.600571
-1.000000 -1.000000
-1.000000 -1.000000
472.467804 602.630920
142.583511 614.784668
524.284973 114.699158
73.146919 629.367004
766.799805 530.140076
170.289856 468.064697
138.629791 636.948425
488.639648 616.284607
451.616028 145.554657
470.273163 179.922821
87.592834 675.849426
188.149536 567.102722
202.901611 523.518860
-1.000000 -1.000000
163.257812 484.080322
523.883972 536.735596
40.766445 423.692505
572.801636 639.663757
440.199554 180.550705
524.612488 237.774887
473.135559 616.394348
886.059814 566.885254
523.414246 84.639717
501.722015 251.608932
198.330566 489.630341
138.950256 587.814880
566.721252 560.385254
418.881653 194.971741
539.164612 110.183632
421.698486 150.357651
-1.000000 -1.000000
573.988342 587.824341
886.392090 581.816040
555.857849 625.247925
-1.000000 -1.000000
144.530472 557.615173
883.901733 552.041016
157.941681 509.205597
173.308990 453.058197
587.584778 641.398254
537.544006 551.647461
486.735138 249.622345
-1.000000 -1.000000
780.787781 515.074219
508.834290 538.708679
517.744568 269.386383
553.167114 95.253731
454.210083 577.155090
905.578857 186.641632
-1.000000 -1.000000
538.967102 522.158875
469.825989 573.888794
484.995331 573.519958
602.350952 642.611694
603.415588 590.296265
509.982086 236.750854
553.831665 545.747437
581.969360 562.036011
595.448853 659.686218
580.491150 657.456848
457.862518 623.268799
202.664597 508.382568
569.537048 545.338257
154.073868 595.618652
185.228073 467.823456
567.178589 575.008545
457.249939 606.781372
509.437592 119.272079
587.683594 582.122864
782.058594 529.982117
-1.000000 -1.000000
544.757874 227.155350
471.317902 194.930206
508.420105 89.939514
566.893921 655.140259
928.652283 181.190704
545.059204 241.774429
-1.000000 -1.000000
157.406616 610.798157
155.212875 469.171326
898.478882 551.990967
499.721008 587.593994
158.227554 453.166046
1019.190369 387.740875
871.006958 567.274109
900.724304 566.742432
888.644348 596.889343
890.503174 185.889816
84.923187 555.189697
558.762939 593.419067
175.330063 584.227173
586.778381 608.169739
566.729919 225.744919
157.313934 572.504211
553.837036 530.915771
1009.517456 408.929718
502.752563 269.420837
523.834412 520.261841
1004.388550 387.861359
203.300217 568.828491
713.234436 181.277985
871.301331 582.262573
188.322830 452.806335
905.227478 171.815369
431.306763 214.369827
538.278259 80.341835
601.687073 608.768982
474.094971 630.694763
-1.000000 -1.000000
906.914917 201.307602
530.189697 222.457306
563.298462 212.120010
531.234192 254.452850
566.009888 240.348465
927.357971 166.653610
-1.000000 -1.000000
868.838989 552.252625
469.929169 147.403137
448.860199 212.975754
549.101257 212.426163
890.291809 171.059753
765.470886 545.606262
142.914795 512.458252
714.924622 166.090530
504.728912 603.411804
148.966873 667.081726
463.419647 212.783569
175.254105 438.015411
-1.000000 -1.000000
518.103699 71.443802
928.960266 196.047333
901.196411 581.638855
153.577545 646.007019
554.159729 110.306442
608.100830 550.756531
873.575073 597.168762
521.471741 553.558411
190.455933 588.081665
890.836060 200.674362
181.746628 655.977600
915.213074 553.716980
458.355774 638.536560
175.299072 599.394165
1033.913574 385.535126
546.169983 256.433197
1024.266602 402.525543
719.254700 151.016541
934.395874 40.966270
495.026398 234.729843
569.127686 530.294373
553.251526 80.612206
553.731201 516.059204
435.841797 135.028625
143.039124 448.247711
-1.000000 -1.000000
780.913452 545.326416
989.509338 383.957306
181.715942 640.967529
915.576355 568.180664
160.187500 438.153809
584.897522 546.273926
163.759262 660.419006
611.805298 566.304993
881.560425 537.415833
1041.619507 370.677368
-1.000000 -1.000000
-1.000000 -1.000000
896.357178 537.423950
904.879578 157.028809
504.865601 617.531799
856.029968 567.446838
1048.673950 385.441772
994.522705 411.202789
-1.000000 -1.000000
420.992157 135.561752
597.245117 566.849182
1181.402466 41.037052
205.651733 583.743835
-1.000000 -1.000000
-1.000000 -1.000000
499.768188 573.423462
949.420105 40.632198
534.681274 207.358078
-1.000000 -1.000000
608.927979 662.430847
-1.000000 -1.000000
532.968750 272.252319
546.218628 640.910278
503.115753 77.309242
539.208984 125.311630
506.277100 553.414246
153.548279 630.778015
1019.056458 372.675018
890.012146 156.251663
615.644226 627.756348
-1.000000 -1.000000
582.016418 232.687073
483.324738 165.953094
1131.148315 678.566162
795.258972 512.145813
148.158585 484.207581
-1.000000 -1.000000
81.606560 539.749329
-1.000000 -1.000000
532.748840 66.249382
750.283325 510.412476
708.811523 196.732773
196.822083 635.570496
921.357666 151.999817
-1.000000 -1.000000
903.621582 596.788757
551.367371 566.402344
-1.000000 -1.000000
856.282349 582.453125
728.333252 181.149979
172.453064 622.909973
796.785645 526.455383
140.050720 463.238556
729.826172 165.923828
1032.470703 678.479858
704.216553 151.316238
809.536682 483.214447
943.475647 178.209000
515.580200 221.594040
-1.000000 -1.000000
198.841522 650.620728
129.244980 497.548615
474.045624 646.589172
490.078094 631.998901
842.873657 360.722565
828.984741 381.016083
631.870789 569.074219
1056.268066 367.423553
439.015228 611.800354
942.246338 163.418457
876.893127 522.529663
915.064148 215.811798
715.718323 678.391052
190.460617 603.269958
-1.000000 -1.000000
1162.862793 40.997318
1004.315125 372.849274
750.737366 530.539124
547.858154 66.574722
551.612244 656.228394
811.780090 497.800964
853.796082 552.646118
1046.903564 678.449341
-1.000000 -1.000000
699.783813 166.533630
1100.573120 40.079330
-1.000000 -1.000000
866.519775 537.501343
516.336548 589.169800
828.152161 365.811523
1039.099487 400.365631
82.351532 524.703308
721.912476 135.799652
-1.000000 -1.000000
-1.000000 -1.000000
844.853394 394.998352
-1.000000 -1.000000
694.348022 569.108521
918.346497 582.971191
567.587646 95.754631
625.626709 552.416077
190.287704 437.669525
929.610046 210.505096
-1.000000 -1.000000
809.807129 512.044250
472.221008 252.479324
808.331787 468.467041
-1.000000 -1.000000
493.792938 535.413391
-1.000000 -1.000000
568.776733 515.450745
1062.296021 678.609131
785.122009 678.305725
-1.000000 -1.000000
911.128906 537.437561
1017.144348 678.353333
539.220642 508.039612
-1.000000 -1.000000
711.488403 571.868286
797.299011 541.066284
-1.000000 -1.000000
648.897949 570.283020
554.044617 125.474869
858.606384 597.136902
-1.000000 -1.000000
579.528687 678.845520
943.656067 192.914215
581.111023 218.304260
535.743835 568.379944
-1.000000 -1.000000
-1.000000 -1.000000
554.126709 678.530518
827.852783 350.964905
520.207703 206.493561
525.166443 607.801392
-1.000000 -1.000000
601.432190 678.704102
416.264252 209.659454
900.260681 216.122360
410.206573 166.687714
1097.179810 678.965332
-1.000000 -1.000000
599.464844 535.027832
479.934357 234.597198
843.402283 375.750488
596.507874 232.467712
616.228027 648.171631
802.029236 678.480896
-1.000000 -1.000000
1063.537842 382.288910
-1.000000 -1.000000
524.586121 129.756577
698.067505 181.648239
707.238281 135.970306
813.115723 526.232178
547.950195 271.657410
319.016571 619.753662
842.649353 346.228149
682.385376 678.833191
200.211075 467.339874
680.214966 572.155151
726.461975 577.829041
487.665070 269.688416
477.213715 665.072815
989.587036 368.982361
566.912048 197.299377
-1.000000 -1.000000
895.982056 522.496460
-1.000000 -1.000000
508.991577 668.777710
669.258911 154.976120
1111.979614 678.662109
1002.013733 426.167145
581.707214 247.878204
734.357971 151.043091
-1.000000 -1.000000
-1.000000 -1.000000
-1.000000 -1.000000
769.360718 678.540039
-1.000000 -1.000000
647.274048 552.443848
279.956482 590.942993
616.652161 612.899963
309.095825 678.930603
584.212524 530.173157
875.560669 177.332169
-1.000000 -1.000000
449.140839 131.192886
1085.870239 40.127972
876.248169 507.677704
809.794800 302.957672
824.772217 478.342407
360.793396 619.544617
304.679749 624.527100
730.395569 678.678345
1053.892700 400.194519
289.875519 627.624634
797.130310 557.301086
538.215698 678.899170
568.593140 112.230301
998.977417 678.362793
428.419128 122.617668
560.506287 255.431976
980.974792 431.145203
829.809753 395.168915
823.662415 463.765137
808.071533 453.581635
549.531494 197.827545
693.274475 209.592148
875.551392 192.233414
58.557144 572.286987
699.740784 678.435852
267.748871 233.605499
294.470886 595.639282
723.939026 196.518814
737.652344 134.099014
654.528442 157.552948
-1.000000 -1.000000
535.520874 192.728027
-1.000000 -1.000000
-1.000000 -1.000000
958.319092 176.377792
212.302750 634.318298
453.698486 561.935852
345.659241 622.414551
749.599487 545.943604
728.849060 502.936951
857.704285 349.931732
-1.000000 -1.000000
639.772156 164.236450
545.754944 606.728882
401.054688 603.809509
1065.579590 40.029633
1082.449219 678.752136
936.040344 148.688660
494.020111 673.132080
780.263550 561.875671
875.343567 162.688385
376.251831 618.462524
-1.000000 -1.000000
843.125183 649.939758
810.533752 288.031464
1024.571289 417.553070
814.099182 378.369598
477.240753 209.560486
438.412872 585.491821
813.350830 350.591217
214.374023 649.472534
742.793335 593.686951
483.736511 558.516541
196.850464 665.733215
980.108643 415.581177
818.982239 335.641754
616.147949 584.631775
913.523071 522.390442
513.395325 575.685486
844.585266 665.729553
459.070709 660.831970
469.359070 558.664490
81.992134 509.659149
315.550049 591.873169
394.796326 191.765182
-1.000000 -1.000000
809.023315 317.837616
-1.000000 -1.000000
192.559158 618.615723
826.798340 492.725372
670.655151 170.204010
955.222839 426.064392
524.410950 178.137009
637.520691 659.924133
203.154541 452.180084
-1.000000 -1.000000
444.099945 650.683044
692.181091 550.942078
96.318581 433.882111
1037.890015 340.739105
442.805817 624.247864
853.022583 410.190308
281.606110 573.036194
535.714600 667.044312
-1.000000 -1.000000
508.347321 170.368225
365.780243 188.055344
710.632812 550.772644
664.616211 575.589233
461.077423 678.539185
673.679382 214.644608
266.471680 219.643967
851.447998 537.787476
356.093597 678.844360
229.449081 643.018372
567.861755 81.414009
595.192749 217.934036
111.431686 432.734985
273.944214 612.263000
862.101013 522.618530
-1.000000 -1.000000
-1.000000 -1.000000
920.795349 409.432831
218.413635 555.651001
635.290710 591.531006
546.222473 592.298035
395.782074 206.390411
549.932190 184.001602
1014.922791 358.434021
418.032990 111.976501
423.893707 616.972778
-1.000000 -1.000000
979.962341 399.093109
442.943726 636.884277
228.214264 627.770264
611.075623 231.186508
930.480713 564.873901
823.327148 448.975769
935.601807 133.960938
902.173340 505.657104
727.624146 551.966431
521.269958 621.011841
930.291260 225.305817
683.265442 154.954727
81.635994 434.055542
509.671265 652.771912
765.999756 562.152527
503.522858 64.574883
624.464661 168.333542
919.329834 598.147827
442.302216 118.138985
145.004761 433.271576
505.616394 206.664581
678.925293 552.623718
294.682251 578.376282
888.946899 410.181610
1052.630127 335.644348
805.326904 199.357697
859.473511 670.981262
944.179504 207.405151
414.511780 124.645149
957.115601 161.104721
627.736816 678.391479
709.099060 212.403717
377.080383 671.849731
-1.000000 -1.000000
-1.000000 -1.000000
330.479218 185.815811
517.763062 284.954681
378.765320 646.630920
1018.901306 343.649506
-1.000000 -1.000000
839.024475 464.686615
876.321106 670.603088
252.859192 233.216934
745.281555 166.237274
825.540039 667.625244
940.075745 416.907257
208.137741 612.468445
794.278137 484.361633
-1.000000 -1.000000
624.502808 536.997070
958.480225 191.140625
812.019409 273.286438
825.122803 512.046692
692.212463 136.699326
817.985657 542.930420
435.441895 106.123688
524.348145 506.745941
905.965759 408.103973
658.213928 217.263123
401.662964 678.907349
251.241104 220.041733
-1.000000 -1.000000
367.279694 201.855331
857.780273 648.587524
356.660034 589.670532
505.387665 636.073730
-1.000000 -1.000000
741.528015 577.341492
930.026367 551.116455
727.455566 594.248413
974.057068 360.271118
96.475914 448.840759
642.985596 674.987488
-1.000000 -1.000000
406.316284 147.374207
598.835693 519.230896
361.991180 665.045166
-1.000000 -1.000000
111.350853 447.719452
972.171204 449.062927
1211.966797 631.002014
753.379639 133.584641
1053.443359 352.168457
509.263306 184.802429
-1.000000 -1.000000
509.390625 518.442383
372.828308 588.648804
463.699371 133.819077
920.912964 137.722839
229.511841 658.100769
769.986511 594.672180
1036.844360 355.592194
645.345276 537.599609
341.298462 590.599487
584.100464 515.296204
520.016541 57.906319
838.086975 410.459259
749.907104 149.751724
983.112000 678.218750
950.503784 146.140793
111.308723 462.702301
391.175537 678.373657
1037.402588 325.893555
-1.000000 -1.000000
-1.000000 -1.000000
724.284668 211.858978
806.623291 216.953583
-1.000000 -1.000000
346.917053 659.600403
-1.000000 -1.000000
252.619781 206.225281
-1.000000 -1.000000
218.087616 540.426636
765.346436 500.841980
819.260681 652.866638
793.197815 469.332916
212.457138 664.390991
655.710571 172.672256
739.080017 196.843262
363.830017 648.181458
-1.000000 -1.000000
933.720825 581.497498
814.464478 392.383698
-1.000000 -1.000000
1038.559448 149.458191
843.674438 631.825195
885.310364 215.366745
-1.000000 -1.000000
745.368103 620.836853
840.463562 479.923920
814.323364 231.979263
974.753906 375.244843
-1.000000 -1.000000
799.129150 176.060669
1227.412109 631.338379
670.988586 665.989868
370.571228 678.478882
373.283875 678.832825
-1.000000 -1.000000
486.751953 182.228638
218.066696 525.532166
93.317490 463.868073
957.275024 450.350586
491.777222 655.094421
-1.000000 -1.000000
792.967285 454.181213
726.692871 518.349609
1068.922852 397.071533
-1.000000 -1.000000
315.948395 186.290497
1046.515991 165.170044
640.840576 614.846252
-1.000000 -1.000000
673.421143 185.228302
413.062653 584.648987
1039.588745 415.049561
1193.826782 628.571289
271.104645 205.454987
785.145142 598.795898
207.993118 436.730164
330.660431 198.980316
768.564758 618.741028
838.787903 449.838898
-1.000000 -1.000000
352.071075 187.076035
244.506577 648.657776
274.262329 636.826172
392.515625 671.685913
445.769562 678.887573
638.420532 642.243713
395.352386 221.315552
743.888855 181.676544
315.411499 576.176270
1071.204956 366.962555
81.647591 449.038025
-1.000000 -1.000000
663.075012 551.381470
-1.000000 -1.000000
609.595642 172.411087
509.800201 385.519836
874.054138 414.133087
396.254669 584.653320
858.467224 631.749023
674.445801 650.256165
301.080994 187.863846
494.783081 384.503113
510.655640 133.659454
780.315979 501.209778
944.848389 221.974991
650.811890 594.311951
1022.846252 328.478363
628.675293 182.251999
955.080322 410.654327
1031.783203 164.324387
1087.861816 74.605812
-1.000000 -1.000000
828.800476 527.589722
437.610870 570.277283
366.684845 216.763000
-1.000000 -1.000000
-1.000000 -1.000000
713.822754 503.761017
1209.980835 596.019531
-1.000000 -1.000000
253.966339 671.471558
665.983154 249.929626
213.494293 489.551971
812.602783 556.040649
220.552872 570.557800
950.328430 131.287430
741.382080 667.645874
-1.000000 -1.000000
861.560730 507.528992
-1.000000 -1.000000
-1.000000 -1.000000
259.018494 625.189819
244.304672 633.660706
730.290344 622.697449
677.606079 140.780960
1190.957397 593.304138
795.074890 303.602295
267.022980 597.788879
215.719681 466.325836
658.713867 515.239197
1047.908813 179.531464
407.907379 645.333557
-1.000000 -1.000000
465.841858 227.640076
906.538086 142.881256
1023.748779 149.763779
1090.567261 100.793945
857.503296 364.151154
988.172913 449.167419
656.064453 614.377380
917.029663 507.543518
915.264160 231.372482
1211.435181 611.108093
528.544250 652.192078
209.598022 421.865265
1102.755249 74.302063
783.770691 613.604309
1192.314575 608.261841
-1.000000 -1.000000
318.387848 678.397766
276.707428 666.903564
630.639771 520.868408
965.076538 256.469299
796.539917 498.642456
-1.000000 -1.000000
802.231506 139.599258
652.574097 659.247009
920.440735 394.052460
872.943054 656.686157
-1.000000 -1.000000
593.161743 178.901184
890.550903 394.648285
804.338684 333.061188
653.192139 641.635315
-1.000000 -1.000000
979.444458 259.318634
219.190628 451.717865
602.925598 146.509247
798.588928 581.183228
739.361389 212.062424
407.236603 664.767883
452.283386 228.086975
477.661469 72.326645
294.335449 644.596436
-1.000000 -1.000000
331.356781 213.864548
610.245300 216.127747
146.399063 363.093506
-1.000000 -1.000000
1055.612305 148.980865
905.556763 392.802032
667.439514 535.944946
698.629700 644.448547
791.821472 203.850784
890.874817 670.342712
769.567932 138.946762
348.654541 644.266357
617.453430 600.504517
794.264771 318.338135
737.119812 121.540375
1225.057983 595.275269
756.724243 669.358337
554.013062 501.861053
-1.000000 -1.000000
810.743347 667.889465
1216.297974 654.860596
1033.190674 179.447479
506.380981 366.238342
1105.463135 98.687843
423.080048 633.657043
827.144104 147.296005
800.475037 233.131302
491.392609 366.281982
438.042175 229.273529
-1.000000 -1.000000
962.153564 678.699829
817.693359 258.397858
939.979187 432.465210
1201.392090 656.040344
1054.395630 414.950256
279.442352 651.894226
564.378662 68.068810
832.183777 209.190536
1111.208252 59.263969
1067.729858 341.515289
979.160156 274.026215
1032.095215 120.544724
181.713806 423.001312
597.247925 247.708939
541.126221 140.835175
422.452118 100.890808
250.851837 193.483154
315.642365 198.614273
217.986069 510.332520
233.880615 612.236084
807.812866 438.549927
827.775696 628.770630
-1.000000 -1.000000
538.323364 619.995667
768.061584 125.152328
65.706940 542.036316
816.378174 179.391876
1060.984009 164.525452
237.105911 554.502075
-1.000000 -1.000000
162.575760 423.158722
235.857605 214.044357
761.655334 166.555954
785.623535 177.575729
673.394287 512.179932
1224.724609 551.342834
206.051544 381.603210
1088.442383 59.922997
792.765137 218.539444
522.213684 151.424698
1178.546143 627.634888
608.019348 161.170090
873.497009 641.695190
1043.974487 430.419403
796.306946 161.576004
900.200806 231.688599
1226.773438 611.611633
230.705353 585.122131
724.684631 536.596191
843.902832 67.201965
671.184387 612.145752
952.278625 666.257446
733.617249 637.994141
699.458435 629.440857
686.161499 665.728394
355.265350 201.655045
-1.000000 -1.000000
832.508667 194.373703
442.626312 93.399147
715.322510 626.626343
283.471619 557.648987
512.177917 403.375092
959.899902 218.640335
841.391479 568.850769
841.574158 583.725037
677.622314 635.040405
831.328308 175.688248
114.116295 493.669464
881.190491 262.410004
497.174896 403.328674
415.043579 569.312744
920.272461 664.538635
840.554199 132.002655
1112.553833 594.809814
809.507385 153.900543
562.559082 270.766907
80.713501 419.789703
1117.314209 73.879044
259.423920 641.037598
614.284119 521.645508
1072.857300 73.129532
814.335938 577.385132
848.336731 196.583893
752.549622 121.224991
1078.449463 382.227936
137.404434 348.341980
507.861145 151.109863
359.034058 151.176819
843.815613 597.956665
127.541016 428.359070
964.897339 275.430450
-1.000000 -1.000000
822.793884 410.006042
1017.252441 509.904236
203.165451 403.778717
479.824188 385.524353
950.988586 254.908508
239.130341 568.497314
406.330414 678.627136
331.956085 658.761292
1062.593506 179.107697
859.568665 394.725403
716.553894 641.535095
579.566162 205.108124
67.006264 434.172089
191.271683 379.811432
96.423409 419.527130
842.134460 151.155197
657.844727 201.426163
901.001526 257.886017
423.379547 648.821594
592.980225 161.650208
1175.558472 591.897461
875.589294 395.363220
236.432861 524.867310
938.106201 401.166077
502.496429 285.933167
1047.310791 130.814957
430.869568 678.688843
