169.503906 431.454865
170.599960 421.288757
76.238914 584.523987
73.140694 560.450867
114.332397 532.501709
180.260254 525.194092
180.507568 482.209991
44.242161 563.530945
122.204048 623.467407
126.207649 528.430542
109.167252 593.638306
64.068832 638.522095
115.278366 511.438080
-1.000000 -1.000000
74.033684 654.669006
113.281136 635.526367
113.331360 486.438293
116.270790 497.450958
54.864246 628.619385
108.256279 574.504456
915.023621 164.576965
131.257538 567.531982
138.156876 690.715637
39.978554 624.742126
864.541870 541.762329
119.288261 570.529358
78.392677 489.502045
54.297588 589.597534
63.108105 562.489380
780.408447 547.737549
100.310806 417.434662
179.306839 603.762878
537.512573 527.195618
101.342606 491.227997
139.368927 557.648193
1080.006714 245.619171
1099.080200 240.329788
92.980881 649.580627
73.239143 570.500610
454.220734 149.606400
410.437775 565.166443
158.957596 648.609680
484.462372 599.115784
715.103699 144.494659
103.991669 684.692749
478.337280 560.125305
-1.000000 -1.000000
648.572510 551.806946
324.213409 571.019897
1059.448242 462.644196
74.099594 638.652405
436.905151 144.615326
595.571594 552.106506
497.576324 596.270386
88.381409 494.439178
523.248535 556.061401
874.469971 571.657043
1040.522705 386.739716
138.254105 650.023926
1209.291870 624.638000
516.354858 596.033691
903.282593 168.364655
464.074219 175.768066
345.265747 570.407532
427.507812 515.160583
583.150513 551.256470
390.981873 247.050049
412.996918 247.746078
564.239685 559.947571
170.061966 525.250305
581.455200 561.043152
573.623230 572.915222
447.543121 513.179138
487.984039 180.582932
464.145142 614.178101
66.260239 581.631104
467.438690 508.854462
404.321075 517.173462
522.745056 215.709305
911.100647 192.600021
1209.542969 55.219769
866.381958 554.677612
536.703491 595.119812
995.421204 563.619873
888.506653 526.729553
1198.418945 624.805786
308.384033 573.234863
985.585693 382.617493
1182.230103 120.298149
614.371948 553.134460
114.192505 560.458191
1032.386841 439.682068
452.161957 204.560562
537.100647 64.190720
433.948059 250.690826
168.991028 675.681763
973.721680 378.681030
1176.100708 228.909637
549.107483 204.680695
94.064735 679.604553
171.255585 515.522888
478.341034 575.148621
159.332443 604.669861
55.038422 616.623535
539.233887 110.647324
538.359741 196.712616
574.195618 642.083984
1254.571411 502.306030
939.146423 273.490753
1107.508057 528.489685
137.059464 679.603271
766.401184 548.905396
1020.445862 689.657471
395.060181 200.652420
748.312317 549.955139
518.219482 586.267029
350.061890 198.032379
469.015411 200.790512
1188.360596 657.835022
1138.401855 639.903320
1112.540283 680.198486
-1.000000 -1.000000
1066.571533 641.693237
551.040527 651.223938
-1.000000 -1.000000
874.432617 693.266724
1039.422974 691.886169
500.456207 564.169067
1124.191772 201.957993
483.558716 506.176910
140.315231 451.583557
136.086868 668.540344
1049.630737 431.870911
173.316391 624.451782
468.737335 257.689056
512.266968 562.257935
749.456055 637.371826
297.420990 573.092773
272.884186 198.824463
180.592636 417.408020
993.587097 408.020477
1219.145752 195.603638
928.379395 675.320007
874.518311 662.281616
160.901840 685.715820
1022.485962 369.903137
1240.820801 292.275055
108.060570 674.122498
706.703247 548.013733
964.573120 403.870789
1066.420288 670.932373
116.516312 447.515198
1091.292725 610.638733
1040.949341 309.845032
1044.407227 412.656525
1212.372192 83.437805
580.033813 200.640915
210.206589 611.413574
525.434448 654.297729
553.420349 548.058960
1195.354004 544.869995
135.161865 590.673523
580.281921 599.120789
885.609375 452.718414
1148.515381 24.267092
451.971893 253.546570
505.781281 127.943138
197.315109 617.449219
1247.069580 222.268936
892.447327 573.685852
492.187164 649.283630
73.265335 410.008362
1208.832520 30.307871
170.864258 634.923218
516.115540 240.737076
1051.503662 548.012695
1010.927307 252.596268
851.509888 655.558167
1149.149170 228.259247
136.383392 530.533081
1122.969360 236.548447
103.095779 481.294952
1108.673950 237.031464
816.629150 457.506317
1187.108521 164.348312
929.430603 688.027710
112.854675 409.228210
1245.579224 427.759308
725.138306 139.365967
488.953217 205.792374
651.986389 694.237122
958.697327 376.657318
1084.800537 421.548401
1184.533081 430.256836
1094.198608 661.784607
122.245102 596.548523
1032.561646 399.636414
996.936707 252.497711
983.730347 404.550934
1081.751587 322.615967
1184.981934 181.384705
1179.727661 89.911652
1176.368042 322.336761
509.697540 318.310516
1009.564880 392.832306
1250.052856 248.442902
593.326355 620.048828
1131.800781 394.665375
151.073395 685.365112
1245.525757 408.449280
924.317078 581.651672
933.013916 145.485641
1239.093628 244.363083
887.805664 365.687958
1058.677612 403.679749
487.455231 589.299255
553.418335 595.063416
933.578003 373.387512
1064.509399 628.631775
1086.617065 458.572662
954.294495 680.840332
1150.468994 59.576733
550.416809 531.041382
1097.689575 26.273184
1051.945801 198.496567
1103.713745 416.514038
1004.557617 694.158875
650.085571 644.303284
902.536499 571.705688
1027.895996 250.851913
375.695709 199.000168
832.249939 659.762512
543.335693 581.165100
1083.065918 261.806427
144.289398 567.567505
1100.739014 86.232292
290.852661 197.873459
929.408081 70.168877
895.870178 315.765015
533.240356 583.324463
995.342407 531.614929
1254.184692 676.684509
1199.345215 678.797302
913.422485 670.736328
1136.372070 482.817444
132.245056 636.507385
45.639313 490.291504
1035.042114 195.016541
1085.695923 410.737640
964.426514 679.155029
1068.640259 400.611450
614.446960 650.360657
1127.833862 262.511688
782.390442 647.229553
1057.422485 693.159302
694.386536 628.950500
1085.766113 340.482086
1249.243042 544.291748
863.571594 574.467407
739.498718 636.686584
63.296005 410.084259
1082.627441 293.764709
1043.311523 502.448883
181.529282 471.081055
-1.000000 -1.000000
108.921288 694.768799
752.253479 137.398560
921.113159 187.263123
1221.625366 381.373993
847.788391 306.029266
658.772034 552.138611
760.862671 642.162964
587.289490 609.152344
1187.229370 230.641815
1059.440430 141.595200
618.380249 668.595276
382.907990 571.156067
1205.606567 486.673737
44.219486 590.648071
1195.575195 148.585876
372.232727 596.197876
1183.137085 131.601562
1216.327881 118.318756
469.385559 643.347046
876.615845 523.888489
927.827515 174.659393
1216.301758 184.340195
866.076294 269.728760
135.556900 410.177979
1124.594116 465.642456
57.544285 487.251770
1191.098877 109.718185
365.335846 666.847778
1163.137573 148.111603
528.878113 237.943985
1163.416016 158.436386
1189.448120 685.936279
1111.356689 110.825829
517.317749 188.694717
448.988159 188.723953
1139.708496 621.704102
31.337114 488.450012
194.147446 531.049255
1195.345093 534.239014
1085.580566 438.835602
470.219055 146.581375
444.004608 177.572662
994.349365 163.944351
1149.032104 217.458923
874.680359 362.699249
-1.000000 -1.000000
802.399963 522.090576
586.351868 684.026306
433.899658 565.275696
973.007690 256.512085
979.515564 608.674927
1140.414429 669.700745
1060.269775 170.201660
968.612671 470.828918
1131.547729 412.456421
1240.027222 265.246033
668.588867 551.789246
920.377014 475.880981
836.657043 553.325256
913.821899 396.770020
274.066864 677.292236
1214.366455 144.531723
319.020844 197.801819
1196.387573 555.995728
75.236572 600.552979
1252.368164 625.890686
1092.568237 644.687134
-1.000000 -1.000000
1216.534668 132.110779
1108.451660 76.360001
920.490967 485.775482
1127.692871 609.955200
974.555237 680.005188
1010.720520 402.834991
820.179810 657.967102
1229.434570 619.688171
1185.344604 543.221680
1182.546875 405.344360
457.148254 159.832199
929.438843 81.459541
995.570862 383.612549
515.808533 653.789734
149.514816 553.581970
559.049011 207.592468
1192.817749 332.699982
1251.671997 295.148407
104.470772 454.286011
1187.434570 619.774170
1115.140747 180.344635
1119.317261 97.075287
1126.261963 509.339874
998.418213 612.474731
-1.000000 -1.000000
854.493042 625.205994
105.015701 249.451950
1228.483398 545.535217
1090.567383 552.757507
939.447510 594.619080
1202.830444 397.590271
658.506836 662.615540
1184.578247 498.593628
1147.679932 163.299332
451.432373 564.140442
298.169220 634.187256
473.289520 600.161316
1251.408447 582.755249
819.327820 127.838074
1164.127563 197.342300
1180.451416 70.250671
1090.250610 627.788452
330.224396 671.362976
770.413696 564.029602
850.230652 597.934937
1098.985229 279.212158
1241.395752 692.552490
1193.153687 131.713928
989.787170 294.511078
1164.556396 505.641449
165.437912 374.269043
1252.617920 348.633087
-1.000000 -1.000000
1081.892578 306.477997
1174.920532 243.170624
716.081299 635.190735
1005.465454 597.633911
1129.527954 587.870239
93.331207 481.430756
329.232178 196.714386
256.906952 204.745834
318.194366 591.272583
938.247559 674.711670
1026.455811 481.512695
922.000610 260.518890
640.621643 577.091370
1246.457520 472.607880
