-1.000000 -1.000000
-1.000000 -1.000000
-1.000000 -1.000000
-1.000000 -1.000000
-1.000000 -1.000000
-1.000000 -1.000000
-1.000000 -1.000000
-1.000000 -1.000000
-1.000000 -1.000000
-1.000000 -1.000000
-1.000000 -1.000000
-1.000000 -1.000000
-1.000000 -1.000000
-1.000000 -1.000000
107.967171 678.643311
-1.000000 -1.000000
-1.000000 -1.000000
-1.000000 -1.000000
-1.000000 -1.000000
-1.000000 -1.000000
92.762581 675.699890
-1.000000 -1.000000
-1.000000 -1.000000
-1.000000 -1.000000
-1.000000 -1.000000
-1.000000 -1.000000
-1.000000 -1.000000
-1.000000 -1.000000
-1.000000 -1.000000
-1.000000 -1.000000
-1.000000 -1.000000
154.688980 673.378052
-1.000000 -1.000000
-1.000000 -1.000000
-1.000000 -1.000000
169.580185 670.838928
-1.000000 -1.000000
-1.000000 -1.000000
404.939117 190.811539
-1.000000 -1.000000
-1.000000 -1.000000
-1.000000 -1.000000
-1.000000 -1.000000
-1.000000 -1.000000
-1.000000 -1.000000
-1.000000 -1.000000
-1.000000 -1.000000
-1.000000 -1.000000
-1.000000 -1.000000
-1.000000 -1.000000
-1.000000 -1.000000
-1.000000 -1.000000
154.514099 658.426453
-1.000000 -1.000000
-1.000000 -1.000000
-1.000000 -1.000000
-1.000000 -1.000000
391.026672 196.689758
-1.000000 -1.000000
-1.000000 -1.000000
407.237915 210.710907
169.354782 655.875488
-1.000000 -1.000000
-1.000000 -1.000000
-1.000000 -1.000000
-1.000000 -1.000000
-1.000000 -1.000000
463.457855 118.529671
-1.000000 -1.000000
-1.000000 -1.000000
-1.000000 -1.000000
-1.000000 -1.000000
-1.000000 -1.000000
-1.000000 -1.000000
-1.000000 -1.000000
555.648193 596.070129
-1.000000 -1.000000
418.565491 193.232681
548.261658 605.176880
387.580139 182.215118
-1.000000 -1.000000
-1.000000 -1.000000
539.957886 602.956604
460.661285 600.682129
444.830627 603.831299
-1.000000 -1.000000
563.079834 603.298828
572.505249 593.768127
468.967926 609.543091
477.971375 113.836273
727.673523 486.413361
410.493591 234.234177
432.535461 611.418030
-1.000000 -1.000000
-1.000000 -1.000000
-1.000000 -1.000000
387.666931 235.436554
-1.000000 -1.000000
514.656860 558.175415
139.743759 673.925659
448.775818 126.572929
579.486511 604.971436
377.510590 198.233185
-1.000000 -1.000000
-1.000000 -1.000000
474.525269 288.669373
-1.000000 -1.000000
-1.000000 -1.000000
452.498566 611.599487
-1.000000 -1.000000
464.282349 134.289566
-1.000000 -1.000000
729.359436 501.621735
-1.000000 -1.000000
-1.000000 -1.000000
471.637756 619.615295
401.200043 176.130096
423.206421 216.593521
-1.000000 -1.000000
-1.000000 -1.000000
184.653961 672.176575
-1.000000 -1.000000
-1.000000 -1.000000
499.124786 557.942200
-1.000000 -1.000000
549.317017 620.597595
393.030579 215.928802
479.260010 275.185425
454.503754 621.687927
865.845703 576.547241
463.644928 104.557785
459.531403 287.769379
-1.000000 -1.000000
-1.000000 -1.000000
551.204346 570.979431
372.866180 230.805313
479.099518 128.739624
374.030701 184.636612
-1.000000 -1.000000
559.470093 587.754578
867.958191 591.402893
533.012878 611.674683
-1.000000 -1.000000
-1.000000 -1.000000
862.905640 561.020874
139.643433 658.976746
-1.000000 -1.000000
564.355042 622.288574
509.981262 571.341248
-1.000000 -1.000000
-1.000000 -1.000000
742.970337 486.180145
483.468658 559.139282
477.136780 304.828735
493.448761 115.795647
433.717987 596.447266
839.501099 204.085938
-1.000000 -1.000000
513.795776 543.557983
446.573090 591.103516
460.734680 588.924133
580.253906 626.080750
589.215820 591.632812
464.842865 274.146942
532.397583 566.595093
570.342651 573.396240
-1.000000 -1.000000
-1.000000 -1.000000
437.507111 633.908203
184.382843 656.955994
550.774902 563.978394
-1.000000 -1.000000
-1.000000 -1.000000
553.764771 579.181274
436.122498 621.017944
448.588257 143.324783
575.460266 587.906189
744.321655 502.171936
-1.000000 -1.000000
497.094482 263.700195
425.091278 231.913101
448.629730 111.851997
547.089966 637.986877
860.117432 197.829239
497.831909 276.242096
-1.000000 -1.000000
-1.000000 -1.000000
134.461517 616.272278
877.208191 560.911194
473.867859 599.981628
137.123993 600.201904
967.809631 371.691132
850.758728 577.921936
880.310242 576.265259
873.209229 606.735596
824.903564 204.036926
-1.000000 -1.000000
543.314575 594.606384
-1.000000 -1.000000
567.462769 597.873779
513.932983 252.629913
-1.000000 -1.000000
530.949585 552.468201
960.468689 393.796936
462.115295 304.876099
497.526581 540.896729
954.178040 372.172821
-1.000000 -1.000000
651.725830 187.604538
852.682373 593.118469
-1.000000 -1.000000
837.393921 189.515976
385.421692 250.294113
478.682129 102.069542
584.053162 596.301880
453.623413 635.858521
-1.000000 -1.000000
842.438721 218.229263
483.966034 260.803436
510.297028 242.497238
488.552399 290.253937
513.924927 267.553070
857.951477 184.015640
-1.000000 -1.000000
847.296326 562.264587
417.170593 175.523941
403.147064 249.058273
500.025574 248.543243
823.258179 189.304214
727.473938 518.373108
-1.000000 -1.000000
652.558594 170.643753
482.703064 610.761719
-1.000000 -1.000000
417.516022 249.081573
-1.000000 -1.000000
-1.000000 -1.000000
460.173309 96.544708
861.361633 211.998093
882.700562 590.941406
-1.000000 -1.000000
494.385895 130.735382
591.923828 556.928345
857.200562 608.566467
492.684570 573.509705
-1.000000 -1.000000
826.911621 218.482452
-1.000000 -1.000000
893.986633 562.033752
-1.000000 -1.000000
-1.000000 -1.000000
982.712402 370.227112
503.486359 289.365173
973.424377 386.859283
655.723511 154.738037
-1.000000 -1.000000
-1.000000 -1.000000
546.254150 550.598022
494.332153 104.514763
530.451965 537.388794
385.418274 168.556213
121.874969 595.612305
-1.000000 -1.000000
742.081177 518.854004
938.731445 368.061096
-1.000000 -1.000000
894.583252 576.605530
138.596603 585.198853
568.718384 559.650452
-1.000000 -1.000000
597.464844 580.375977
858.952576 545.977417
989.548035 354.335052
-1.000000 -1.000000
-1.000000 -1.000000
874.144592 545.738281
836.191162 175.175873
487.000946 619.495972
836.126526 579.110046
997.435303 370.211395
944.168213 396.511932
-1.000000 -1.000000
373.297760 170.655533
587.569580 576.427795
-1.000000 -1.000000
-1.000000 -1.000000
-1.000000 -1.000000
-1.000000 -1.000000
472.645905 588.392456
-1.000000 -1.000000
488.550293 246.420746
-1.000000 -1.000000
-1.000000 -1.000000
-1.000000 -1.000000
494.498444 307.795105
520.522949 630.560181
443.555145 105.040833
478.636841 144.852005
478.453094 573.886658
-1.000000 -1.000000
967.185364 356.603302
822.178589 174.973328
-1.000000 -1.000000
-1.000000 -1.000000
528.463623 257.499268
432.861084 198.563843
-1.000000 -1.000000
756.213379 486.562317
-1.000000 -1.000000
-1.000000 -1.000000
-1.000000 -1.000000
-1.000000 -1.000000
475.631775 93.208221
712.551392 482.351501
651.090942 206.549240
-1.000000 -1.000000
851.332275 170.270660
-1.000000 -1.000000
888.324768 606.419067
526.292908 579.304565
-1.000000 -1.000000
837.756653 594.196106
668.770874 188.398865
-1.000000 -1.000000
758.292786 501.218292
119.156136 610.658691
668.800171 171.350082
1025.927246 678.490906
641.214539 155.815323
769.137085 474.334930
874.773193 194.428894
469.375488 259.862640
-1.000000 -1.000000
-1.000000 -1.000000
-1.000000 -1.000000
452.199646 662.596741
472.883362 633.207520
798.990723 375.075439
789.215881 396.614746
611.804443 589.790833
1003.840820 350.340973
-1.000000 -1.000000
872.613647 180.402832
852.812500 531.506348
851.708679 232.382507
707.311096 678.875549
-1.000000 -1.000000
-1.000000 -1.000000
-1.000000 -1.000000
953.696411 358.171722
713.935242 502.677948
491.399628 97.021721
534.217468 645.735779
771.219177 486.117645
832.630188 564.139587
1039.995605 678.468384
-1.000000 -1.000000
637.622559 172.630127
-1.000000 -1.000000
-1.000000 -1.000000
843.331848 547.048767
480.868500 602.716187
785.468811 380.913788
988.946106 385.267792
-1.000000 -1.000000
658.032776 139.501404
-1.000000 -1.000000
-1.000000 -1.000000
808.479858 407.989319
-1.000000 -1.000000
680.264709 613.061829
898.590027 591.104309
507.534119 122.917870
606.003357 553.760193
-1.000000 -1.000000
863.630920 225.785339
-1.000000 -1.000000
769.304443 496.404236
430.759369 288.807648
768.195740 462.023163
-1.000000 -1.000000
-1.000000 -1.000000
-1.000000 -1.000000
544.817688 535.924866
-1.000000 -1.000000
-1.000000 -1.000000
-1.000000 -1.000000
889.061035 545.099121
1010.234253 678.518494
514.053528 530.009827
-1.000000 -1.000000
697.928223 616.031982
758.222839 517.270081
-1.000000 -1.000000
630.936340 593.656372
493.754669 146.182800
842.281067 610.222717
-1.000000 -1.000000
-1.000000 -1.000000
875.712524 207.972260
526.603516 243.390701
-1.000000 -1.000000
-1.000000 -1.000000
-1.000000 -1.000000
-1.000000 -1.000000
783.741699 364.880676
475.326019 245.573761
-1.000000 -1.000000
-1.000000 -1.000000
-1.000000 -1.000000
370.523926 245.218964
837.299011 233.508240
362.454071 205.067566
-1.000000 -1.000000
-1.000000 -1.000000
577.493103 540.656128
471.335938 254.286743
802.623108 391.340332
541.262939 257.138245
-1.000000 -1.000000
-1.000000 -1.000000
-1.000000 -1.000000
1011.553650 367.129608
-1.000000 -1.000000
454.921295 158.323380
635.842712 189.571350
644.456543 139.729156
774.235779 510.844055
509.564209 305.598999
-1.000000 -1.000000
797.970337 361.138397
-1.000000 -1.000000
180.784164 611.780151
667.136841 618.210083
713.632507 619.243896
447.299835 304.526093
-1.000000 -1.000000
939.074768 355.069000
510.609314 227.821579
-1.000000 -1.000000
872.432251 530.320740
-1.000000 -1.000000
-1.000000 -1.000000
610.502014 162.497620
-1.000000 -1.000000
956.541687 413.219757
530.963867 273.657959
673.737427 158.070068
-1.000000 -1.000000
-1.000000 -1.000000
-1.000000 -1.000000
-1.000000 -1.000000
-1.000000 -1.000000
624.325500 548.768860
-1.000000 -1.000000
593.798401 612.419189
-1.000000 -1.000000
562.417908 539.685730
809.777344 196.311783
-1.000000 -1.000000
396.530304 163.669556
-1.000000 -1.000000
850.315186 516.676514
762.439331 314.984314
786.682495 472.717072
-1.000000 -1.000000
-1.000000 -1.000000
-1.000000 -1.000000
1002.564209 385.417175
-1.000000 -1.000000
773.190552 552.784546
-1.000000 -1.000000
504.790466 143.805710
991.442383 678.397583
378.055573 160.694031
513.978638 283.700226
941.161316 428.008636
792.467957 408.459717
784.565125 457.932129
767.669128 448.051605
500.173065 235.388168
634.370667 222.859009
810.834045 210.899185
-1.000000 -1.000000
690.306580 678.972961
229.027313 270.277405
-1.000000 -1.000000
666.169922 206.001617
678.679077 144.175613
597.460938 166.676834
-1.000000 -1.000000
493.172699 233.756500
-1.000000 -1.000000
-1.000000 -1.000000
889.436401 193.496521
-1.000000 -1.000000
433.571838 581.068665
-1.000000 -1.000000
710.702393 519.664307
696.655151 475.716339
813.299438 364.454559
-1.000000 -1.000000
582.984497 175.539505
525.364441 605.703003
385.809021 678.452515
-1.000000 -1.000000
1076.739624 678.865784
865.453552 167.029892
-1.000000 -1.000000
757.868713 569.392395
808.844482 182.617111
-1.000000 -1.000000
-1.000000 -1.000000
833.910522 672.865417
761.605286 300.629395
976.054749 403.699371
773.282104 395.208466
-1.000000 -1.000000
414.810822 606.153320
769.830688 363.089966
-1.000000 -1.000000
730.445984 633.106934
458.119598 577.918762
-1.000000 -1.000000
931.905701 402.360321
774.742676 347.434631
597.376831 613.526733
889.130859 529.028809
476.080322 591.697449
835.964050 678.838379
440.958557 678.834229
444.877136 578.023010
-1.000000 -1.000000
-1.000000 -1.000000
354.541260 228.307953
-1.000000 -1.000000
763.446594 329.978394
-1.000000 -1.000000
-1.000000 -1.000000
790.392883 488.496796
611.415649 178.374634
917.479919 424.628784
486.462738 220.949265
-1.000000 -1.000000
-1.000000 -1.000000
-1.000000 -1.000000
-1.000000 -1.000000
667.244080 534.830017
72.518921 583.429077
980.568604 325.984314
-1.000000 -1.000000
817.645630 423.728638
-1.000000 -1.000000
-1.000000 -1.000000
-1.000000 -1.000000
471.272003 214.646896
-1.000000 -1.000000
690.442200 528.569580
650.532043 627.710083
-1.000000 -1.000000
610.292664 231.436478
227.166168 258.041168
828.311157 548.514282
-1.000000 -1.000000
-1.000000 -1.000000
508.050171 113.034676
537.471069 242.847000
87.546463 581.621277
-1.000000 -1.000000
837.711609 532.842651
-1.000000 -1.000000
-1.000000 -1.000000
880.807312 410.888123
-1.000000 -1.000000
623.495972 653.250061
529.441406 597.837830
358.498810 242.122452
503.600220 225.052429
961.873047 343.926697
366.790039 161.802597
-1.000000 -1.000000
-1.000000 -1.000000
930.755188 383.566254
-1.000000 -1.000000
-1.000000 -1.000000
554.136597 255.439362
909.557739 572.441650
783.503296 443.716949
862.408142 153.797745
874.397400 513.320068
706.356018 526.211365
494.440033 621.952698
866.752502 240.349731
619.872681 162.226334
58.384586 583.926514
479.787750 666.188293
-1.000000 -1.000000
446.004272 97.357735
568.685547 187.684402
902.666931 606.427673
-1.000000 -1.000000
121.769203 580.890320
460.705872 245.221710
652.824341 540.993469
273.472992 605.527893
848.971008 421.455780
994.124451 320.795807
755.163757 231.931595
848.549316 678.646362
877.424866 221.585358
365.583313 165.671417
887.094055 178.077469
-1.000000 -1.000000
654.310242 227.650589
-1.000000 -1.000000
-1.000000 -1.000000
-1.000000 -1.000000
292.321899 225.776917
477.900085 321.697479
-1.000000 -1.000000
963.326233 330.359772
-1.000000 -1.000000
808.436829 474.934937
866.778015 678.354065
212.485657 274.048462
685.937683 174.207596
818.886597 678.938599
903.109924 415.590179
-1.000000 -1.000000
753.737793 473.010376
-1.000000 -1.000000
604.264099 536.073120
890.370117 207.491745
761.778564 287.043976
794.283691 515.006897
630.261230 141.922623
790.684448 546.582825
-1.000000 -1.000000
497.610046 527.526917
866.286926 416.169891
588.463013 238.290192
-1.000000 -1.000000
209.025681 264.252319
-1.000000 -1.000000
-1.000000 -1.000000
848.030884 668.771057
324.087372 615.496582
482.755707 637.727539
-1.000000 -1.000000
727.699219 616.174438
908.710999 559.250732
715.481079 636.308533
922.110596 346.523010
73.064400 598.320496
-1.000000 -1.000000
-1.000000 -1.000000
357.438934 195.371231
575.577148 524.625427
-1.000000 -1.000000
-1.000000 -1.000000
87.857056 596.577515
935.134094 447.210480
1187.232666 581.979065
697.142761 149.765808
999.638916 335.822845
474.031433 227.240555
-1.000000 -1.000000
481.814209 537.135132
349.180939 611.331543
406.950500 165.879715
849.115540 158.664230
-1.000000 -1.000000
756.358765 631.151794
982.378479 340.062988
624.996033 532.134583
296.259308 622.580444
561.728943 525.211609
-1.000000 -1.000000
802.525330 424.598541
692.062805 161.667587
-1.000000 -1.000000
878.345581 163.483154
88.652084 611.365051
-1.000000 -1.000000
978.173950 310.914490
-1.000000 -1.000000
-1.000000 -1.000000
668.648804 225.300507
756.952209 249.097107
-1.000000 -1.000000
-1.000000 -1.000000
-1.000000 -1.000000
-1.000000 -1.000000
-1.000000 -1.000000
-1.000000 -1.000000
726.953735 472.071228
812.983215 678.242371
752.858093 463.130920
-1.000000 -1.000000
599.757446 181.285782
681.686035 206.275558
-1.000000 -1.000000
-1.000000 -1.000000
913.875427 588.107117
774.518555 405.826904
-1.000000 -1.000000
958.747620 151.145081
832.494507 653.147034
822.870667 232.513718
-1.000000 -1.000000
736.165161 659.584167
812.507935 493.331543
762.850281 262.036499
925.806702 361.055695
-1.000000 -1.000000
746.697571 208.668472
1200.642456 580.031067
-1.000000 -1.000000
-1.000000 -1.000000
-1.000000 -1.000000
-1.000000 -1.000000
449.696472 223.157623
-1.000000 -1.000000
70.571785 613.198975
921.859070 449.031860
470.011353 670.959290
-1.000000 -1.000000
752.514954 447.775574
699.595337 492.866455
1017.681702 382.571716
-1.000000 -1.000000
274.976624 227.087952
967.980835 164.989868
631.526550 675.878967
-1.000000 -1.000000
612.952209 194.331787
392.098480 604.850586
992.099548 400.401245
1169.901123 582.899658
-1.000000 -1.000000
770.918152 632.818298
-1.000000 -1.000000
291.917786 236.595016
757.297302 654.345886
807.044983 459.958496
-1.000000 -1.000000
-1.000000 -1.000000
-1.000000 -1.000000
-1.000000 -1.000000
-1.000000 -1.000000
-1.000000 -1.000000
-1.000000 -1.000000
360.712494 256.828918
685.090210 189.892654
289.172516 603.629089
1019.334167 348.590302
58.781483 598.841736
-1.000000 -1.000000
643.980713 541.693726
-1.000000 -1.000000
555.581055 196.255508
478.301025 432.503845
834.523804 427.696411
372.305481 605.028320
847.660339 652.426331
-1.000000 -1.000000
271.730713 227.963028
463.081238 430.777985
445.292419 162.311935
741.686523 473.148346
880.174072 235.547852
639.285278 654.516418
965.309875 314.747009
573.734802 196.875381
915.872925 400.324310
953.536560 165.043091
994.956726 74.729698
-1.000000 -1.000000
804.829834 540.071777
413.585907 590.153931
344.869659 253.078751
-1.000000 -1.000000
-1.000000 -1.000000
681.122192 481.125488
1180.063477 546.962646
-1.000000 -1.000000
-1.000000 -1.000000
611.813904 275.573517
-1.000000 -1.000000
791.562561 561.728333
-1.000000 -1.000000
876.034912 150.072403
-1.000000 -1.000000
-1.000000 -1.000000
835.485901 517.263000
-1.000000 -1.000000
-1.000000 -1.000000
-1.000000 -1.000000
-1.000000 -1.000000
721.083801 664.231506
614.963318 151.656357
1162.430664 548.595276
748.303345 317.786926
-1.000000 -1.000000
-1.000000 -1.000000
631.258484 506.670013
971.968628 178.458481
-1.000000 -1.000000
-1.000000 -1.000000
476.894745 250.234680
836.869507 163.313370
944.845764 152.452194
1001.236572 100.366432
814.480286 377.897369
949.682495 446.753937
646.791931 673.340393
889.343018 514.116089
853.531555 248.601959
1183.778809 561.454285
-1.000000 -1.000000
-1.000000 -1.000000
1008.436646 75.410629
771.244446 646.102661
1165.960571 562.669128
-1.000000 -1.000000
-1.000000 -1.000000
-1.000000 -1.000000
605.515137 519.684326
904.722290 261.818512
756.203186 478.461121
-1.000000 -1.000000
742.015747 179.416367
-1.000000 -1.000000
878.429260 391.628815
863.338074 672.726746
-1.000000 -1.000000
-1.000000 -1.000000
849.119568 402.968079
759.875671 344.920807
-1.000000 -1.000000
-1.000000 -1.000000
917.044739 263.037903
-1.000000 -1.000000
551.930237 193.361023
783.566589 613.370789
685.676819 228.761703
-1.000000 -1.000000
407.103058 264.086609
416.872742 114.576370
-1.000000 -1.000000
-1.000000 -1.000000
293.447205 250.868881
549.447815 240.630463
-1.000000 -1.000000
-1.000000 -1.000000
974.002930 148.545425
863.533752 397.021606
644.400024 524.969788
-1.000000 -1.000000
744.280090 237.654282
882.081604 678.514099
714.604004 159.902512
-1.000000 -1.000000
595.291138 612.588501
748.612305 331.905548
678.087036 135.733871
1192.451782 543.228699
-1.000000 -1.000000
529.784668 522.647400
-1.000000 -1.000000
-1.000000 -1.000000
1195.942261 603.937378
956.822937 179.271347
-1.000000 -1.000000
1014.367188 97.788147
-1.000000 -1.000000
764.460083 185.454544
752.770508 264.546112
-1.000000 -1.000000
393.583466 265.295837
-1.000000 -1.000000
-1.000000 -1.000000
764.736267 276.321167
902.893860 434.624451
1181.760376 607.321289
1004.858765 401.279785
-1.000000 -1.000000
508.605347 109.639854
772.824646 241.828232
-1.000000 -1.000000
1009.808777 323.724640
918.622314 275.948822
949.502869 126.513840
-1.000000 -1.000000
547.400024 273.035461
492.447510 204.548065
365.583099 160.419785
-1.000000 -1.000000
275.263123 237.089432
-1.000000 -1.000000
-1.000000 -1.000000
767.347717 434.496307
818.127563 651.544312
-1.000000 -1.000000
502.632843 618.895996
713.002625 147.644638
-1.000000 -1.000000
758.611572 215.822876
980.858704 163.825363
-1.000000 -1.000000
-1.000000 -1.000000
-1.000000 -1.000000
-1.000000 -1.000000
706.453918 182.986542
736.493347 211.163132
643.390076 499.666229
1186.354492 498.841339
-1.000000 -1.000000
-1.000000 -1.000000
745.275574 251.502914
-1.000000 -1.000000
1154.832031 582.685242
554.370361 194.627716
862.552734 657.499817
1001.642944 416.370941
742.660767 195.381653
838.594482 249.229553
1196.987061 559.640442
-1.000000 -1.000000
705.760010 509.686127
771.137329 109.879700
661.564087 668.799011
943.683350 668.174438
-1.000000 -1.000000
690.347778 678.361694
-1.000000 -1.000000
330.663300 238.565231
-1.000000 -1.000000
774.562561 228.412262
-1.000000 -1.000000
706.405273 673.262756
258.477417 582.915039
481.564911 447.755310
895.172485 231.039398
823.612427 584.775757
825.605347 602.791748
-1.000000 -1.000000
772.066406 210.801895
-1.000000 -1.000000
823.968384 280.673279
466.436279 447.376160
393.000275 588.779663
911.977356 669.390259
775.325867 171.016922
1086.859009 564.351685
749.058594 192.179428
521.749329 299.051666
-1.000000 -1.000000
1022.978027 74.971497
-1.000000 -1.000000
591.373718 523.203674
980.673645 74.447304
799.812805 606.750916
784.525452 225.776459
695.401978 139.947937
1027.686768 367.316162
-1.000000 -1.000000
453.802185 179.061127
-1.000000 -1.000000
829.562866 617.374023
-1.000000 -1.000000
906.613647 278.434601
-1.000000 -1.000000
784.226929 421.544250
984.729797 497.625885
180.838242 542.079590
448.050079 430.842896
891.517151 262.337372
-1.000000 -1.000000
-1.000000 -1.000000
-1.000000 -1.000000
985.062988 177.471176
821.717896 407.041199
-1.000000 -1.000000
523.852051 231.786819
40.860474 585.058594
-1.000000 -1.000000
-1.000000 -1.000000
778.902771 188.744659
593.017090 215.959122
843.230652 273.532013
-1.000000 -1.000000
-1.000000 -1.000000
1147.094849 549.242371
834.041504 406.375366
-1.000000 -1.000000
897.728516 393.146973
-1.000000 -1.000000
965.022583 132.656296
-1.000000 -1.000000
