-1.000000 -1.000000
-1.000000 -1.000000
-1.000000 -1.000000
-1.000000 -1.000000
-1.000000 -1.000000
-1.000000 -1.000000
-1.000000 -1.000000
-1.000000 -1.000000
104.828743 574.933044
89.824150 571.157166
-1.000000 -1.000000
-1.000000 -1.000000
107.984665 590.231750
-1.000000 -1.000000
105.678284 559.675964
-1.000000 -1.000000
-1.000000 -1.000000
-1.000000 -1.000000
-1.000000 -1.000000
93.123032 595.632202
90.590691 556.065613
151.756760 571.020630
166.731384 568.770508
-1.000000 -1.000000
-1.000000 -1.000000
-1.000000 -1.000000
-1.000000 -1.000000
-1.000000 -1.000000
75.472710 556.870972
81.278976 623.024292
108.246788 605.307129
151.540176 555.780579
-1.000000 -1.000000
-1.000000 -1.000000
74.750221 572.009399
166.474777 553.539246
52.611286 647.518921
70.510628 647.692688
424.181519 140.148712
51.677662 631.976501
78.192299 606.976074
105.363075 544.698486
149.657700 586.366089
-1.000000 -1.000000
106.203026 644.682312
-1.000000 -1.000000
119.914154 574.723877
103.870918 627.346008
-1.000000 -1.000000
166.778732 584.120300
85.722694 646.819397
-1.000000 -1.000000
151.339951 540.782532
-1.000000 -1.000000
-1.000000 -1.000000
-1.000000 -1.000000
-1.000000 -1.000000
409.641174 145.213486
77.994995 587.578674
-1.000000 -1.000000
425.075500 158.264816
166.225525 538.534058
-1.000000 -1.000000
-1.000000 -1.000000
181.784424 570.660156
-1.000000 -1.000000
90.267731 541.015808
489.533508 74.030182
-1.000000 -1.000000
-1.000000 -1.000000
62.618336 614.911377
-1.000000 -1.000000
74.977051 541.709839
77.886391 666.254883
136.503815 571.233704
553.527771 571.380554
-1.000000 -1.000000
438.076874 142.899551
547.253113 581.887512
406.544769 130.581909
102.092201 663.022705
-1.000000 -1.000000
538.955444 578.091614
460.691925 560.582031
444.906372 561.481323
120.928040 559.398376
561.814636 580.203430
569.375916 564.540527
466.240723 572.744812
504.268372 69.223701
734.931763 471.553253
427.738342 181.524475
431.810944 566.953613
156.423538 516.476196
-1.000000 -1.000000
151.721207 601.447815
404.871185 182.595490
-1.000000 -1.000000
515.614136 513.368103
136.465561 556.023804
474.713898 80.659119
577.184387 580.933777
395.480499 145.972290
-1.000000 -1.000000
181.950684 585.593872
488.353058 237.031158
-1.000000 -1.000000
-1.000000 -1.000000
450.031250 573.137756
121.829094 649.721924
490.283661 89.431473
51.246239 670.344727
736.336731 486.722260
148.253738 499.185120
118.015686 674.701477
466.826721 585.783813
420.996552 125.515594
440.634796 163.278778
-1.000000 -1.000000
167.095078 599.088501
181.500610 555.093811
-1.000000 -1.000000
141.242096 515.567932
500.253540 513.032471
40.620502 453.917053
548.752136 596.475281
410.564087 162.741379
495.147064 222.720444
450.378510 586.225586
861.253723 543.502808
489.716583 59.939648
473.393372 235.983688
176.764954 521.076355
117.468605 620.419983
546.302856 537.037964
389.957428 177.320297
505.211517 84.585243
392.186981 131.900360
-1.000000 -1.000000
556.297424 559.459534
862.194885 558.352417
532.748779 586.611877
-1.000000 -1.000000
123.059174 589.928406
858.890503 528.888977
136.339294 541.025391
151.225174 484.158813
563.683777 598.523010
514.816956 528.255798
458.564850 233.687363
-1.000000 -1.000000
750.231873 471.510254
484.772339 514.235413
490.184692 253.684280
519.211853 69.621185
432.234009 551.752563
867.029175 169.555786
-1.000000 -1.000000
515.720947 499.389191
445.994019 548.415100
460.886200 548.185730
578.815979 601.364502
585.561340 557.959167
480.421143 221.605545
531.180908 522.609802
562.742920 538.234009
575.975037 651.652771
-1.000000 -1.000000
435.030609 595.309570
181.210892 539.911316
547.622253 522.327698
132.462692 628.279236
163.344101 498.897491
549.596802 548.292358
434.625549 580.102356
475.759521 95.219719
570.885071 552.992310
752.046448 486.457245
-1.000000 -1.000000
515.138855 211.809280
442.559204 178.875275
474.601501 66.730873
545.161682 613.952026
889.368103 164.029785
515.428589 225.736664
-1.000000 -1.000000
136.607498 644.059570
132.983292 500.225464
872.854614 528.877747
475.140198 560.732239
135.860794 484.221588
983.018799 355.831421
846.325195 544.272339
875.438293 543.334778
865.388123 573.477600
852.230286 168.936386
63.216423 589.829346
540.765625 566.058777
154.342590 616.451233
565.345276 572.699158
534.904724 206.725067
135.433807 604.811829
531.247070 507.912384
974.132385 377.134949
475.139618 253.695251
500.329803 497.253601
968.884521 355.882477
182.520706 600.487061
677.540161 154.213364
847.132874 559.314636
166.336212 483.701447
866.188110 154.796738
402.365204 197.520798
504.720154 56.645687
580.540649 569.311646
450.531433 599.281189
-1.000000 -1.000000
868.850525 184.093842
501.056580 207.887390
531.693481 193.934891
502.653839 238.863617
534.510132 221.479767
887.722534 149.665771
-1.000000 -1.000000
843.880432 529.466797
438.054077 126.224846
420.217041 196.485764
519.066772 197.110931
851.740295 154.149048
734.418701 502.574310
120.991615 544.387634
679.106934 138.346436
482.252258 574.765564
-1.000000 -1.000000
435.015076 196.639557
153.123810 469.093292
-1.000000 -1.000000
485.552429 50.008694
889.999939 178.686020
876.660828 558.131104
-1.000000 -1.000000
520.144592 84.763954
588.337280 522.829956
850.198730 574.154419
498.392151 529.655212
170.006592 620.249634
852.951477 183.681137
-1.000000 -1.000000
889.387939 530.169861
435.076080 613.404541
154.677414 632.528625
997.623413 354.327148
517.618164 240.006851
988.117920 370.712860
683.137329 123.010933
891.880554 40.853947
465.437500 219.177292
546.306458 507.207245
519.914490 57.659111
531.423279 493.154663
405.354340 116.301643
120.559242 479.220245
-1.000000 -1.000000
751.413391 501.755524
953.870850 351.843506
161.572250 674.767822
889.929504 544.231750
137.652451 469.212677
564.263428 521.428162
-1.000000 -1.000000
591.894836 541.682617
856.116577 514.515015
1004.967590 339.180298
-1.000000 -1.000000
-1.000000 -1.000000
870.586182 514.548645
865.856567 140.183029
482.676941 587.175110
831.534973 544.753784
1012.133362 354.427643
958.768433 379.874542
-1.000000 -1.000000
391.344177 117.720589
580.179138 539.722351
-1.000000 -1.000000
185.585632 615.415344
-1.000000 -1.000000
-1.000000 -1.000000
474.321625 548.603149
906.647278 40.413349
505.954742 193.175308
-1.000000 -1.000000
589.992371 659.896729
-1.000000 -1.000000
505.804443 256.564972
522.705383 600.450562
469.650604 58.617935
505.333740 99.696213
481.336395 529.072083
133.037521 665.630432
982.888977 340.829407
851.522400 139.594101
-1.000000 -1.000000
-1.000000 -1.000000
548.984497 213.227402
451.719757 146.364746
-1.000000 -1.000000
764.348145 469.833923
126.129295 515.836975
-1.000000 -1.000000
59.418884 573.421631
-1.000000 -1.000000
500.641052 45.668541
719.945557 466.966064
674.507202 170.908249
176.860413 668.047852
881.816284 135.339294
-1.000000 -1.000000
880.136047 573.229736
528.465210 543.046326
-1.000000 -1.000000
832.228821 559.774048
693.454102 154.469604
152.356323 656.500488
766.373352 484.005798
117.751457 494.168701
694.438599 138.633087
1013.787598 678.553284
668.076660 123.361412
777.874329 451.241760
904.037354 161.110016
485.963593 206.798309
-1.000000 -1.000000
-1.000000 -1.000000
107.553802 529.524658
450.891754 616.218628
469.782501 598.036926
811.666443 341.490753
798.697937 362.184998
608.863037 548.222839
1019.258606 335.799194
420.167908 617.911316
902.403748 146.502960
851.279541 499.867279
877.517761 198.832184
698.205322 678.234009
170.316360 636.296326
-1.000000 -1.000000
1112.389526 40.140903
968.825012 341.342010
719.745728 487.512390
516.448547 48.469910
530.329529 617.916748
779.952332 464.171295
828.952820 530.086182
1026.105957 678.549561
-1.000000 -1.000000
663.670471 139.239548
-1.000000 -1.000000
-1.000000 -1.000000
841.186218 514.777893
505.635864 560.959717
797.115967 346.730347
1003.051758 369.222168
59.925781 558.245300
685.836243 107.483475
-1.000000 -1.000000
-1.000000 -1.000000
816.463196 375.294342
-1.000000 -1.000000
673.074646 556.169556
893.279236 558.873047
533.134827 72.192970
603.114014 522.118591
168.340652 468.475433
891.379517 193.064316
-1.000000 -1.000000
778.020874 476.077423
444.281586 236.569366
776.453064 436.400696
-1.000000 -1.000000
469.259827 510.797241
-1.000000 -1.000000
545.820618 492.431366
-1.000000 -1.000000
767.829773 678.670654
-1.000000 -1.000000
885.192200 514.448975
996.937073 677.939575
516.009460 485.554474
-1.000000 -1.000000
690.687134 561.567505
767.501831 498.133484
-1.000000 -1.000000
626.532715 548.354675
520.438721 99.397316
835.217285 574.531860
-1.000000 -1.000000
562.291504 678.837036
904.512207 175.426300
547.631775 198.918442
512.943542 544.597473
-1.000000 -1.000000
-1.000000 -1.000000
536.931274 678.674255
796.726929 332.010040
491.944672 192.386032
520.389709 577.687866
-1.000000 -1.000000
583.914856 678.623779
387.326843 191.932007
862.447754 199.132172
380.730133 150.113358
-1.000000 -1.000000
-1.000000 -1.000000
578.222412 506.342285
451.027985 218.706436
812.856445 357.037476
562.305664 213.039780
-1.000000 -1.000000
-1.000000 -1.000000
-1.000000 -1.000000
1026.549561 351.410095
-1.000000 -1.000000
490.269440 104.736824
661.983582 154.914841
671.717834 107.511726
781.885986 489.548950
520.931213 255.400421
300.202118 641.219299
811.437561 327.456970
666.054443 678.688660
178.517990 497.884338
660.251953 560.874512
705.613770 567.345886
460.322205 253.453903
-1.000000 -1.000000
954.574768 337.799866
534.542480 178.216568
-1.000000 -1.000000
870.153992 499.604126
-1.000000 -1.000000
489.389679 662.897644
636.202332 127.189743
1092.591553 678.511475
967.751648 395.159119
550.338989 229.045578
699.116638 124.464500
-1.000000 -1.000000
-1.000000 -1.000000
-1.000000 -1.000000
753.621460 678.605469
-1.000000 -1.000000
625.599060 519.211548
257.294861 597.319519
592.337036 576.808289
-1.000000 -1.000000
562.317749 503.048737
837.396179 160.405655
-1.000000 -1.000000
418.044983 111.869888
-1.000000 -1.000000
850.183289 485.074097
778.367981 281.847626
794.526550 447.916046
342.377747 637.967346
286.155884 647.675964
712.794495 678.402222
1017.125183 369.367035
271.318665 652.371460
771.660828 516.216125
-1.000000 -1.000000
533.370972 91.417068
978.648315 678.156494
398.028351 107.004997
530.987488 237.411331
949.180481 404.443604
800.696106 375.035278
793.025146 432.842682
776.226624 421.800812
520.583374 183.157898
657.973816 184.968613
837.665833 175.136032
-1.000000 -1.000000
682.823120 678.370605
240.566330 214.386261
268.152588 572.596008
689.730164 170.870285
702.984375 108.423721
622.092468 130.476685
-1.000000 -1.000000
510.048584 179.858002
-1.000000 -1.000000
-1.000000 -1.000000
918.817688 159.798019
193.099960 664.390198
431.782471 536.138977
326.818604 641.783691
717.202454 503.373596
703.434082 460.146667
826.509338 330.682404
-1.000000 -1.000000
607.563965 137.788177
526.004272 579.211121
381.348419 618.219666
-1.000000 -1.000000
1061.550049 678.562073
896.318848 132.630768
475.690826 672.288696
755.208069 524.636169
837.293030 146.372864
358.082153 636.193359
-1.000000 -1.000000
822.078918 631.594238
778.476868 267.543701
989.061890 386.577576
783.405823 359.662354
449.660187 193.991440
415.893463 560.277771
782.521545 331.358002
195.364395 678.642029
721.998657 581.887451
456.934113 533.706726
-1.000000 -1.000000
945.668091 385.072357
787.992432 315.955353
595.253967 563.253601
887.062561 499.100677
484.786255 551.217407
824.737183 647.110901
440.508209 656.247253
443.235352 533.466736
59.202068 543.047852
288.442627 569.824402
370.495117 173.999863
-1.000000 -1.000000
777.985840 296.832642
-1.000000 -1.000000
172.700119 651.797791
796.903931 462.777344
636.730591 143.088974
924.995605 400.151978
500.009155 166.368393
619.654602 657.711792
181.159393 482.078613
-1.000000 -1.000000
426.649017 659.646118
668.347839 512.967896
72.713387 465.130066
1000.538818 310.571320
423.423401 619.764282
825.197144 390.861359
-1.000000 -1.000000
513.716187 660.395874
-1.000000 -1.000000
483.168182 158.359558
348.063202 171.958847
688.293579 510.626923
643.743896 566.663330
442.436035 677.923035
635.815735 191.475952
238.791245 201.256775
826.109375 515.161133
-1.000000 -1.000000
210.542130 672.904419
533.788940 60.548248
559.699524 198.727798
87.687515 463.859711
255.056747 638.135559
836.503418 500.290680
-1.000000 -1.000000
-1.000000 -1.000000
889.451050 384.526093
197.743195 585.299744
615.638794 588.362000
528.189819 566.150696
374.863953 188.487549
523.215820 171.788727
979.273926 327.979858
386.322449 104.701279
405.351898 631.428101
-1.000000 -1.000000
945.266113 367.269928
424.708344 638.222839
209.062897 657.507568
575.634644 211.727020
904.662476 540.814514
792.383484 417.803711
895.073975 118.460419
875.051025 482.628082
704.742676 510.252258
501.647614 588.682312
892.849365 207.723251
646.805481 127.884674
58.136097 465.386780
483.927002 624.721375
-1.000000 -1.000000
471.343445 49.376019
592.034668 147.197006
895.494995 574.030029
409.953766 102.277412
121.635956 464.321442
476.584259 191.829468
657.516052 515.857849
272.715820 552.034912
857.577576 389.595245
1014.707092 305.290131
774.164368 188.111862
839.102722 650.734009
905.679626 189.568970
384.873535 110.191055
917.162842 144.317017
610.785095 678.261658
675.562134 188.072830
-1.000000 -1.000000
-1.000000 -1.000000
-1.000000 -1.000000
303.313354 170.085785
490.177734 271.309113
361.002991 664.903564
982.049133 313.960541
-1.000000 -1.000000
811.238037 440.244598
855.579163 649.228088
224.731033 216.539642
710.629822 140.276688
806.588501 649.880127
910.484497 391.243286
189.119553 643.219238
762.262512 452.576294
-1.000000 -1.000000
603.811951 505.336853
919.254272 174.393158
779.443970 253.301422
795.912903 482.895081
657.143372 108.593079
789.066711 510.873016
400.170380 98.226379
500.471008 483.910614
874.410706 385.622894
618.445618 195.394043
-1.000000 -1.000000
221.818909 204.877182
-1.000000 -1.000000
347.380096 184.360779
836.303955 629.286011
322.678680 566.248230
483.819366 601.109131
-1.000000 -1.000000
720.275208 565.764099
904.008118 527.624329
706.788940 583.293762
939.416016 329.137848
73.152878 480.070923
625.865662 672.367737
-1.000000 -1.000000
376.421936 135.758377
576.687134 490.337646
343.391663 678.976013
-1.000000 -1.000000
87.738449 478.813477
941.667664 423.610046
1181.098022 584.895386
719.918335 111.510605
1016.702515 321.317383
485.810791 172.209167
-1.000000 -1.000000
485.696564 495.219910
346.813507 564.394714
430.771820 113.936768
880.875793 122.524963
-1.000000 -1.000000
748.409424 582.065308
1000.413330 324.989227
624.963501 503.925049
299.168549 569.087219
562.005249 488.617401
-1.000000 -1.000000
810.126465 390.904358
715.983765 125.950279
-1.000000 -1.000000
910.468872 130.017273
88.052902 493.734406
-1.000000 -1.000000
999.345703 295.771912
-1.000000 -1.000000
-1.000000 -1.000000
690.410950 186.836319
775.625610 205.386200
-1.000000 -1.000000
328.943298 678.388367
-1.000000 -1.000000
222.198196 191.296097
-1.000000 -1.000000
196.938644 570.046997
734.261658 457.557281
799.497681 635.308777
761.076965 437.604187
-1.000000 -1.000000
623.831177 145.416580
704.974121 171.062576
345.977112 667.027832
-1.000000 -1.000000
908.239319 556.821960
783.881592 371.841705
-1.000000 -1.000000
994.727173 126.706078
822.082642 613.345276
847.659363 198.332870
-1.000000 -1.000000
725.713806 608.913269
813.774353 457.792358
782.214844 220.132263
941.060608 344.116150
-1.000000 -1.000000
767.130798 165.422668
1195.490356 584.439087
653.483276 661.359558
-1.000000 -1.000000
-1.000000 -1.000000
-1.000000 -1.000000
463.072388 168.608643
196.933640 554.731018
69.990158 495.055878
927.388123 425.257965
470.121521 627.722656
-1.000000 -1.000000
760.923035 422.622803
703.000549 476.222717
1032.116455 366.548889
-1.000000 -1.000000
288.428497 170.679611
1003.012451 141.688324
621.858826 611.531616
-1.000000 -1.000000
638.467896 158.503082
391.666870 559.541565
1004.378296 384.056122
1163.549927 583.835938
244.234512 187.646088
763.570312 585.549683
186.091644 466.233002
302.239105 181.523651
747.750854 605.726440
810.736389 424.840912
-1.000000 -1.000000
326.936401 171.565170
225.924316 677.967957
255.722580 663.319397
-1.000000 -1.000000
427.571503 678.763550
620.284363 639.473694
374.834808 203.327942
709.471497 155.716309
290.372864 551.865540
1034.376587 335.153442
58.315742 480.366974
-1.000000 -1.000000
642.658325 516.041138
-1.000000 -1.000000
577.906738 153.766022
486.915344 392.373260
842.823364 394.607788
373.150604 560.031921
836.706848 612.958130
656.343872 644.642822
280.074951 171.386765
471.834625 391.282532
478.685089 108.426674
749.118164 458.352844
907.258911 203.873657
631.001770 590.394836
985.219055 298.461975
597.134216 157.718994
925.053772 381.961090
988.508545 141.163498
1039.289795 52.530815
-1.000000 -1.000000
801.426575 501.670013
415.978088 544.397827
343.639343 198.911011
-1.000000 -1.000000
-1.000000 -1.000000
688.868347 462.515106
1177.656250 549.515076
-1.000000 -1.000000
232.159454 678.781860
630.205383 231.566406
192.454788 517.968384
787.362549 520.321655
200.474991 600.383240
909.593750 115.662735
722.996033 656.296570
-1.000000 -1.000000
835.730652 485.392181
-1.000000 -1.000000
-1.000000 -1.000000
240.233536 651.965332
225.392395 663.552673
710.696472 611.411255
642.000916 114.614250
1159.425171 548.574890
763.961792 282.624359
249.218613 621.011963
195.118164 494.797058
634.648865 480.216888
1005.018738 155.738556
389.941467 661.159729
-1.000000 -1.000000
437.858459 211.588669
867.226501 127.548439
980.361267 127.359909
1043.331787 78.829292
825.998596 344.563263
956.842468 423.102661
637.000244 610.302612
889.226746 484.116760
878.158997 214.683167
1179.840454 564.491699
-1.000000 -1.000000
188.727432 450.355286
1053.424194 52.644051
762.815552 599.684387
1161.496460 563.484802
-1.000000 -1.000000
-1.000000 -1.000000
-1.000000 -1.000000
607.781250 488.745056
927.993530 234.483871
764.729614 460.273804
-1.000000 -1.000000
766.677063 132.282578
634.862366 655.765747
888.852478 368.378021
851.637939 636.424866
-1.000000 -1.000000
556.717041 163.277649
858.849976 372.948639
773.410950 311.812012
635.233948 638.119324
-1.000000 -1.000000
941.308838 236.701935
200.318390 479.802399
572.457825 147.317062
776.404236 567.435486
705.512817 186.617844
-1.000000 -1.000000
424.325806 211.704330
443.212341 62.311970
275.322021 669.487305
-1.000000 -1.000000
304.374481 196.083786
573.099609 196.679733
122.665703 395.932739
-1.000000 -1.000000
1011.086304 125.729256
873.785034 369.261963
645.942200 500.022552
679.826721 636.608032
762.188477 193.351700
869.876465 648.233521
737.427490 120.805351
330.457428 663.857910
593.708130 571.142761
763.255005 297.024689
703.214844 99.621109
1191.383789 547.266479
738.313110 657.530640
531.294922 479.172302
-1.000000 -1.000000
791.654236 650.553650
1186.849121 607.026855
990.323303 155.941803
482.442719 373.321777
1057.015869 76.470779
405.206573 648.748413
790.682617 138.618744
769.881592 221.158188
467.483673 373.318817
410.332062 212.702560
-1.000000 -1.000000
-1.000000 -1.000000
784.266296 239.501694
909.638306 408.581970
1172.681519 608.754944
1018.018433 384.543060
260.846375 678.033081
534.294495 55.110897
796.986511 198.156296
-1.000000 -1.000000
1029.903198 310.133545
941.554565 250.790375
987.246948 100.231651
159.502548 453.921204
565.946960 228.844513
509.910767 127.238411
387.260620 98.543205
216.245316 181.523697
288.167694 181.286880
197.138779 538.831482
215.028656 641.550964
776.136963 407.355713
806.300720 610.679260
-1.000000 -1.000000
514.679626 586.614563
735.355164 107.789787
42.667862 575.972961
780.737488 170.384720
1016.720520 141.034714
219.676407 581.320374
-1.000000 -1.000000
138.945206 454.229828
201.486298 227.959396
729.158020 145.165436
756.269104 167.099548
648.657593 475.410675
1189.485718 504.188049
183.411362 410.459259
1038.884766 40.001080
762.839905 207.408249
492.931061 130.254486
1148.428345 583.133301
576.233154 151.194427
851.758240 621.557617
1010.403809 399.643890
763.876160 151.215317
862.640076 214.967896
1193.866089 563.822327
211.481781 613.698792
702.764648 494.730042
804.934021 60.347637
651.810913 607.219116
929.648621 637.640625
714.463928 626.750183
680.104614 621.558533
668.779663 659.639832
328.164825 184.429367
-1.000000 -1.000000
797.295654 184.036224
409.896423 83.644585
695.958557 617.060059
259.759460 531.038330
490.208649 409.414581
922.185852 200.196732
817.726318 548.130920
818.440308 563.751526
658.895264 628.825134
795.694031 165.967804
92.482445 525.639404
845.317810 245.730530
475.204681 409.452881
392.478394 543.935730
898.476501 638.543152
803.396118 123.848083
1082.773193 555.200928
773.530701 145.511551
535.038635 252.856689
56.556061 451.830139
1067.821289 52.169079
240.880508 668.474854
592.641113 490.842072
1024.960083 51.382156
791.935669 561.898438
810.804321 183.805099
719.357544 101.756554
1041.999878 351.561310
113.600197 382.107117
479.124817 126.235916
332.719818 166.286514
821.268738 577.506226
103.422203 459.414764
928.284729 252.628525
-1.000000 -1.000000
792.811401 388.439209
986.370544 478.599396
180.885468 432.036987
456.922485 392.205750
914.262390 233.875137
220.752914 595.413696
-1.000000 -1.000000
313.952576 678.224426
1018.966858 155.428391
830.457092 374.963409
697.675842 632.081299
546.527649 185.366440
43.903988 465.650940
168.374222 408.976562
72.138657 451.655701
805.214111 142.517181
619.598083 177.307846
864.818787 240.393082
405.816284 663.784485
559.006836 157.944916
1143.913452 548.257385
843.837646 375.037628
226.150055 545.887817
907.777222 373.369415
473.228760 281.122437
1002.325256 109.273621
412.710419 678.836182
