-1.000000 -1.000000
-1.000000 -1.000000
-1.000000 -1.000000
-1.000000 -1.000000
-1.000000 -1.000000
-1.000000 -1.000000
-1.000000 -1.000000
-1.000000 -1.000000
-1.000000 -1.000000
-1.000000 -1.000000
-1.000000 -1.000000
-1.000000 -1.000000
-1.000000 -1.000000
-1.000000 -1.000000
-1.000000 -1.000000
-1.000000 -1.000000
-1.000000 -1.000000
-1.000000 -1.000000
-1.000000 -1.000000
-1.000000 -1.000000
-1.000000 -1.000000
-1.000000 -1.000000
-1.000000 -1.000000
-1.000000 -1.000000
-1.000000 -1.000000
-1.000000 -1.000000
-1.000000 -1.000000
-1.000000 -1.000000
-1.000000 -1.000000
-1.000000 -1.000000
-1.000000 -1.000000
-1.000000 -1.000000
-1.000000 -1.000000
-1.000000 -1.000000
-1.000000 -1.000000
-1.000000 -1.000000
-1.000000 -1.000000
-1.000000 -1.000000
402.256317 172.224152
-1.000000 -1.000000
-1.000000 -1.000000
-1.000000 -1.000000
-1.000000 -1.000000
-1.000000 -1.000000
-1.000000 -1.000000
-1.000000 -1.000000
-1.000000 -1.000000
-1.000000 -1.000000
-1.000000 -1.000000
-1.000000 -1.000000
-1.000000 -1.000000
-1.000000 -1.000000
-1.000000 -1.000000
-1.000000 -1.000000
-1.000000 -1.000000
-1.000000 -1.000000
-1.000000 -1.000000
388.385803 178.406815
-1.000000 -1.000000
-1.000000 -1.000000
405.488983 195.488358
-1.000000 -1.000000
-1.000000 -1.000000
-1.000000 -1.000000
-1.000000 -1.000000
-1.000000 -1.000000
-1.000000 -1.000000
460.788513 87.098137
-1.000000 -1.000000
-1.000000 -1.000000
-1.000000 -1.000000
-1.000000 -1.000000
-1.000000 -1.000000
-1.000000 -1.000000
-1.000000 -1.000000
597.342224 570.313782
-1.000000 -1.000000
415.892456 175.405533
589.629272 578.435608
384.276459 164.215012
-1.000000 -1.000000
-1.000000 -1.000000
580.758728 577.755188
487.309692 593.017151
472.967621 597.407837
-1.000000 -1.000000
604.973450 579.980408
614.858276 572.717163
496.177124 600.690857
474.636719 82.387695
762.727783 445.665924
411.108551 221.968735
-1.000000 -1.000000
-1.000000 -1.000000
-1.000000 -1.000000
-1.000000 -1.000000
387.870544 223.359207
-1.000000 -1.000000
538.180725 546.818237
-1.000000 -1.000000
445.720337 98.255791
620.221802 583.772461
374.337463 180.947830
-1.000000 -1.000000
-1.000000 -1.000000
480.927948 277.462128
-1.000000 -1.000000
-1.000000 -1.000000
481.239746 603.818359
-1.000000 -1.000000
460.636078 105.033302
-1.000000 -1.000000
767.456543 459.499176
-1.000000 -1.000000
-1.000000 -1.000000
504.013489 605.801025
397.630981 157.389053
423.459534 204.071365
-1.000000 -1.000000
-1.000000 -1.000000
-1.000000 -1.000000
-1.000000 -1.000000
-1.000000 -1.000000
524.705750 548.219727
-1.000000 -1.000000
589.284851 596.816650
392.129425 202.212402
483.840820 264.653961
486.351868 610.322815
906.853821 553.353699
460.712860 73.207573
465.865295 276.482422
-1.000000 -1.000000
-1.000000 -1.000000
591.304871 547.533386
371.513672 219.123428
475.157776 99.110359
370.084167 167.627090
-1.000000 -1.000000
601.758118 563.530273
909.843872 568.078186
574.364807 588.496826
-1.000000 -1.000000
-1.000000 -1.000000
903.445740 536.433350
-1.000000 -1.000000
-1.000000 -1.000000
602.466309 600.837280
532.258789 560.480530
-1.000000 -1.000000
-1.000000 -1.000000
778.720703 444.885315
511.249146 551.626221
484.047791 293.844879
489.720825 85.094978
458.843597 590.658020
846.539795 171.319107
-1.000000 -1.000000
539.248291 533.217957
473.217102 584.470032
484.972656 581.504333
-1.000000 -1.000000
627.600220 576.264954
469.313049 263.408936
563.999695 552.329712
613.528503 554.158997
-1.000000 -1.000000
-1.000000 -1.000000
-1.000000 -1.000000
-1.000000 -1.000000
588.654663 540.906677
-1.000000 -1.000000
-1.000000 -1.000000
595.148315 555.033630
-1.000000 -1.000000
-1.000000 -1.000000
617.883057 567.149597
781.993896 459.411316
-1.000000 -1.000000
500.741913 251.840820
426.187317 219.668289
445.619232 83.254578
-1.000000 -1.000000
866.966248 164.926270
502.330536 264.458099
-1.000000 -1.000000
-1.000000 -1.000000
-1.000000 -1.000000
918.215576 536.328857
499.415009 591.649963
-1.000000 -1.000000
-1.000000 -1.000000
891.664307 555.447937
921.789795 553.016479
916.647949 584.033081
-1.000000 -1.000000
-1.000000 -1.000000
583.510864 569.831421
-1.000000 -1.000000
609.669312 575.760620
515.427429 236.396988
-1.000000 -1.000000
555.712097 540.408875
989.658142 348.893066
468.793884 294.232513
521.441345 528.933350
-1.000000 -1.000000
-1.000000 -1.000000
661.842346 150.641739
894.216125 570.549011
-1.000000 -1.000000
-1.000000 -1.000000
385.308533 238.201218
475.198853 70.767372
623.948242 577.717346
486.859039 624.809814
-1.000000 -1.000000
850.768250 185.520096
487.513245 249.600586
511.179291 228.359879
495.596039 278.828491
516.055786 251.570160
864.264648 150.426682
-1.000000 -1.000000
-1.000000 -1.000000
411.928131 157.490158
403.349213 236.639069
502.098663 235.648605
-1.000000 -1.000000
773.708069 475.412109
-1.000000 -1.000000
661.291992 132.187927
509.537781 600.434082
-1.000000 -1.000000
-1.000000 -1.000000
-1.000000 -1.000000
-1.000000 -1.000000
457.384308 66.506660
868.707886 179.063889
925.313232 567.454163
-1.000000 -1.000000
489.214050 105.344749
629.769592 536.575623
899.392151 587.404541
516.941711 564.296631
-1.000000 -1.000000
835.387207 186.115295
-1.000000 -1.000000
935.562195 537.105774
-1.000000 -1.000000
-1.000000 -1.000000
-1.000000 -1.000000
510.705139 275.000488
-1.000000 -1.000000
661.081116 115.712517
-1.000000 -1.000000
-1.000000 -1.000000
574.999329 536.266602
490.239044 73.410446
556.740173 526.876404
380.040955 152.039810
-1.000000 -1.000000
-1.000000 -1.000000
785.303406 475.403473
-1.000000 -1.000000
-1.000000 -1.000000
936.015930 552.736816
-1.000000 -1.000000
611.677979 539.507629
-1.000000 -1.000000
632.938721 567.827942
-1.000000 -1.000000
-1.000000 -1.000000
-1.000000 -1.000000
-1.000000 -1.000000
913.669128 519.863953
-1.000000 -1.000000
517.796204 604.535950
876.992004 557.099548
1026.121948 324.270508
972.594604 351.717499
-1.000000 -1.000000
367.701630 154.694351
627.684692 559.100830
-1.000000 -1.000000
-1.000000 -1.000000
-1.000000 -1.000000
-1.000000 -1.000000
495.088165 580.515930
-1.000000 -1.000000
490.861237 234.664581
-1.000000 -1.000000
-1.000000 -1.000000
-1.000000 -1.000000
504.228241 296.358551
544.505188 617.965088
438.995728 79.799919
463.455841 127.118416
497.005493 566.916443
-1.000000 -1.000000
-1.000000 -1.000000
-1.000000 -1.000000
-1.000000 -1.000000
-1.000000 -1.000000
531.438538 238.746460
430.716736 186.801804
-1.000000 -1.000000
789.064148 452.101868
-1.000000 -1.000000
-1.000000 -1.000000
-1.000000 -1.000000
-1.000000 -1.000000
472.706146 63.394814
746.726562 441.873291
664.984436 174.553207
-1.000000 -1.000000
-1.000000 -1.000000
-1.000000 -1.000000
933.291565 583.705627
551.920593 566.690369
-1.000000 -1.000000
879.259521 572.696594
681.558838 152.205841
-1.000000 -1.000000
791.773682 465.013855
-1.000000 -1.000000
680.695312 133.512405
-1.000000 -1.000000
646.763672 118.538147
801.014832 449.493164
882.058289 161.034622
472.079010 248.244232
-1.000000 -1.000000
-1.000000 -1.000000
-1.000000 -1.000000
475.712708 654.608643
510.446075 617.075256
818.510193 345.350220
818.411438 368.393890
-1.000000 -1.000000
-1.000000 -1.000000
-1.000000 -1.000000
879.268188 146.385147
-1.000000 -1.000000
860.691956 200.582535
-1.000000 -1.000000
-1.000000 -1.000000
-1.000000 -1.000000
-1.000000 -1.000000
-1.000000 -1.000000
755.391235 460.258362
487.470367 65.990509
-1.000000 -1.000000
802.375610 461.028046
-1.000000 -1.000000
-1.000000 -1.000000
-1.000000 -1.000000
645.500427 136.572403
-1.000000 -1.000000
-1.000000 -1.000000
-1.000000 -1.000000
505.786438 594.206543
813.066650 351.329407
1017.912415 339.853210
-1.000000 -1.000000
657.369019 101.473267
-1.000000 -1.000000
-1.000000 -1.000000
833.480164 381.888153
-1.000000 -1.000000
714.476746 618.956055
941.537109 566.914368
-1.000000 -1.000000
634.508484 535.763062
-1.000000 -1.000000
871.539307 193.561340
-1.000000 -1.000000
799.473755 468.571533
437.025452 276.827209
801.389221 439.880859
-1.000000 -1.000000
-1.000000 -1.000000
-1.000000 -1.000000
571.348389 524.784668
-1.000000 -1.000000
-1.000000 -1.000000
-1.000000 -1.000000
929.389832 518.062805
-1.000000 -1.000000
538.741150 518.517761
-1.000000 -1.000000
731.577759 618.388855
792.488586 479.813110
-1.000000 -1.000000
-1.000000 -1.000000
476.548157 134.002274
884.573425 591.998535
-1.000000 -1.000000
-1.000000 -1.000000
883.243591 174.719269
528.977051 224.868759
-1.000000 -1.000000
-1.000000 -1.000000
-1.000000 -1.000000
-1.000000 -1.000000
807.944946 327.151093
475.265625 233.069870
-1.000000 -1.000000
-1.000000 -1.000000
-1.000000 -1.000000
359.545044 233.055084
846.663757 202.336548
-1.000000 -1.000000
-1.000000 -1.000000
-1.000000 -1.000000
609.921448 520.368347
472.874908 242.178101
825.633545 364.539917
544.576721 237.888168
-1.000000 -1.000000
-1.000000 -1.000000
-1.000000 -1.000000
1040.341675 320.766479
-1.000000 -1.000000
429.090088 157.491089
643.959778 156.134369
641.335815 103.691582
803.565918 482.717407
521.013611 292.154999
-1.000000 -1.000000
816.677490 329.814636
-1.000000 -1.000000
-1.000000 -1.000000
698.174255 623.731262
749.680481 617.431030
454.117859 293.550354
-1.000000 -1.000000
-1.000000 -1.000000
508.405609 216.634247
-1.000000 -1.000000
910.074707 504.075104
-1.000000 -1.000000
-1.000000 -1.000000
600.102356 139.739975
-1.000000 -1.000000
986.494263 374.890015
534.724182 254.949402
683.867859 118.743675
-1.000000 -1.000000
-1.000000 -1.000000
-1.000000 -1.000000
-1.000000 -1.000000
-1.000000 -1.000000
646.021545 531.113525
-1.000000 -1.000000
-1.000000 -1.000000
-1.000000 -1.000000
593.195435 521.215759
815.168701 165.291290
-1.000000 -1.000000
390.080933 147.371704
-1.000000 -1.000000
-1.000000 -1.000000
785.561584 268.819519
821.412720 456.859161
-1.000000 -1.000000
-1.000000 -1.000000
-1.000000 -1.000000
1031.423218 339.879761
-1.000000 -1.000000
806.628113 542.874451
-1.000000 -1.000000
489.713501 135.517776
-1.000000 -1.000000
369.577728 146.064178
517.731934 266.825928
973.197815 392.759857
820.850891 382.525848
819.842102 444.415710
802.594666 432.068115
500.052521 223.154419
645.861206 198.138702
818.016357 179.601913
-1.000000 -1.000000
-1.000000 -1.000000
224.324173 265.262177
-1.000000 -1.000000
679.902588 171.373734
681.253235 100.493637
586.317322 147.769958
-1.000000 -1.000000
491.673126 220.970673
-1.000000 -1.000000
-1.000000 -1.000000
897.203308 160.151642
-1.000000 -1.000000
-1.000000 -1.000000
-1.000000 -1.000000
753.011963 479.655823
733.107483 435.099640
831.365784 333.667908
-1.000000 -1.000000
571.903442 158.837357
-1.000000 -1.000000
-1.000000 -1.000000
-1.000000 -1.000000
-1.000000 -1.000000
870.302185 132.680313
-1.000000 -1.000000
790.480347 562.803467
812.442383 151.684738
-1.000000 -1.000000
-1.000000 -1.000000
881.070007 659.493713
783.596252 256.332581
1005.702698 359.866638
805.906311 365.384308
-1.000000 -1.000000
427.604492 603.462952
795.928223 316.482300
-1.000000 -1.000000
767.482056 630.926880
480.915314 571.329895
-1.000000 -1.000000
959.117371 358.448303
799.289551 297.558075
-1.000000 -1.000000
927.834045 501.517914
499.173309 583.552490
-1.000000 -1.000000
-1.000000 -1.000000
470.017731 571.650879
-1.000000 -1.000000
-1.000000 -1.000000
342.658936 217.166504
-1.000000 -1.000000
787.729858 282.878967
-1.000000 -1.000000
-1.000000 -1.000000
825.652527 471.572144
605.881165 153.186844
-1.000000 -1.000000
477.825775 206.615753
-1.000000 -1.000000
-1.000000 -1.000000
-1.000000 -1.000000
-1.000000 -1.000000
691.367615 508.703217
-1.000000 -1.000000
1002.125732 281.018372
-1.000000 -1.000000
842.452942 397.414368
-1.000000 -1.000000
-1.000000 -1.000000
-1.000000 -1.000000
-1.000000 -1.000000
-1.000000 -1.000000
711.176636 501.141724
682.675415 638.137817
-1.000000 -1.000000
617.318298 204.710449
220.399139 255.238312
-1.000000 -1.000000
-1.000000 -1.000000
-1.000000 -1.000000
502.635559 88.668198
540.013855 223.452850
-1.000000 -1.000000
-1.000000 -1.000000
-1.000000 -1.000000
-1.000000 -1.000000
-1.000000 -1.000000
906.433228 376.988220
-1.000000 -1.000000
655.673828 665.431519
568.063660 577.600342
346.265289 230.671066
499.150696 212.700653
-1.000000 -1.000000
357.129456 150.451126
-1.000000 -1.000000
-1.000000 -1.000000
-1.000000 -1.000000
-1.000000 -1.000000
-1.000000 -1.000000
557.776550 235.491196
951.704285 548.373779
819.311890 432.986115
865.600159 119.973549
908.083313 486.496307
740.264221 493.242188
521.505859 607.749146
875.955261 208.837128
614.029297 136.664291
-1.000000 -1.000000
497.374329 661.802063
-1.000000 -1.000000
442.533264 72.558510
557.829102 170.737244
947.926025 583.091980
-1.000000 -1.000000
-1.000000 -1.000000
-1.000000 -1.000000
673.231995 519.434082
287.100098 606.142578
873.608704 393.644440
-1.000000 -1.000000
772.460938 202.802155
-1.000000 -1.000000
885.374512 188.314255
356.977936 154.308548
893.782471 144.188522
-1.000000 -1.000000
673.463196 203.142365
-1.000000 -1.000000
-1.000000 -1.000000
-1.000000 -1.000000
-1.000000 -1.000000
485.165955 313.799805
-1.000000 -1.000000
984.950562 285.705444
-1.000000 -1.000000
839.415894 451.890686
-1.000000 -1.000000
-1.000000 -1.000000
698.744690 135.685989
-1.000000 -1.000000
932.709839 383.893829
-1.000000 -1.000000
787.615845 438.493622
-1.000000 -1.000000
635.889954 513.881165
898.573547 173.976105
782.135559 247.094452
-1.000000 -1.000000
621.762512 116.525970
827.362122 527.488342
-1.000000 -1.000000
-1.000000 -1.000000
891.761047 387.887878
586.960144 217.656601
-1.000000 -1.000000
-1.000000 -1.000000
-1.000000 -1.000000
-1.000000 -1.000000
896.084106 653.793518
328.584351 618.418640
518.040588 622.993835
-1.000000 -1.000000
763.991577 612.607666
950.875488 534.111633
752.454834 636.957275
943.611816 305.227417
-1.000000 -1.000000
-1.000000 -1.000000
-1.000000 -1.000000
-1.000000 -1.000000
606.391907 505.049683
-1.000000 -1.000000
-1.000000 -1.000000
-1.000000 -1.000000
967.982971 411.856720
-1.000000 -1.000000
702.493896 105.366257
-1.000000 -1.000000
464.692444 211.829208
-1.000000 -1.000000
505.600098 525.135071
363.993866 610.953430
400.298553 149.133942
-1.000000 -1.000000
-1.000000 -1.000000
795.008545 626.688660
-1.000000 -1.000000
657.104004 506.937439
-1.000000 -1.000000
590.276550 507.868622
-1.000000 -1.000000
827.572937 399.289764
704.460388 121.914734
-1.000000 -1.000000
882.463623 128.803406
-1.000000 -1.000000
-1.000000 -1.000000
998.738586 266.368530
-1.000000 -1.000000
-1.000000 -1.000000
686.677185 196.966873
776.517578 221.043350
-1.000000 -1.000000
-1.000000 -1.000000
-1.000000 -1.000000
-1.000000 -1.000000
-1.000000 -1.000000
-1.000000 -1.000000
761.380676 431.229523
-1.000000 -1.000000
787.138062 433.486877
-1.000000 -1.000000
590.725586 160.105286
-1.000000 -1.000000
-1.000000 -1.000000
-1.000000 -1.000000
957.933350 563.911926
807.697876 375.826874
-1.000000 -1.000000
964.918030 106.549896
878.171021 637.567139
832.112061 201.835968
-1.000000 -1.000000
776.991211 656.076416
-1.000000 -1.000000
780.577454 229.563248
950.283020 317.771332
-1.000000 -1.000000
761.885010 176.396820
-1.000000 -1.000000
-1.000000 -1.000000
-1.000000 -1.000000
-1.000000 -1.000000
-1.000000 -1.000000
-1.000000 -1.000000
-1.000000 -1.000000
-1.000000 -1.000000
954.583618 414.429840
487.592407 666.376953
-1.000000 -1.000000
787.699951 429.055359
739.074585 452.652527
1047.142700 336.029114
-1.000000 -1.000000
-1.000000 -1.000000
976.174072 119.393433
-1.000000 -1.000000
-1.000000 -1.000000
614.307190 165.654236
404.789917 602.655640
1022.488647 355.491486
-1.000000 -1.000000
-1.000000 -1.000000
809.695374 626.695679
-1.000000 -1.000000
-1.000000 -1.000000
798.581421 649.525391
837.302612 438.525452
-1.000000 -1.000000
-1.000000 -1.000000
-1.000000 -1.000000
-1.000000 -1.000000
-1.000000 -1.000000
-1.000000 -1.000000
-1.000000 -1.000000
349.394714 245.016693
701.310669 156.676727
292.401093 604.677368
1047.941895 300.373383
-1.000000 -1.000000
-1.000000 -1.000000
667.863647 519.629211
-1.000000 -1.000000
545.877075 182.099472
-1.000000 -1.000000
859.148193 402.067352
385.319946 603.286865
894.609924 636.659119
-1.000000 -1.000000
-1.000000 -1.000000
-1.000000 -1.000000
425.590179 156.409119
776.961914 432.281494
889.433228 202.142670
671.435425 665.874817
985.850647 270.624817
564.733398 179.418701
944.238770 357.342163
960.248230 120.143181
-1.000000 -1.000000
-1.000000 -1.000000
842.339355 518.962036
426.489380 586.947388
341.473480 241.462341
-1.000000 -1.000000
-1.000000 -1.000000
711.190796 446.033752
-1.000000 -1.000000
-1.000000 -1.000000
-1.000000 -1.000000
634.285583 255.670364
-1.000000 -1.000000
828.203491 545.965332
-1.000000 -1.000000
878.814819 115.999588
-1.000000 -1.000000
-1.000000 -1.000000
-1.000000 -1.000000
-1.000000 -1.000000
-1.000000 -1.000000
-1.000000 -1.000000
-1.000000 -1.000000
760.192627 662.139099
604.417603 131.484055
-1.000000 -1.000000
771.415527 273.214966
-1.000000 -1.000000
-1.000000 -1.000000
660.414978 480.720642
982.053955 132.369263
-1.000000 -1.000000
-1.000000 -1.000000
478.084015 238.133530
-1.000000 -1.000000
950.122620 108.186951
1006.013367 49.737930
835.308777 349.447662
982.685913 411.088715
680.653076 678.973755
925.573364 485.996735
863.549622 218.645782
-1.000000 -1.000000
-1.000000 -1.000000
-1.000000 -1.000000
-1.000000 -1.000000
811.121765 639.425476
-1.000000 -1.000000
-1.000000 -1.000000
-1.000000 -1.000000
-1.000000 -1.000000
636.409973 497.052643
918.820679 224.967865
789.287598 444.616760
-1.000000 -1.000000
756.176819 149.862106
-1.000000 -1.000000
-1.000000 -1.000000
911.217224 654.443054
-1.000000 -1.000000
-1.000000 -1.000000
872.912598 374.020111
784.782349 295.646637
-1.000000 -1.000000
-1.000000 -1.000000
931.526672 225.630112
-1.000000 -1.000000
542.012573 179.894104
822.440430 605.234497
-1.000000 -1.000000
-1.000000 -1.000000
-1.000000 -1.000000
393.794678 115.311584
-1.000000 -1.000000
-1.000000 -1.000000
-1.000000 -1.000000
551.517700 220.891266
-1.000000 -1.000000
-1.000000 -1.000000
981.412231 102.395294
887.535461 366.121521
674.514526 497.702026
-1.000000 -1.000000
764.384888 207.348618
-1.000000 -1.000000
728.240234 121.814972
-1.000000 -1.000000
-1.000000 -1.000000
772.915833 286.671326
677.068237 92.568733
-1.000000 -1.000000
-1.000000 -1.000000
554.711060 509.120361
-1.000000 -1.000000
-1.000000 -1.000000
-1.000000 -1.000000
964.624634 134.394089
-1.000000 -1.000000
1018.366394 46.309216
-1.000000 -1.000000
767.768677 162.035553
774.465637 232.720917
-1.000000 -1.000000
-1.000000 -1.000000
-1.000000 -1.000000
-1.000000 -1.000000
782.874817 239.821320
934.288574 402.978363
-1.000000 -1.000000
1035.100342 356.304871
-1.000000 -1.000000
503.003754 85.887703
784.133362 214.242249
-1.000000 -1.000000
1033.890381 276.630157
933.938660 238.146881
953.236328 82.801865
-1.000000 -1.000000
552.559326 253.507065
483.547852 203.445953
355.437408 150.536545
-1.000000 -1.000000
-1.000000 -1.000000
-1.000000 -1.000000
-1.000000 -1.000000
803.548889 424.219635
864.994141 636.757568
-1.000000 -1.000000
523.267212 606.615234
-1.000000 -1.000000
-1.000000 -1.000000
772.259949 188.420685
990.214233 117.411720
-1.000000 -1.000000
-1.000000 -1.000000
-1.000000 -1.000000
-1.000000 -1.000000
723.449341 149.416473
753.823853 176.927032
671.616028 471.964478
-1.000000 -1.000000
-1.000000 -1.000000
-1.000000 -1.000000
767.928833 223.436966
-1.000000 -1.000000
1213.203979 523.411804
544.488403 180.650879
909.352295 638.427856
-1.000000 -1.000000
757.993347 163.899353
848.799133 219.765335
-1.000000 -1.000000
-1.000000 -1.000000
752.931763 466.611755
767.955444 86.399132
-1.000000 -1.000000
-1.000000 -1.000000
-1.000000 -1.000000
-1.000000 -1.000000
-1.000000 -1.000000
-1.000000 -1.000000
-1.000000 -1.000000
783.404663 203.465683
-1.000000 -1.000000
-1.000000 -1.000000
276.768890 583.347656
-1.000000 -1.000000
906.040222 194.504654
-1.000000 -1.000000
867.242065 584.259033
-1.000000 -1.000000
777.765503 187.120926
-1.000000 -1.000000
835.903137 253.359085
-1.000000 -1.000000
405.257874 586.222900
-1.000000 -1.000000
776.464844 148.534149
-1.000000 -1.000000
761.339539 162.790787
530.014893 281.438568
-1.000000 -1.000000
-1.000000 -1.000000
-1.000000 -1.000000
622.518494 501.964630
-1.000000 -1.000000
840.718750 597.131653
790.235962 203.602997
695.275696 94.686447
1057.161865 320.357330
-1.000000 -1.000000
435.565491 181.538834
-1.000000 -1.000000
872.552673 602.882751
-1.000000 -1.000000
921.652466 240.969589
-1.000000 -1.000000
816.503662 397.725220
-1.000000 -1.000000
-1.000000 -1.000000
461.406158 411.402802
905.252869 226.394241
-1.000000 -1.000000
-1.000000 -1.000000
-1.000000 -1.000000
995.522278 130.727509
845.738464 380.656097
-1.000000 -1.000000
523.078308 217.342621
-1.000000 -1.000000
-1.000000 -1.000000
-1.000000 -1.000000
780.916626 165.505508
588.386230 194.222198
855.806030 243.143219
-1.000000 -1.000000
-1.000000 -1.000000
-1.000000 -1.000000
857.570862 379.321503
-1.000000 -1.000000
-1.000000 -1.000000
-1.000000 -1.000000
970.947876 85.588631
-1.000000 -1.000000
