-1.000000 -1.000000
-1.000000 -1.000000
-1.000000 -1.000000
-1.000000 -1.000000
-1.000000 -1.000000
-1.000000 -1.000000
-1.000000 -1.000000
-1.000000 -1.000000
120.920059 554.699768
105.906967 550.980042
-1.000000 -1.000000
-1.000000 -1.000000
123.926476 569.620056
-1.000000 -1.000000
121.881783 539.698059
51.380890 630.735657
-1.000000 -1.000000
-1.000000 -1.000000
49.424431 665.267639
108.982742 574.860046
106.832748 535.952515
167.313309 551.105103
182.313187 548.947510
53.060490 615.406006
-1.000000 -1.000000
-1.000000 -1.000000
-1.000000 -1.000000
-1.000000 -1.000000
91.765732 536.386597
96.832428 601.562622
124.002686 584.655701
167.191589 535.997498
-1.000000 -1.000000
-1.000000 -1.000000
90.874039 551.421570
182.150269 533.810059
68.623550 625.285828
85.998810 625.024963
447.762848 158.558640
68.194191 609.980347
93.951378 586.033447
121.794510 524.700684
165.258392 566.130798
65.086075 664.204834
121.256508 622.420471
116.913994 666.878174
135.948853 554.532349
118.714859 606.172119
101.726189 665.813965
182.327438 564.011658
101.074242 623.906128
-1.000000 -1.000000
167.143631 521.001404
-1.000000 -1.000000
66.219070 678.902405
-1.000000 -1.000000
-1.000000 -1.000000
433.001892 163.095337
93.911674 566.344910
131.949371 665.779236
448.253235 175.119843
182.046341 518.809082
48.302479 652.162109
-1.000000 -1.000000
197.339371 550.826782
-1.000000 -1.000000
106.683243 520.966797
515.188538 96.095581
52.382214 600.139771
-1.000000 -1.000000
78.596069 593.784851
-1.000000 -1.000000
91.514923 521.361023
93.181412 641.579773
152.180618 551.246704
569.259949 596.419739
-1.000000 -1.000000
462.307800 161.319092
565.082214 612.045471
429.775177 148.239777
117.291077 638.933167
-1.000000 -1.000000
554.163757 601.830017
478.508972 582.070557
462.857941 582.908203
136.990417 539.480713
579.934143 612.018494
584.336609 589.359497
483.060760 595.237549
530.004395 91.589775
757.882263 504.907379
450.165741 197.107559
448.447906 587.221497
172.571854 496.877502
81.476570 666.959045
167.270538 581.182312
427.358307 198.302124
-1.000000 -1.000000
533.576294 532.334839
152.215668 536.189697
500.312042 101.301048
595.063599 613.830750
418.246460 163.535645
-1.000000 -1.000000
197.403030 565.798584
509.996185 251.685196
-1.000000 -1.000000
-1.000000 -1.000000
466.647003 596.380859
136.553192 627.252380
516.104614 111.353165
66.821068 643.678955
759.208008 519.820312
164.665482 480.091858
132.566452 650.408630
483.277283 608.879150
444.472992 143.821045
463.662262 178.952087
-1.000000 -1.000000
182.447311 579.015442
197.139313 535.424316
-1.000000 -1.000000
157.481750 495.937164
518.530945 532.241821
40.843708 435.558289
567.000732 629.252869
433.482483 179.135803
517.352234 237.139664
467.093719 609.657837
879.095642 562.914001
515.193298 81.150864
495.053192 250.704910
192.673660 501.593109
132.963882 599.718079
561.149048 556.400208
412.304688 193.698135
530.934570 106.752876
414.561829 149.004395
-1.000000 -1.000000
570.324646 582.167725
879.630371 577.747314
550.328125 614.765991
-1.000000 -1.000000
138.826019 569.435364
876.927734 548.382874
152.201218 521.189270
167.706665 465.102356
581.716858 631.473877
532.038818 547.183411
480.129486 248.745529
-1.000000 -1.000000
772.973328 504.816254
503.488220 533.975098
511.255402 268.349976
544.863831 91.639191
448.115662 571.942261
894.336426 186.336533
-1.000000 -1.000000
533.376831 517.830505
463.464478 569.020447
478.509277 568.550781
596.346130 633.608459
599.370422 582.788635
502.850098 236.059296
548.311768 541.346741
576.520691 558.234009
588.926331 655.198059
574.141357 649.167175
451.935944 617.168884
197.007797 520.323303
563.938416 540.980347
147.921936 607.547058
179.694626 479.862823
562.359558 570.538452
451.194550 601.600037
501.385010 116.325172
583.836975 575.887939
774.552368 519.399109
-1.000000 -1.000000
537.153625 226.475983
465.214325 194.258667
500.249023 86.792198
561.705933 645.510986
917.140808 180.824615
537.441406 240.851974
-1.000000 -1.000000
151.446808 622.970642
149.595551 481.096588
890.903381 548.375549
493.975586 581.761414
152.569916 465.125214
1008.772583 382.027832
864.176208 563.432983
893.320557 562.809021
882.020020 592.853821
879.426270 185.605743
79.099831 567.704468
554.786011 588.108215
169.548569 596.165771
581.669739 600.148315
558.371399 224.209930
151.607925 584.354431
548.383545 526.512207
999.209656 403.268646
496.232239 268.409454
518.239746 515.923584
994.152649 382.291443
197.647156 580.778381
703.841858 177.203949
864.626404 578.372253
182.742126 464.808350
893.896729 171.484360
424.997131 213.376251
530.048767 77.003960
596.135864 598.925354
468.521759 623.109253
-1.000000 -1.000000
895.850464 200.987885
522.768799 221.857956
554.953064 211.039474
524.488892 253.474869
557.726624 238.726639
915.759644 166.350540
-1.000000 -1.000000
861.949463 548.663879
462.349426 145.325043
442.628204 212.103699
541.265503 211.842758
879.184326 170.778534
757.738159 535.440979
137.286377 524.454224
705.593567 161.941452
500.823059 596.403076
-1.000000 -1.000000
457.294617 212.064041
169.759460 450.083221
-1.000000 -1.000000
510.041321 68.548485
917.484924 195.642578
894.159973 577.614624
147.501740 659.098083
545.832031 106.762634
602.923828 545.204163
867.042847 593.237244
515.791992 548.957336
184.845901 600.015320
879.902527 200.390869
175.918472 668.107544
907.466370 549.879761
452.393219 632.551331
169.586853 611.617126
1023.261536 379.741089
539.246643 255.269241
1013.776733 396.643402
709.964111 147.007721
921.522705 40.823372
487.881775 233.954590
563.348083 525.838806
545.075195 77.597153
548.452637 511.663757
428.166138 133.870941
137.534409 460.158417
-1.000000 -1.000000
773.659851 534.709656
979.233032 378.386444
175.911484 653.116211
908.080627 563.941040
154.599167 450.124634
579.628296 541.365601
157.917618 673.066040
606.100403 561.524353
874.411255 534.051514
1030.655151 365.336792
-1.000000 -1.000000
-1.000000 -1.000000
888.726013 534.115295
893.558167 156.761536
500.803955 609.708923
849.184326 563.525330
1037.779541 379.730652
984.333740 405.751892
-1.000000 -1.000000
413.620422 134.660339
592.371826 562.120544
1165.021362 40.542950
200.148834 595.687988
-1.000000 -1.000000
-1.000000 -1.000000
493.358917 568.494934
936.460815 40.324368
527.175293 206.893845
-1.000000 -1.000000
602.813904 662.712036
-1.000000 -1.000000
526.646301 271.141510
540.484009 631.265747
494.857422 75.376495
531.018372 121.794090
500.232056 548.775269
147.609741 643.206421
1008.625122 367.167053
878.926575 156.067413
609.840027 619.600037
-1.000000 -1.000000
573.459717 230.884537
475.912933 164.156021
1124.241455 678.687134
787.123108 502.466675
142.596405 496.147217
-1.000000 -1.000000
75.677368 552.086914
-1.000000 -1.000000
524.727112 63.670559
742.563599 500.169830
699.572693 192.759216
191.268753 647.075134
909.765869 151.747375
-1.000000 -1.000000
896.865967 592.753967
545.280029 562.471008
-1.000000 -1.000000
849.577576 578.394470
719.284729 177.213669
166.717957 634.871948
789.070312 515.886108
134.531143 475.133942
720.808655 162.156906
1026.506348 678.444641
694.827209 147.233429
801.001282 477.723480
931.938843 177.929169
508.202728 220.898178
-1.000000 -1.000000
193.336151 662.183838
123.623199 509.586426
468.371948 639.217651
485.548706 623.565979
834.046021 358.446411
820.302979 378.816956
625.299927 565.139038
1045.030762 362.121613
433.223297 616.676392
930.494751 163.220703
869.661072 519.287659
904.086060 215.548203
710.593445 678.413696
184.949280 615.508911
-1.000000 -1.000000
1146.649170 40.593815
994.095581 367.386597
743.007324 520.512573
540.003296 64.392204
545.702637 648.059387
803.159241 491.799255
846.850952 548.940796
1040.533569 678.501404
-1.000000 -1.000000
690.466553 162.408066
1085.326294 40.050686
-1.000000 -1.000000
859.487793 534.041565
513.580750 582.927856
819.468933 363.613617
1028.364014 394.496735
76.483200 537.006531
712.246399 131.765244
-1.000000 -1.000000
-1.000000 -1.000000
836.444885 392.531952
-1.000000 -1.000000
688.367310 567.175110
911.320129 578.551819
559.009094 92.900040
619.216309 546.367859
184.815231 449.725739
918.432373 210.134171
-1.000000 -1.000000
801.115356 504.978973
465.508209 251.561081
799.792969 462.965393
-1.000000 -1.000000
487.640289 530.431396
-1.000000 -1.000000
563.083679 510.988464
1055.847534 678.681580
779.539429 678.347778
-1.000000 -1.000000
903.345032 534.137695
1011.163940 678.234436
533.597839 503.431152
-1.000000 -1.000000
705.774109 571.109131
790.290466 529.756409
-1.000000 -1.000000
642.562622 566.684082
545.856689 121.651314
852.057068 593.187073
-1.000000 -1.000000
574.375610 678.899841
932.115540 192.561661
572.253235 216.648193
530.363220 563.976501
-1.000000 -1.000000
-1.000000 -1.000000
549.108459 678.638855
819.285706 349.021545
513.094299 205.941696
531.545654 600.244263
-1.000000 -1.000000
595.767090 678.887085
409.924042 208.405624
889.192505 215.889694
403.393494 166.034393
-1.000000 -1.000000
-1.000000 -1.000000
594.106873 529.084045
473.221283 233.823898
834.441589 373.548431
587.568359 230.688171
608.703308 644.535522
796.021667 678.479797
-1.000000 -1.000000
1052.372437 376.713287
-1.000000 -1.000000
516.321167 126.533104
688.608215 177.634201
698.177917 131.845001
804.388306 518.282104
541.539734 270.504669
313.578491 628.646912
834.004883 344.374420
677.365173 678.892944
194.666428 479.321960
674.981995 570.690247
720.628723 577.826782
481.155792 268.834595
471.896149 658.308411
979.444031 363.443024
558.324341 196.164352
-1.000000 -1.000000
888.346497 519.265930
-1.000000 -1.000000
502.624207 662.579285
660.345947 150.865326
1105.848877 678.776794
991.910156 420.668091
573.656799 246.262939
725.455811 147.717972
-1.000000 -1.000000
-1.000000 -1.000000
-1.000000 -1.000000
764.027954 678.526733
-1.000000 -1.000000
640.646667 545.702454
275.714447 591.863037
610.498413 604.524719
-1.000000 -1.000000
578.792053 524.729797
864.505249 177.147171
-1.000000 -1.000000
441.876312 129.768707
1070.712891 40.085140
868.745239 504.450012
801.549561 299.718048
816.361023 472.901703
355.555817 627.628784
299.439270 633.895386
725.310059 678.680237
1042.940552 394.424133
284.791351 637.346375
790.329895 546.303711
532.932678 678.996765
559.849487 110.191101
992.714783 678.139343
420.205353 123.469193
553.430847 254.053268
971.816956 426.439392
821.366272 392.645355
815.292480 458.420807
799.526306 448.203430
542.029968 197.444275
683.787659 206.209488
864.611511 192.010284
51.968422 584.670654
694.745422 678.519287
262.567749 230.436996
289.006042 592.724548
714.868408 192.524445
728.380859 130.859009
645.745728 153.765503
-1.000000 -1.000000
528.973206 192.639221
-1.000000 -1.000000
-1.000000 -1.000000
946.714294 176.347244
206.905594 645.222412
448.291626 556.342224
340.239990 630.844116
741.306091 536.119812
722.506165 492.799347
849.057251 347.761200
-1.000000 -1.000000
630.995728 160.768982
542.219055 601.379150
395.058502 609.256226
-1.000000 -1.000000
1075.977539 678.921204
924.376587 148.777084
488.175140 669.036621
772.124084 552.940857
864.450928 162.823746
371.203217 626.192444
-1.000000 -1.000000
837.260254 647.808655
801.958801 285.269073
1014.259399 411.573395
805.832703 376.065369
471.585846 209.021088
431.601074 580.210083
805.157898 348.469910
208.993286 660.363098
736.936523 593.274719
477.247711 553.665649
191.314880 677.590637
970.029053 410.485901
810.662903 333.208984
611.248047 580.599731
905.562866 519.113220
505.912018 571.001404
839.138733 663.393494
453.881683 658.838806
463.321625 553.588379
75.980125 521.954590
307.492065 587.505798
388.997772 190.584656
-1.000000 -1.000000
800.929688 314.454468
-1.000000 -1.000000
186.987549 630.523560
818.206726 486.799805
661.823547 166.102036
946.205811 421.878387
518.520020 178.010757
632.367676 661.884949
197.524750 463.980347
-1.000000 -1.000000
439.265961 654.427856
684.312500 542.763367
90.338112 445.728424
1026.854614 336.417236
437.329163 624.978333
844.744629 407.908722
278.483551 571.479614
527.108398 660.829407
-1.000000 -1.000000
502.031952 170.312988
359.782074 188.144363
703.318542 541.843445
658.843628 574.423767
455.823151 678.472717
663.480957 211.866074
260.993805 216.696350
844.290100 534.095581
-1.000000 -1.000000
224.104248 653.837280
559.469910 79.418159
585.752563 216.248291
105.324837 444.620422
268.744720 622.079224
854.955566 519.391541
-1.000000 -1.000000
-1.000000 -1.000000
911.598877 406.028290
212.740173 567.035278
629.882080 593.951599
543.012085 587.139832
390.815521 205.099152
543.129761 184.366379
1004.513428 353.437347
408.645874 116.613037
418.768738 624.012634
-1.000000 -1.000000
969.702148 393.713684
437.811951 637.263000
222.751953 638.653015
601.671021 229.485580
922.671326 560.632874
814.983521 443.793213
923.615173 134.259094
894.569031 502.374695
721.507629 542.560669
518.544067 612.205933
919.172424 224.885361
673.384827 151.078964
75.452576 445.919891
502.059357 646.070190
759.570679 554.292603
495.496368 64.210876
615.905457 166.341583
913.132324 593.793457
432.890594 119.582542
139.356323 445.201050
498.328003 205.953201
672.893066 544.811279
291.354034 573.522400
879.694336 407.458313
1041.486084 331.269989
796.886597 200.563766
853.886108 668.035339
932.980957 206.878281
406.206299 125.596130
945.217651 160.986053
622.291809 678.787292
700.275940 208.866928
372.045074 678.656494
-1.000000 -1.000000
-1.000000 -1.000000
323.468048 185.974915
511.029327 284.947784
373.842957 654.472595
1007.899780 338.989349
-1.000000 -1.000000
831.178772 460.576996
870.385559 667.418152
247.134277 231.188065
736.563843 163.074402
820.490845 665.562012
930.748718 413.081329
202.758331 623.723083
785.692810 479.084686
-1.000000 -1.000000
618.906311 530.276917
946.878296 191.093430
803.178406 270.832611
816.543701 505.778564
682.704834 132.779739
809.529358 535.824829
426.540070 109.862930
518.647827 502.107910
896.550354 405.156464
647.229370 214.821457
394.776672 678.863098
244.916779 218.872864
-1.000000 -1.000000
361.586365 201.124146
851.732910 646.186401
345.424774 585.490112
500.428558 627.366455
-1.000000 -1.000000
735.541626 577.253479
922.036743 547.512939
721.815186 593.813843
963.781189 354.430298
90.551422 460.668610
637.997864 676.882080
-1.000000 -1.000000
398.766083 148.223114
593.498413 513.253418
357.044220 673.255249
-1.000000 -1.000000
105.303040 459.588318
963.321838 444.515900
1203.151001 620.730408
744.148010 131.230042
1042.664062 347.329346
503.280701 184.462402
-1.000000 -1.000000
504.008484 514.435486
363.611145 583.788574
455.918762 132.096756
909.071655 138.017807
224.232330 669.145874
763.459045 594.200928
1026.225586 350.812866
639.554504 530.510925
328.746063 586.641235
578.750366 509.953461
512.722656 56.154922
829.895325 408.043060
741.105225 147.045471
-1.000000 -1.000000
938.767761 146.341492
105.251923 474.559662
384.973907 678.714417
1026.024902 321.614166
-1.000000 -1.000000
-1.000000 -1.000000
715.415833 207.995209
798.253235 218.018387
-1.000000 -1.000000
341.844818 668.163208
-1.000000 -1.000000
245.769806 204.967514
-1.000000 -1.000000
212.309418 551.888184
757.424683 490.548889
813.480103 651.011780
784.586975 463.991425
207.041534 675.526001
647.004883 168.754562
730.117676 192.979507
358.815063 656.239319
-1.000000 -1.000000
926.574463 576.377502
806.234985 389.443481
-1.000000 -1.000000
1025.400513 146.821014
837.624634 630.038513
874.383606 214.967682
-1.000000 -1.000000
739.728882 620.442078
832.816101 476.289612
805.612671 233.219849
964.819885 369.759583
-1.000000 -1.000000
790.480774 177.348862
1218.218506 621.234985
666.080566 667.260498
364.677887 678.909241
-1.000000 -1.000000
-1.000000 -1.000000
481.553589 181.944214
212.491852 536.979919
87.190193 475.680695
948.417908 445.975922
486.008179 648.073059
-1.000000 -1.000000
784.340881 448.892578
720.810364 508.614563
1057.779663 391.584564
-1.000000 -1.000000
309.246399 186.046356
1033.522705 162.293381
635.763611 616.795959
-1.000000 -1.000000
664.056580 181.291855
407.323914 578.611938
1029.055786 409.042969
1184.926758 618.816650
265.945801 202.627945
778.828064 598.118225
202.828293 448.611115
323.284973 198.098373
762.329895 618.137878
830.973022 445.846375
-1.000000 -1.000000
345.142151 187.497208
239.243103 659.405762
269.235626 646.817383
387.384491 678.394653
440.575806 678.930237
633.404541 643.547913
390.398102 220.006073
734.836304 177.795334
307.801758 570.955872
1059.743530 361.750610
75.504814 460.882202
-1.000000 -1.000000
656.955688 544.076050
-1.000000 -1.000000
601.318420 171.235184
504.204224 391.022217
864.833557 411.808929
388.878906 578.625244
852.237976 629.781311
669.556030 651.328430
295.824799 186.619415
489.171661 389.968323
503.089966 130.463150
772.288574 491.151917
933.635559 221.440399
645.322571 596.418213
1011.393982 323.933899
620.342957 178.977844
945.699219 406.178375
1018.648315 161.473022
1073.523193 72.991295
-1.000000 -1.000000
820.373352 521.449097
430.008301 564.757080
361.271393 215.961441
-1.000000 -1.000000
-1.000000 -1.000000
707.820435 494.018951
1200.385498 585.202087
-1.000000 -1.000000
248.398254 678.104919
656.467896 248.926788
208.331207 500.569275
805.068909 546.269287
215.053818 581.949829
938.256775 131.711227
736.019226 666.668518
-1.000000 -1.000000
854.315857 504.365479
-1.000000 -1.000000
-1.000000 -1.000000
253.938095 635.388306
238.910660 644.581421
724.845337 622.564575
667.669861 137.457169
1181.668335 583.149170
786.842590 300.420868
263.529633 604.848450
211.068512 477.690826
651.616638 507.754913
1034.939941 176.347046
402.912872 652.550232
-1.000000 -1.000000
460.278381 227.027710
894.989380 142.907242
1010.816406 147.011932
1076.665283 99.682144
848.357605 361.607147
979.389771 444.527069
650.936218 616.118042
908.888794 504.144379
904.512817 231.265396
1202.229614 600.278259
517.951538 645.842346
204.789383 433.365204
1088.171997 72.897339
777.527222 612.635742
1183.115479 598.171936
-1.000000 -1.000000
-1.000000 -1.000000
271.825531 677.134277
624.310608 514.081909
953.928650 255.055786
788.027039 491.019867
-1.000000 -1.000000
792.533936 142.212708
647.542053 660.778503
911.089722 390.434540
866.966736 654.028381
-1.000000 -1.000000
583.611145 178.440811
880.985474 391.608765
796.217957 329.441711
648.462463 642.836182
-1.000000 -1.000000
968.072449 257.509460
215.297119 463.098694
594.591797 153.130966
792.378601 580.156311
730.441345 208.089767
402.266968 672.182251
446.825439 227.347061
468.561401 74.075027
289.274475 654.049255
-1.000000 -1.000000
323.981689 212.928329
600.175110 214.410919
140.766617 376.199677
-1.000000 -1.000000
1042.443970 146.512558
895.869873 389.498260
661.613708 528.210999
693.422729 645.309692
784.293701 205.445053
884.758240 666.982788
760.955078 138.121582
343.403625 652.649719
611.701721 595.097412
786.126709 314.908508
727.656921 119.987411
1215.271118 584.363098
751.090637 668.381836
548.896851 496.856842
-1.000000 -1.000000
805.152405 666.006165
1208.218628 644.084290
1020.051514 176.240417
500.452515 371.746460
1091.310303 97.625870
418.224976 640.858032
816.620911 149.890640
792.571228 234.214279
485.473053 371.768280
432.595337 228.395828
-1.000000 -1.000000
957.357483 678.699890
808.544678 256.407471
930.987427 428.587585
1193.376587 645.351868
1043.657104 409.050537
274.434265 661.720642
557.686768 68.169418
821.767334 210.693008
1096.230225 58.022758
1056.515381 336.947296
967.895447 272.158417
1019.076050 119.143120
176.060577 435.053772
589.167175 246.127136
533.676270 138.866531
414.099884 106.139351
241.137329 193.406357
308.930847 197.418274
212.799927 521.403992
228.565262 623.178223
799.289734 433.521851
821.093506 627.070801
-1.000000 -1.000000
533.355957 610.878052
758.631165 124.701866
59.401665 554.406494
805.774780 181.321335
1047.925415 161.901062
233.493439 564.385071
-1.000000 -1.000000
156.780792 435.246216
228.000244 220.230438
753.659912 165.019547
778.053345 178.619308
666.421753 504.105438
1214.664795 540.952637
200.797134 393.428741
1073.704712 58.605503
785.060364 219.880630
515.014221 149.804001
1169.555908 617.768860
599.676575 165.952209
867.340881 639.131470
1033.906372 424.206085
787.633484 163.173386
889.317932 231.493530
1217.182129 600.755615
225.409164 596.104553
719.475220 527.015747
832.473450 70.581200
666.079163 613.683289
946.010864 660.092834
728.232056 637.590149
694.452271 630.225403
681.141663 666.786255
348.960693 200.926682
-1.000000 -1.000000
821.937134 196.078644
434.529327 97.713158
710.107361 626.710938
279.000824 553.420959
506.839081 408.633331
948.660400 218.061432
834.790222 565.408020
835.317749 580.577148
672.865540 635.988953
820.786560 177.563873
108.595116 505.701630
870.936096 261.529022
491.831268 408.567780
408.995148 563.265076
913.872009 659.718628
829.888245 134.881180
1103.673950 586.149292
799.369263 156.286469
556.272644 269.589661
74.266907 431.973083
1102.675903 72.483429
254.344437 651.098511
608.816101 515.134888
1058.503662 71.717621
808.057495 575.275269
837.398499 197.429550
742.950745 120.051758
1067.319336 376.467377
131.781097 361.737396
500.944733 148.186813
352.461945 161.590546
837.781372 594.765015
121.262566 440.303955
953.801147 273.833923
-1.000000 -1.000000
814.441284 407.079163
1008.319519 503.299316
197.718201 415.045105
474.197845 390.695709
940.118225 253.712097
235.127747 578.229431
400.175873 678.653687
326.804413 667.345581
1049.542480 176.394989
850.790283 392.182526
711.178223 641.820374
569.979370 204.030991
61.010548 446.122498
185.683212 391.709717
90.240685 431.619232
831.567200 153.596283
646.897034 198.444641
890.504456 256.902374
418.512878 656.044739
584.633789 168.103760
1166.301270 582.021729
865.948792 392.678009
233.795639 534.342163
928.506958 397.074249
495.259705 287.743164
1033.759399 129.056152
425.709564 678.699524
