169.282364 449.111877
170.291672 439.062073
76.551193 604.505920
73.355934 579.475525
114.595261 550.835632
180.415604 543.184631
180.493942 500.003204
44.319454 582.810364
123.032784 642.871338
126.402351 546.681824
109.713776 612.848938
64.866776 658.129456
115.418709 530.032349
-1.000000 -1.000000
74.688629 674.293335
113.946899 655.102173
113.035072 504.755371
116.145348 515.741394
55.227676 647.999939
108.716904 593.752991
910.874207 169.371033
131.640198 586.329651
-1.000000 -1.000000
40.611660 644.401855
866.264404 546.881165
119.687195 589.385315
78.013634 508.540771
54.581875 609.610229
63.054092 581.796021
782.200378 551.275818
99.481842 435.765289
180.042511 621.798889
538.390991 535.002502
101.343254 509.768127
139.681717 576.176331
1076.685059 247.247772
1095.579956 241.783386
94.001144 669.030090
73.498764 590.075562
451.386444 158.519531
411.525970 574.054504
160.379868 667.531372
486.207611 606.543823
711.358643 149.976562
-1.000000 -1.000000
479.275146 568.432129
-1.000000 -1.000000
650.036316 558.172974
325.313202 580.970642
1059.838623 464.338013
74.824806 658.450378
434.168335 153.934586
597.036011 559.472656
498.705231 603.482117
88.422745 513.228455
524.748962 564.507874
876.378723 576.781006
1039.713989 388.499146
139.290588 669.064392
1212.715698 623.844421
517.754272 601.856262
898.886475 173.053619
461.504730 185.069153
345.830841 579.768982
428.240387 523.552979
584.744263 558.494690
388.923828 256.613739
410.958038 257.067902
565.585876 567.845520
170.194977 543.167419
582.894470 569.079773
574.946594 580.823914
448.058655 521.834290
485.808472 190.089935
465.728302 622.204407
66.679077 601.653320
468.166779 517.249817
404.913910 525.933594
520.267639 224.373108
907.278748 197.393585
1202.236816 56.328365
868.259888 559.468201
538.020752 601.467468
997.483521 566.542175
889.810425 531.405579
1201.660278 624.069214
309.082458 583.168091
984.813965 385.024292
1176.560303 121.051201
615.818970 560.732422
114.574463 579.638123
1032.597412 441.542908
449.867584 213.526718
532.828979 72.504913
432.092834 260.064789
170.131119 694.058044
972.843750 381.582916
1172.096436 228.733185
546.336304 213.514297
-1.000000 -1.000000
171.467331 533.467468
479.743469 583.334595
159.971283 622.988098
55.387592 636.484009
535.655334 117.942184
535.596191 205.672394
576.486938 647.763245
-1.000000 -1.000000
936.602844 277.673828
1109.225464 529.350037
-1.000000 -1.000000
767.761230 552.802002
-1.000000 -1.000000
392.921783 210.420151
749.503296 554.296509
519.146362 594.791992
347.867401 208.175400
466.493042 210.834702
1192.169556 657.487732
1141.835327 640.345398
1116.468262 681.224426
-1.000000 -1.000000
1069.967041 643.706543
554.239685 656.408997
-1.000000 -1.000000
-1.000000 -1.000000
-1.000000 -1.000000
501.552521 572.329773
1119.951294 203.211349
484.259064 514.335144
140.151947 469.522797
137.367203 688.358276
1049.775146 434.232971
174.350159 642.891418
466.769745 266.601471
512.734924 570.264160
752.295227 645.462524
297.971558 583.316772
270.710175 209.173279
180.200531 434.955658
992.931274 410.121796
1214.453247 195.225082
932.237793 680.342957
877.762024 667.256226
-1.000000 -1.000000
1021.618164 372.269806
1237.882568 291.019226
109.218033 693.681702
708.213928 553.518738
963.739075 407.006866
1070.444336 672.882996
116.129318 466.093262
1094.381714 611.837585
1038.783936 312.161743
1044.049438 414.586731
1205.553345 84.003952
577.744141 208.829498
211.144012 629.451355
527.881226 660.983215
554.375366 556.143433
1197.186279 543.957886
135.767426 609.327942
582.423218 605.071472
885.994141 457.332428
1141.019897 26.387457
450.072815 262.663422
498.539551 137.636230
198.119415 635.472168
1242.603271 221.127625
894.638794 578.191589
494.431976 656.934631
72.468735 428.305328
1200.989624 31.271944
172.069305 653.350098
513.674683 249.713043
1053.420898 549.032166
1007.634888 256.063477
855.059631 661.486023
1145.314575 229.167206
136.541061 548.632874
1119.455200 237.986282
102.760956 499.975739
1105.082031 238.575241
816.659119 461.764893
1182.373169 174.773117
-1.000000 -1.000000
112.159943 426.968628
1245.358521 425.718536
720.762512 145.018875
486.098511 214.914734
-1.000000 -1.000000
957.822510 379.666718
1084.252441 422.888916
1184.146484 429.634888
1097.959106 662.966675
122.532516 615.705383
1031.624878 401.647339
993.801575 255.992706
983.055481 407.049133
1079.656738 324.576782
1180.071045 181.789810
1173.062500 91.407272
1174.239990 322.254669
508.407532 329.660980
1008.817017 394.845032
1246.234985 247.586533
594.959778 629.782410
1131.040283 395.712128
-1.000000 -1.000000
1244.703125 406.719727
926.637756 585.509827
928.570496 150.117462
1235.163452 243.639465
880.633423 369.400085
1058.158569 405.428680
488.261444 597.786682
554.655579 600.598022
932.836853 377.264160
1067.643921 630.834412
1086.976196 459.700256
958.210205 684.871887
1143.729614 61.520424
551.432068 538.937683
1090.519287 29.031631
1047.730591 200.962479
1103.180786 417.095581
-1.000000 -1.000000
652.809021 654.406799
904.591858 576.541077
1024.742065 253.521042
373.119537 208.598297
835.739685 665.951050
545.137756 590.128662
1079.940552 263.750458
144.865707 586.768433
1094.455078 88.894012
289.001831 208.480057
923.578308 75.644043
894.143555 320.791809
533.922363 592.219055
997.005554 534.656494
-1.000000 -1.000000
1203.579590 678.511047
917.078064 675.647705
1137.109863 482.777039
133.415222 656.233154
45.228287 509.846100
1030.843262 198.554810
1084.912598 411.600922
968.586975 682.880981
1068.006714 402.565552
617.458252 660.548584
1124.746582 263.491577
785.526917 654.230042
-1.000000 -1.000000
697.098938 637.961121
1083.989868 341.980408
1251.179077 542.226868
865.827515 579.595642
742.411499 644.429504
62.501652 429.195038
1079.773682 291.012909
1044.510620 504.655304
181.412918 488.696442
-1.000000 -1.000000
-1.000000 -1.000000
747.838440 142.663696
917.230652 192.062851
-1.000000 -1.000000
845.725769 310.702759
660.098022 557.827393
763.795776 649.817627
589.860535 615.284729
1183.132812 230.441406
1054.325073 144.291733
621.417725 679.371765
384.091980 585.725891
1206.365723 485.508911
44.603020 610.877441
1190.039062 148.635452
373.683899 611.355957
1177.488159 131.908890
1210.147705 118.464035
471.120544 651.330872
878.072144 528.339294
923.862000 179.181717
1211.297363 183.957901
863.479126 274.947723
135.004776 428.082611
1124.898926 466.458252
57.397968 506.803101
1185.031860 110.348122
367.462006 681.801147
1158.017212 149.186218
526.451111 246.778610
1158.363037 159.489059
1193.976807 685.628296
1105.574829 113.134903
515.232910 198.325912
446.541687 198.161484
1143.026123 622.039856
30.922153 507.831970
194.501404 548.928589
1196.944214 533.683533
1085.521362 439.854095
467.412048 155.041382
441.260559 186.762314
989.840698 168.099304
1144.895996 218.053436
873.969360 367.524384
-1.000000 -1.000000
803.609070 525.693054
-1.000000 -1.000000
434.552826 577.436523
969.930664 260.600861
982.159302 612.502502
1144.232910 670.488586
1055.343994 172.838852
969.241638 473.404083
1131.034546 412.332794
1236.439453 263.936310
670.011841 557.810303
921.280090 480.298126
838.347351 558.910828
913.473267 400.380157
275.558319 694.272339
1208.520020 144.533371
316.768127 208.393585
1198.561768 554.952820
75.665276 620.866089
-1.000000 -1.000000
-1.000000 -1.000000
-1.000000 -1.000000
1210.650391 132.298981
1101.952026 78.079926
921.294128 490.205475
1130.646118 610.465698
978.197937 683.957458
1010.005737 404.632446
823.592224 664.767517
1232.743164 618.591064
1187.245361 542.788513
1181.623657 404.691254
454.659576 169.991852
924.060242 86.822609
994.766724 386.339600
517.782104 661.083313
149.766006 571.909363
556.380127 216.193115
1190.562988 326.455475
1248.783325 293.560944
103.991058 473.535553
1190.650513 618.950073
1110.411011 181.467728
1113.327515 98.344635
1127.368042 509.900208
1001.121948 615.201050
-1.000000 -1.000000
857.431091 630.783386
103.531059 267.738251
1230.468262 544.245300
1092.453003 554.019836
942.080688 598.254578
1201.754883 396.900360
661.367493 672.593384
1185.828491 498.011566
1142.488281 164.296021
452.448029 576.480591
299.487427 650.605591
475.257141 607.506775
1253.832397 580.949402
814.954712 134.686783
1159.559937 197.852173
1173.592651 71.402435
-1.000000 -1.000000
331.701996 687.137512
772.291565 571.894897
852.550903 604.010254
1096.236084 280.592865
-1.000000 -1.000000
1187.236206 131.636703
987.354248 297.707367
1165.633789 505.012573
164.899689 391.719666
1250.543945 346.559021
-1.000000 -1.000000
-1.000000 -1.000000
1171.213867 243.139557
719.054382 643.857056
1008.047668 600.705322
1132.084229 587.913818
92.955925 500.324371
326.724701 207.232269
254.430603 215.498810
318.882538 607.498718
942.360596 679.480103
1027.235596 483.886566
919.217041 264.636139
642.437866 586.954163
1246.922852 471.073822
