-1.000000 -1.000000
-1.000000 -1.000000
-1.000000 -1.000000
-1.000000 -1.000000
-1.000000 -1.000000
-1.000000 -1.000000
-1.000000 -1.000000
-1.000000 -1.000000
108.847504 556.884644
93.847633 553.109680
-1.000000 -1.000000
-1.000000 -1.000000
111.849960 571.968445
-1.000000 -1.000000
109.811638 541.765686
-1.000000 -1.000000
-1.000000 -1.000000
-1.000000 -1.000000
-1.000000 -1.000000
96.902634 577.216919
94.793121 538.038452
156.286011 553.157043
171.287109 550.961609
40.697155 617.958679
-1.000000 -1.000000
-1.000000 -1.000000
-1.000000 -1.000000
-1.000000 -1.000000
79.725410 538.475098
84.775841 604.013367
111.949928 587.037476
156.179153 538.057922
-1.000000 -1.000000
-1.000000 -1.000000
78.819374 553.531372
171.134659 535.843506
56.339611 627.642334
73.748375 627.756836
438.946381 149.573303
55.829960 612.294556
81.895348 588.390015
109.845909 526.752930
154.141006 568.306458
52.718166 667.508911
109.036903 625.278137
104.502975 670.034363
123.859070 556.736389
106.738792 608.626404
89.272293 669.050720
171.267929 566.080688
88.755875 626.925964
-1.000000 -1.000000
156.037292 523.055481
-1.000000 -1.000000
-1.000000 -1.000000
-1.000000 -1.000000
-1.000000 -1.000000
424.154327 154.221115
81.849968 568.695007
119.832634 668.865112
439.509918 166.694290
170.940475 520.831665
-1.000000 -1.000000
-1.000000 -1.000000
186.344101 552.810608
-1.000000 -1.000000
94.799248 523.016785
506.770905 85.862427
-1.000000 -1.000000
-1.000000 -1.000000
66.203506 595.976196
-1.000000 -1.000000
79.626648 523.393494
80.979454 644.904541
140.943787 553.332703
559.513489 586.872437
-1.000000 -1.000000
453.399323 152.443558
554.411011 599.973938
420.873749 139.517731
104.974487 642.261963
-1.000000 -1.000000
544.628052 592.855896
467.258148 573.440369
451.569092 574.246521
124.884651 541.570374
569.180603 599.512146
574.844849 579.742126
472.292938 586.232117
521.562561 81.030411
747.135437 493.269012
441.830261 189.216751
437.777863 579.151428
161.338043 499.012299
68.987503 670.657776
155.929062 583.431885
418.917206 190.250473
-1.000000 -1.000000
523.612976 524.375610
141.025513 538.234253
491.955353 91.606293
584.380798 601.391724
409.479736 154.752533
-1.000000 -1.000000
186.367935 567.789490
500.926910 244.378235
-1.000000 -1.000000
-1.000000 -1.000000
455.943359 586.986450
124.989792 630.134766
507.709167 101.029358
54.641956 646.851990
748.544556 508.089508
153.397125 481.898560
120.815384 653.701599
472.599609 599.869629
435.537048 134.955536
455.082275 171.038681
-1.000000 -1.000000
171.273056 581.134705
186.141953 537.414062
-1.000000 -1.000000
146.189758 498.070557
508.376190 524.108826
40.853661 436.177094
556.280640 616.684937
424.763550 170.665192
508.348694 229.745697
456.371368 600.265442
868.821411 555.875793
506.859222 71.048080
486.037231 243.284409
181.453094 503.628296
121.208275 602.115417
551.284058 548.542786
403.777039 185.409882
522.529541 96.465393
405.856445 140.410782
-1.000000 -1.000000
561.236877 573.156860
869.326660 570.701660
539.819458 603.628906
-1.000000 -1.000000
126.749977 571.807556
866.671448 541.466553
140.890717 523.231567
156.552826 466.911560
571.021301 618.806824
522.337036 539.070740
471.237244 241.030014
-1.000000 -1.000000
762.305481 493.131897
493.222382 525.742554
502.263794 261.121643
536.484253 81.092476
438.002472 563.674866
884.861694 180.021439
-1.000000 -1.000000
523.444641 509.960968
452.565002 560.591431
467.514679 560.272888
585.811340 621.375061
590.152954 572.733215
493.770081 228.578247
538.748962 533.336060
566.844299 550.226440
578.502808 650.809875
563.078796 639.071289
440.729950 608.254944
185.927826 522.270447
554.016357 533.217041
136.013641 610.000183
168.479034 481.804413
553.469604 561.852356
440.424438 592.738770
493.054443 106.290817
574.938110 566.500610
764.008545 507.589020
-1.000000 -1.000000
528.387695 219.053452
457.061096 186.573746
491.816101 77.284126
551.110107 634.234985
907.479248 174.547379
528.572083 233.394012
-1.000000 -1.000000
139.653275 625.512268
138.306244 482.880890
880.643372 541.420715
482.097870 573.516113
141.297272 466.910187
998.006287 373.555328
853.977661 556.371155
883.013916 555.659546
871.831238 585.671326
869.957214 179.350327
67.025833 570.124329
545.565369 579.495483
158.032684 598.449158
571.622314 589.630493
549.231689 216.131805
139.858414 586.703064
538.908875 518.624329
988.547913 394.840149
487.178772 261.207092
508.230072 507.905334
983.521423 373.837097
186.517197 582.825195
694.760620 167.814056
854.363281 571.335876
171.698517 466.780426
884.452881 165.209534
416.465363 205.249237
521.690918 66.857887
586.166504 587.730347
456.882233 613.850342
-1.000000 -1.000000
886.193237 194.609314
514.171753 214.511627
545.894958 203.050995
515.526367 246.259399
548.675232 230.734177
906.091736 160.154633
-1.000000 -1.000000
851.806274 541.726868
453.218384 136.378159
434.255463 204.163055
532.488098 204.431168
869.751770 164.555679
747.051880 523.755432
125.374977 526.527649
696.576416 152.336609
488.883575 588.043152
-1.000000 -1.000000
448.987732 204.221680
158.615173 451.787231
-1.000000 -1.000000
501.984253 59.511787
907.788757 189.305756
883.797302 570.469666
135.654938 662.405884
537.448730 96.409042
593.187866 536.337402
856.792175 586.077698
505.889679 540.616821
173.387466 602.244141
870.230774 194.138855
164.010254 671.247314
897.135620 542.923157
441.092834 623.771057
157.772079 614.068054
1012.381165 371.379303
530.411255 247.816132
1002.956360 388.115234
700.704407 137.175949
912.486511 40.815426
478.852142 226.281204
553.670837 518.231201
536.806030 67.494919
539.116760 503.802917
419.153503 125.384094
126.043259 461.826324
-1.000000 -1.000000
763.287659 522.850037
968.595459 369.775238
164.105988 656.280823
897.748962 556.926270
143.257828 451.837128
569.826355 533.076233
146.017090 676.096252
596.079285 553.393860
864.234619 527.384705
1019.683350 356.947266
-1.000000 -1.000000
-1.000000 -1.000000
878.616089 527.421509
884.358093 150.633118
489.466675 601.091736
839.073120 556.556641
1026.766968 371.359253
973.718933 397.249695
-1.000000 -1.000000
404.774597 126.320747
583.149536 553.526855
1154.404663 40.175190
188.874176 597.749207
-1.000000 -1.000000
-1.000000 -1.000000
481.301056 560.657776
927.356567 40.430824
518.928345 199.690659
-1.000000 -1.000000
592.874573 659.979492
-1.000000 -1.000000
517.968811 263.969360
529.622498 620.097351
486.456665 67.526268
522.730591 111.338356
488.954254 540.441040
135.839798 646.671143
997.881287 358.688293
869.662231 149.986145
-1.000000 -1.000000
-1.000000 -1.000000
564.099548 222.827881
467.063171 155.631683
1112.477661 678.626587
776.341248 491.093170
131.334045 498.288971
-1.000000 -1.000000
63.701317 554.112122
-1.000000 -1.000000
516.720947 54.550034
731.877380 488.638885
690.801514 183.849060
179.353989 650.135620
900.495300 145.839035
-1.000000 -1.000000
886.804077 585.517395
535.529602 554.559387
-1.000000 -1.000000
839.389038 571.524353
710.364624 167.806137
154.890228 637.998657
778.407288 504.281097
123.155151 476.770966
711.932739 152.632812
1016.028687 678.358337
685.771667 137.445404
790.169250 468.545593
922.083374 171.713745
499.544342 213.523331
-1.000000 -1.000000
181.393860 665.103821
111.912468 511.616669
457.278931 630.235291
474.522125 613.960876
824.574707 351.983582
810.844421 372.374084
614.967468 557.741272
1033.974487 353.713989
422.500397 615.195557
920.717590 157.179169
859.632629 512.527222
894.468384 209.205170
700.767517 678.335876
173.058685 617.837646
-1.000000 -1.000000
1136.636597 40.299759
983.432312 358.925354
732.081482 508.958588
532.202820 55.738953
534.912903 637.326660
792.201721 482.145203
836.759705 542.055237
1029.567261 678.506897
-1.000000 -1.000000
681.376160 152.956451
-1.000000 -1.000000
-1.000000 -1.000000
849.451599 527.293457
505.300842 574.371765
809.982788 357.060577
1017.371155 386.115143
64.517487 539.026672
702.921631 121.854202
-1.000000 -1.000000
-1.000000 -1.000000
826.958069 386.042664
-1.000000 -1.000000
678.498962 560.655273
901.064636 571.563416
550.463318 83.264381
609.154175 537.057129
173.960800 451.621368
908.819275 203.742279
-1.000000 -1.000000
790.108276 494.774261
456.391968 243.731552
789.012085 453.849152
-1.000000 -1.000000
477.130310 522.176208
-1.000000 -1.000000
553.516907 503.356415
1044.696899 678.396423
770.112000 678.414673
-1.000000 -1.000000
893.101868 527.417908
1000.196899 678.192200
523.805664 495.889801
-1.000000 -1.000000
696.100342 565.734802
779.679871 518.132080
-1.000000 -1.000000
632.474060 559.096802
537.681641 110.992195
841.817017 586.125488
-1.000000 -1.000000
564.693237 678.883362
922.407959 186.123993
562.706177 208.704132
520.549866 556.133728
-1.000000 -1.000000
-1.000000 -1.000000
539.066162 678.628479
809.870361 342.481140
505.051514 198.851501
525.451660 591.553955
-1.000000 -1.000000
586.426025 678.670654
401.230011 199.998428
879.466064 209.546448
394.441467 157.696564
-1.000000 -1.000000
-1.000000 -1.000000
584.619202 520.385132
464.076355 225.922379
825.057190 367.121063
578.058167 222.652985
-1.000000 -1.000000
785.246826 678.003418
-1.000000 -1.000000
1041.267334 368.414398
-1.000000 -1.000000
507.894745 116.174782
679.587402 168.297455
689.085815 121.838455
793.395996 507.891296
533.033508 263.155518
302.688354 629.573486
824.604004 338.073456
668.157715 678.760315
183.622681 481.457703
665.584534 564.232544
710.694214 573.154114
472.203186 261.346619
461.191315 651.079163
968.835022 354.891388
549.227905 188.004135
-1.000000 -1.000000
878.434082 512.597595
-1.000000 -1.000000
491.609833 658.376648
652.196960 141.145462
1094.994629 678.719727
981.037720 412.454529
564.613464 238.300766
716.459595 138.238525
-1.000000 -1.000000
-1.000000 -1.000000
-1.000000 -1.000000
755.297241 678.548767
-1.000000 -1.000000
630.831909 535.722290
262.369629 586.026917
599.770325 593.327209
-1.000000 -1.000000
569.436707 516.402466
855.073792 170.870209
-1.000000 -1.000000
433.035614 121.019035
-1.000000 -1.000000
858.727112 497.917664
792.367676 292.447601
805.740295 463.954376
345.161041 628.194031
288.353668 635.030090
715.580383 678.590088
1031.893799 385.999237
273.712280 638.748657
780.710266 534.523926
522.970032 678.963257
551.126099 101.156921
981.920593 678.193604
411.416840 115.642441
544.453186 246.157761
961.418579 418.481689
811.801453 386.118347
804.761047 449.553284
788.970459 439.199249
533.836243 190.344162
674.675720 197.390045
855.050232 185.695663
-1.000000 -1.000000
685.070374 678.432434
252.652649 221.676117
276.651855 582.911804
706.086243 183.612259
719.606079 121.790298
637.758423 143.979691
-1.000000 -1.000000
521.631836 185.838226
-1.000000 -1.000000
-1.000000 -1.000000
936.756958 170.252243
195.369751 647.453918
438.466431 548.006165
329.714661 631.517639
729.897583 524.682007
712.774536 481.609161
839.792908 341.489594
-1.000000 -1.000000
622.986755 151.089233
532.528931 592.995422
384.389832 609.503723
-1.000000 -1.000000
1065.065552 678.800293
914.991394 143.308411
477.866058 667.721130
762.317200 541.676514
855.140808 156.796234
360.760559 626.864319
-1.000000 -1.000000
827.147278 641.828247
792.786255 277.811340
1003.434143 403.006317
796.169861 369.335480
463.459137 201.386948
420.667358 572.385071
795.586548 341.802429
197.385742 662.545166
727.536804 587.913147
464.555328 545.395386
-1.000000 -1.000000
959.767273 402.057648
801.277405 326.490448
601.571716 572.824524
895.504395 512.470520
492.336182 563.365540
829.127625 657.315857
442.874878 653.142639
450.883789 545.314209
64.175438 523.920227
294.533569 579.470886
381.705200 181.972382
-1.000000 -1.000000
791.659058 307.358612
-1.000000 -1.000000
174.893036 633.207764
807.493713 477.710022
653.282410 156.597870
935.827515 413.833984
511.469421 171.602936
622.421326 658.949829
186.679138 466.043823
-1.000000 -1.000000
428.579468 652.267761
674.794922 532.099670
79.289391 447.274872
1016.279602 328.545380
426.453430 620.678467
835.091187 401.511597
264.213867 561.291809
515.243958 656.413879
-1.000000 -1.000000
494.815735 163.966965
352.530975 179.600159
694.287720 530.968994
649.148254 569.091064
445.266937 678.460999
653.662781 203.133865
251.092224 208.483963
834.290222 527.352661
-1.000000 -1.000000
212.595673 656.064392
551.006165 70.149826
575.907532 208.323837
94.316750 446.182495
257.707001 623.609802
844.857849 512.363586
-1.000000 -1.000000
-1.000000 -1.000000
901.597351 398.749969
201.819031 569.007690
620.116516 590.237732
533.723938 578.806213
383.937195 196.402298
535.568848 178.048248
994.139343 345.469299
399.632324 110.725426
408.269073 623.389404
-1.000000 -1.000000
959.346130 385.154755
426.724182 633.600830
211.192001 640.688171
592.033508 221.391418
912.401123 553.664001
804.605652 434.996704
914.109558 128.885635
884.444763 496.003418
710.755432 531.421448
510.834930 603.152954
909.882996 218.751419
664.275513 141.566437
64.444580 447.504211
490.154083 638.847229
-1.000000 -1.000000
487.565796 57.364731
607.569763 158.003677
903.301270 586.796204
423.377808 111.921448
127.818207 446.858215
490.238800 198.668045
663.484680 534.251343
278.297913 562.967285
870.080750 400.757263
1030.667725 323.509094
788.830261 195.651154
843.594910 661.683838
923.304077 200.474869
397.145721 118.127953
935.413025 155.080231
612.994629 678.335754
691.321838 200.110947
361.215729 678.693481
-1.000000 -1.000000
-1.000000 -1.000000
314.997803 177.291382
501.987549 278.205780
363.331787 654.864502
997.613708 331.464996
-1.000000 -1.000000
821.047424 452.718750
860.203125 661.364807
236.909744 223.127975
727.829346 153.971924
810.065613 659.173096
920.717529 405.403625
191.604935 625.873596
774.762085 470.044861
-1.000000 -1.000000
609.623230 520.857788
937.006165 185.034393
793.943420 263.375366
805.733093 496.791931
674.186768 122.745575
798.706909 526.475830
417.165131 103.422028
508.797882 494.553802
887.014465 398.226715
637.094971 206.225952
383.597809 678.904175
234.624985 211.385300
-1.000000 -1.000000
354.002258 192.322311
841.348999 640.202881
331.427704 577.047302
489.439514 617.840881
-1.000000 -1.000000
725.897522 571.993530
911.774536 540.508911
711.970276 589.093018
953.348938 346.208801
79.475746 462.209686
628.233704 673.620972
-1.000000 -1.000000
389.762512 141.282593
583.936523 504.401154
346.149292 673.572449
-1.000000 -1.000000
94.202072 461.148224
952.702026 436.971863
1190.428467 610.024109
735.919434 123.478539
1031.660034 339.114746
496.734711 177.832718
-1.000000 -1.000000
493.843170 506.164398
351.449036 575.085815
447.209351 123.120750
899.733643 132.539688
212.736206 671.333740
754.207581 588.698364
1015.360413 342.586090
630.745178 520.464233
313.013855 578.757507
569.311768 501.700165
505.153809 47.291862
820.521301 401.920502
732.523438 138.541046
-1.000000 -1.000000
929.340027 140.957520
94.190964 476.106415
374.025635 678.736023
1015.721252 313.884705
-1.000000 -1.000000
-1.000000 -1.000000
706.441895 199.165695
789.991455 212.818558
-1.000000 -1.000000
330.931183 668.969116
-1.000000 -1.000000
235.087189 197.317047
-1.000000 -1.000000
201.738953 553.675659
746.575500 479.128510
803.329102 644.669006
773.725342 455.043213
195.416504 677.735107
638.940491 159.080475
721.380798 183.961746
348.252136 656.619568
-1.000000 -1.000000
916.183044 569.494934
796.485474 382.734772
-1.000000 -1.000000
1015.237427 140.282608
827.547302 623.952576
864.594421 208.806427
-1.000000 -1.000000
730.084717 615.533691
822.804138 468.809082
796.799133 228.046188
954.445129 361.256012
-1.000000 -1.000000
782.463318 172.239532
1205.582520 609.928955
655.742249 663.730225
353.786499 678.951172
-1.000000 -1.000000
-1.000000 -1.000000
474.435272 174.813782
201.893631 538.280029
76.136314 477.208252
937.477844 438.420990
475.081085 641.179199
-1.000000 -1.000000
773.710693 439.980927
711.097900 497.385223
1046.736206 383.240204
-1.000000 -1.000000
300.509552 177.102982
1023.386719 155.658325
626.242249 613.296509
-1.000000 -1.000000
655.261353 171.873520
398.134918 570.775330
1018.154663 400.502014
1172.534424 608.580200
255.804199 194.297104
769.624084 592.681885
192.192337 450.540375
314.771667 189.083176
752.864929 612.850830
820.960022 437.988647
-1.000000 -1.000000
336.995209 179.022202
227.910172 661.904724
258.247498 648.766418
376.437439 678.428162
429.999664 678.945374
623.468445 640.653015
383.742584 211.294006
726.260803 168.923386
295.095520 562.294373
1048.647949 353.345154
64.467430 462.462830
-1.000000 -1.000000
647.470581 533.688843
-1.000000 -1.000000
593.141479 163.294937
495.119537 389.171997
855.355835 405.385406
377.675323 570.570312
841.908569 623.680237
659.300842 647.520752
288.266266 177.774902
480.094849 388.124908
494.705933 120.418785
761.503723 479.621704
924.440552 215.183838
635.693237 592.642273
1001.132568 316.517181
612.307434 169.691833
936.071777 397.832062
1008.646423 154.958572
1063.694824 65.883438
-1.000000 -1.000000
809.707092 512.946716
420.006012 556.642273
353.873932 207.056732
-1.000000 -1.000000
-1.000000 -1.000000
698.169983 483.112610
1188.028320 573.949341
-1.000000 -1.000000
236.793060 678.230042
646.634888 240.961823
197.378403 501.833984
795.076355 535.843628
204.024292 584.038330
928.931335 126.468933
726.268799 661.963196
-1.000000 -1.000000
844.283508 497.544342
-1.000000 -1.000000
-1.000000 -1.000000
243.101761 637.215820
227.699890 647.230957
715.061035 617.940918
659.013000 127.753777
1169.421875 572.588074
777.765076 293.026093
252.157166 605.809570
200.341187 479.093079
643.128418 497.296783
1024.677124 170.134415
392.351440 652.194336
-1.000000 -1.000000
452.124573 219.206482
885.907959 137.539749
1000.570374 140.603485
1066.951294 93.127640
839.033203 355.180054
969.106079 436.742157
641.131531 612.547913
898.534912 497.880768
894.789307 225.014023
1189.694946 589.065247
-1.000000 -1.000000
194.729980 434.825989
1077.892334 66.308655
768.205688 607.442017
1170.886841 587.784241
-1.000000 -1.000000
-1.000000 -1.000000
260.304138 678.147034
615.675171 504.309814
943.479309 248.117188
777.083740 480.394073
-1.000000 -1.000000
784.209290 137.143555
637.701233 657.658447
901.412415 382.715332
856.593262 648.786682
-1.000000 -1.000000
574.066162 171.064835
871.558960 384.412537
786.747864 322.318848
638.369019 639.818298
-1.000000 -1.000000
957.748779 250.267746
205.202499 464.488556
586.830811 149.794769
782.169006 575.140991
721.609131 199.274460
391.370087 671.885559
438.732208 219.451233
459.010010 68.027802
277.901947 655.684387
-1.000000 -1.000000
315.580811 203.847885
590.369568 206.248520
130.124435 377.414459
-1.000000 -1.000000
1032.500732 139.571228
886.601868 382.147217
652.796021 517.722717
683.604187 640.725220
776.470093 200.632339
874.261536 661.028748
753.068909 131.273270
332.874756 653.230591
601.149414 585.913269
776.864014 307.468048
719.143860 111.706604
1202.616943 572.527588
741.265076 663.669373
539.454468 489.249756
-1.000000 -1.000000
795.173462 659.680359
1195.770142 633.750061
1010.051575 170.236801
491.431274 370.010468
1081.057983 91.293823
407.699585 640.394104
809.213806 144.073578
784.215393 228.901367
476.461182 370.010406
424.518066 220.418884
-1.000000 -1.000000
-1.000000 -1.000000
799.265869 248.598938
920.142029 421.407745
1181.508179 635.318481
1032.693604 400.475128
263.275574 663.764221
550.401245 61.173080
813.107300 205.592987
1086.024170 51.553658
1045.520142 328.817505
957.558838 264.784119
1008.759827 112.394417
165.175217 436.737244
580.358398 238.236481
524.851379 131.372360
404.995850 100.642174
228.293716 186.898102
300.325500 188.148788
202.053192 522.528259
217.356476 625.168152
788.982483 424.963989
810.680420 620.805237
-1.000000 -1.000000
523.262268 601.541565
750.928406 118.143219
47.288921 556.456299
797.968140 176.334747
1037.521240 155.088226
223.301712 565.825500
-1.000000 -1.000000
145.117264 436.888062
217.093033 217.494720
745.387024 157.026932
770.441711 173.541870
657.490051 493.437012
1202.289429 530.636414
190.572311 394.039307
1063.825806 51.571629
777.047791 214.794983
506.734802 139.937973
1157.076294 607.921448
591.508728 159.389877
856.980103 634.001709
1022.517944 415.670776
779.429260 158.029312
879.345154 225.530716
1204.424316 588.982910
214.512436 597.644958
710.286804 515.796753
823.951965 66.793938
656.253052 609.860901
935.683044 652.780823
718.324402 632.841553
684.599731 625.687866
671.313049 662.843445
340.859711 192.184189
-1.000000 -1.000000
813.776550 191.306351
425.428162 90.875137
700.299622 622.109924
266.722260 542.379272
497.825867 406.875977
938.336609 212.677505
824.640381 558.551025
825.140137 574.056152
662.733582 632.346497
813.122803 172.304138
96.888084 507.718872
860.885315 256.196594
482.816803 406.848663
399.792816 555.374695
903.844299 652.820312
821.568481 129.880722
1091.997925 576.661560
791.395264 150.921997
547.537292 261.578674
63.218651 433.937592
1092.757935 66.638878
243.456314 653.402649
599.923706 505.744965
1048.336304 64.211014
797.603088 569.762390
828.145508 192.243332
734.942810 112.812202
1056.162720 368.339935
121.338371 363.349426
492.935669 138.408752
344.242889 160.701660
827.501587 588.086853
109.965881 441.944885
943.643616 266.270142
-1.000000 -1.000000
804.740723 400.658051
997.220093 495.323730
187.691299 416.214630
465.126617 388.953491
930.112793 246.982071
224.317947 579.870117
389.110291 678.683411
315.722076 668.615417
1038.962524 169.716370
841.073608 385.546783
701.416443 636.788086
560.618896 195.977722
49.797195 447.644653
175.113052 392.508057
79.270424 433.640808
823.108582 148.618484
637.500732 189.367310
880.436157 251.393875
407.822571 655.306702
575.855530 163.300735
1153.676758 571.920166
856.567993 385.847046
224.798553 533.886536
918.951843 389.191071
485.614136 283.405548
1023.978027 121.191292
414.988037 678.713196
