-1.000000 -1.000000
-1.000000 -1.000000
-1.000000 -1.000000
846.871277 190.447144
-1.000000 -1.000000
307.428986 451.254761
1175.842407 275.178558
499.700470 201.134552
-1.000000 -1.000000
1208.140625 278.089172
-1.000000 -1.000000
439.203247 96.468925
-1.000000 -1.000000
-1.000000 -1.000000
394.967773 403.919861
1206.930664 280.018219
1127.197632 180.927399
705.880676 396.460876
227.069122 425.756592
1210.044312 113.005219
-1.000000 -1.000000
1103.349487 129.093903
1164.748901 298.212830
325.238281 402.154419
391.371185 266.303375
251.807556 500.416931
373.481476 308.666687
459.070435 255.955093
-1.000000 -1.000000
292.066071 297.053528
651.683289 306.989044
-1.000000 -1.000000
717.945251 311.507660
696.120850 129.721161
625.693176 328.245911
-1.000000 -1.000000
808.278687 300.640106
320.324585 355.838196
307.302582 384.706116
-1.000000 -1.000000
-1.000000 -1.000000
185.955887 512.404114
-1.000000 -1.000000
1107.227539 179.171875
254.999252 374.760376
761.234192 397.687988
-1.000000 -1.000000
350.936920 180.459503
354.723816 265.640930
187.043900 491.170776
-1.000000 -1.000000
-1.000000 -1.000000
424.657318 180.401230
-1.000000 -1.000000
276.924683 431.339233
851.238831 396.628723
-1.000000 -1.000000
315.464111 250.493881
377.462708 413.738312
382.900482 228.983948
-1.000000 -1.000000
-1.000000 -1.000000
333.085205 375.059967
847.978455 170.336487
-1.000000 -1.000000
858.705688 365.551086
427.514648 324.376526
360.703461 469.684326
397.213226 383.850159
358.413666 487.689941
-1.000000 -1.000000
481.892944 164.179077
-1.000000 -1.000000
255.047150 355.339478
739.374146 186.199585
856.143860 307.810516
659.391418 279.050110
605.331421 120.851303
707.259949 366.984467
288.992004 391.113007
604.038574 77.335640
716.523499 161.311539
507.653595 238.885284
-1.000000 -1.000000
442.806366 272.411255
372.156494 138.579483
460.073090 236.019928
-1.000000 -1.000000
828.639771 305.683228
-1.000000 -1.000000
698.843262 313.540497
1128.122192 91.527077
1222.024902 221.150558
-1.000000 -1.000000
298.760376 434.188568
819.239197 269.739502
-1.000000 -1.000000
352.696320 299.456848
680.404236 53.463264
687.735657 368.571655
-1.000000 -1.000000
-1.000000 -1.000000
-1.000000 -1.000000
316.331604 230.393768
270.136475 485.607391
671.781616 311.659271
339.582825 344.019806
732.568909 398.401733
-1.000000 -1.000000
1156.649902 279.253387
-1.000000 -1.000000
-1.000000 -1.000000
-1.000000 -1.000000
-1.000000 -1.000000
417.241486 160.422089
743.091125 360.578430
-1.000000 -1.000000
640.027954 282.926788
355.814423 450.717163
-1.000000 -1.000000
357.484131 327.224548
840.929626 211.261185
424.954163 305.096588
-1.000000 -1.000000
717.404114 415.107025
699.417358 275.493042
-1.000000 -1.000000
-1.000000 -1.000000
-1.000000 -1.000000
-1.000000 -1.000000
1149.965942 177.315796
-1.000000 -1.000000
396.733795 132.536591
400.952667 212.305603
400.076843 185.266495
-1.000000 -1.000000
880.294128 351.850067
-1.000000 -1.000000
843.295593 268.328217
-1.000000 -1.000000
-1.000000 -1.000000
341.502686 394.083466
679.654358 277.222351
-1.000000 -1.000000
687.056824 396.594849
-1.000000 -1.000000
-1.000000 -1.000000
-1.000000 -1.000000
839.239136 366.853668
870.731445 397.436188
-1.000000 -1.000000
372.033081 117.709549
-1.000000 -1.000000
425.696045 343.339478
-1.000000 -1.000000
291.483795 470.375458
636.573547 133.416504
413.891815 401.975830
864.590881 326.743347
-1.000000 -1.000000
648.067505 338.243317
-1.000000 -1.000000
406.613953 246.025803
258.248688 394.238098
604.588684 328.064667
-1.000000 -1.000000
-1.000000 -1.000000
417.209625 201.521729
-1.000000 -1.000000
-1.000000 -1.000000
393.819916 113.225800
-1.000000 -1.000000
1129.000610 200.626526
-1.000000 -1.000000
208.654816 432.951385
677.053162 136.065231
799.140503 263.912933
1124.793945 112.165527
332.695984 314.381012
724.079407 329.983154
-1.000000 -1.000000
-1.000000 -1.000000
-1.000000 -1.000000
446.397827 193.162918
-1.000000 -1.000000
624.498718 308.314606
271.096863 453.129120
273.923553 303.840973
332.798370 187.397842
826.510254 188.154694
1138.383545 67.953217
1124.091675 161.328796
1226.581177 200.131424
-1.000000 -1.000000
-1.000000 -1.000000
369.083466 171.699326
767.561890 416.035522
583.247864 81.128670
-1.000000 -1.000000
-1.000000 -1.000000
701.715210 104.210617
-1.000000 -1.000000
-1.000000 -1.000000
-1.000000 -1.000000
-1.000000 -1.000000
886.150330 371.821838
478.522736 258.404205
650.278503 353.978363
1182.857178 296.035950
239.249405 519.911804
-1.000000 -1.000000
737.754883 160.351349
-1.000000 -1.000000
-1.000000 -1.000000
370.917938 288.224731
678.924438 331.050018
-1.000000 -1.000000
-1.000000 -1.000000
565.717407 271.826324
-1.000000 -1.000000
452.037781 211.415756
-1.000000 -1.000000
-1.000000 -1.000000
492.074158 42.791466
-1.000000 -1.000000
-1.000000 -1.000000
1147.787476 286.454712
-1.000000 -1.000000
371.300110 85.131248
-1.000000 -1.000000
305.724243 406.681335
835.515625 248.680038
825.148926 172.940491
-1.000000 -1.000000
-1.000000 -1.000000
1144.972168 248.073090
294.736511 316.799683
-1.000000 -1.000000
509.054321 171.587570
-1.000000 -1.000000
-1.000000 -1.000000
-1.000000 -1.000000
-1.000000 -1.000000
-1.000000 -1.000000
-1.000000 -1.000000
-1.000000 -1.000000
178.231735 471.532806
-1.000000 -1.000000
1190.224487 117.636116
-1.000000 -1.000000
245.371170 336.160187
-1.000000 -1.000000
363.066406 243.318008
-1.000000 -1.000000
397.109558 163.369339
840.248169 330.688171
-1.000000 -1.000000
-1.000000 -1.000000
-1.000000 -1.000000
-1.000000 -1.000000
764.186951 373.183228
459.912476 164.926224
759.573975 184.888229
-1.000000 -1.000000
-1.000000 -1.000000
352.406555 201.005280
662.299866 58.142334
-1.000000 -1.000000
-1.000000 -1.000000
-1.000000 -1.000000
-1.000000 -1.000000
618.361755 155.563049
719.776489 281.596405
743.597839 415.823334
1150.166260 285.530060
-1.000000 -1.000000
-1.000000 -1.000000
-1.000000 -1.000000
-1.000000 -1.000000
-1.000000 -1.000000
-1.000000 -1.000000
686.281982 347.227173
-1.000000 -1.000000
556.004089 146.229294
-1.000000 -1.000000
326.592010 445.116089
-1.000000 -1.000000
-1.000000 -1.000000
481.893250 217.132111
-1.000000 -1.000000
-1.000000 -1.000000
-1.000000 -1.000000
-1.000000 -1.000000
324.118805 269.103455
623.775208 433.930481
-1.000000 -1.000000
698.132263 70.839310
787.004700 401.114502
680.295105 109.572517
-1.000000 -1.000000
548.615295 236.049850
745.498901 312.614410
-1.000000 -1.000000
-1.000000 -1.000000
394.120117 300.348633
638.679626 263.261475
-1.000000 -1.000000
-1.000000 -1.000000
-1.000000 -1.000000
-1.000000 -1.000000
-1.000000 -1.000000
-1.000000 -1.000000
697.566833 417.300201
-1.000000 -1.000000
602.018250 308.012390
-1.000000 -1.000000
354.319244 414.343597
599.650024 100.969177
368.106598 57.148254
763.840637 308.790558
1157.168945 156.085358
497.965576 148.482529
-1.000000 -1.000000
407.279236 265.808777
-1.000000 -1.000000
-1.000000 -1.000000
-1.000000 -1.000000
590.132446 290.392578
-1.000000 -1.000000
-1.000000 -1.000000
-1.000000 -1.000000
1109.757446 197.726273
-1.000000 -1.000000
824.318359 349.405487
736.673889 205.534134
-1.000000 -1.000000
-1.000000 -1.000000
533.909424 153.290009
-1.000000 -1.000000
-1.000000 -1.000000
-1.000000 -1.000000
-1.000000 -1.000000
302.265259 366.911652
760.725159 204.305313
700.567566 51.797470
-1.000000 -1.000000
462.055664 276.693024
-1.000000 -1.000000
-1.000000 -1.000000
420.591064 372.745758
658.758911 404.127594
675.985779 258.676605
395.979889 61.619152
1148.158936 88.819595
319.697998 335.688416
212.408524 453.255707
-1.000000 -1.000000
-1.000000 -1.000000
-1.000000 -1.000000
1215.132812 45.354099
-1.000000 -1.000000
246.216949 475.057617
-1.000000 -1.000000
-1.000000 -1.000000
-1.000000 -1.000000
-1.000000 -1.000000
-1.000000 -1.000000
293.268890 261.399689
-1.000000 -1.000000
-1.000000 -1.000000
584.231934 329.306396
699.429443 333.892242
-1.000000 -1.000000
206.665543 413.493256
569.280701 293.008209
-1.000000 -1.000000
806.453369 397.093292
379.033264 444.287628
-1.000000 -1.000000
231.087250 386.050171
-1.000000 -1.000000
664.493225 374.078033
857.749084 346.314423
876.367249 306.774689
1209.275269 132.924225
822.270569 249.877228
628.078979 412.688629
557.985413 88.571732
-1.000000 -1.000000
-1.000000 -1.000000
737.875366 138.380188
-1.000000 -1.000000
657.143433 260.162506
714.847839 202.947525
349.203400 151.571365
-1.000000 -1.000000
-1.000000 -1.000000
-1.000000 -1.000000
-1.000000 -1.000000
-1.000000 -1.000000
-1.000000 -1.000000
161.998718 521.622375
-1.000000 -1.000000
-1.000000 -1.000000
-1.000000 -1.000000
-1.000000 -1.000000
-1.000000 -1.000000
442.345459 252.499786
582.520569 123.208946
757.102417 351.589233
435.664062 153.116302
-1.000000 -1.000000
-1.000000 -1.000000
-1.000000 -1.000000
349.350342 245.840881
-1.000000 -1.000000
298.091370 225.779007
-1.000000 -1.000000
1170.851440 175.673401
-1.000000 -1.000000
-1.000000 -1.000000
-1.000000 -1.000000
626.637634 391.090118
562.001282 68.088699
306.124939 500.155792
-1.000000 -1.000000
804.762390 353.195038
270.547852 336.087799
456.891602 48.018036
-1.000000 -1.000000
271.570068 284.475250
1137.348389 228.144119
338.371979 417.586212
-1.000000 -1.000000
656.359558 111.525200
-1.000000 -1.000000
-1.000000 -1.000000
581.348267 312.226593
-1.000000 -1.000000
236.954071 350.134857
354.614899 111.438728
360.593597 351.477356
626.424133 116.776764
-1.000000 -1.000000
397.024170 448.799530
-1.000000 -1.000000
-1.000000 -1.000000
-1.000000 -1.000000
-1.000000 -1.000000
-1.000000 -1.000000
532.911133 249.727280
338.147430 490.657593
-1.000000 -1.000000
-1.000000 -1.000000
379.381592 195.535385
-1.000000 -1.000000
-1.000000 -1.000000
-1.000000 -1.000000
674.700195 89.393494
210.063416 473.151672
430.392822 380.243805
1200.944580 86.308449
-1.000000 -1.000000
1149.377930 268.433563
-1.000000 -1.000000
-1.000000 -1.000000
1204.951782 189.702469
718.960693 68.516777
-1.000000 -1.000000
447.115173 325.126434
336.427582 211.176025
291.389099 501.199707
-1.000000 -1.000000
778.818237 350.193787
470.078247 195.877319
-1.000000 -1.000000
-1.000000 -1.000000
577.427002 96.935127
405.699005 425.555206
-1.000000 -1.000000
413.632080 326.491089
-1.000000 -1.000000
-1.000000 -1.000000
461.248627 299.615967
-1.000000 -1.000000
429.606049 234.072540
648.850891 88.659660
-1.000000 -1.000000
-1.000000 -1.000000
-1.000000 -1.000000
-1.000000 -1.000000
452.881012 133.088364
-1.000000 -1.000000
645.147705 387.450195
-1.000000 -1.000000
557.759949 107.714508
-1.000000 -1.000000
-1.000000 -1.000000
-1.000000 -1.000000
595.332581 351.112152
