-1.000000 -1.000000
-1.000000 -1.000000
283.026642 531.584839
-1.000000 -1.000000
-1.000000 -1.000000
-1.000000 -1.000000
-1.000000 -1.000000
-1.000000 -1.000000
-1.000000 -1.000000
-1.000000 -1.000000
1164.442383 406.876709
502.975891 295.168121
-1.000000 -1.000000
-1.000000 -1.000000
-1.000000 -1.000000
1167.930908 59.235783
637.363586 244.533081
-1.000000 -1.000000
238.521591 565.711975
690.365417 499.274353
-1.000000 -1.000000
392.092102 344.695984
-1.000000 -1.000000
-1.000000 -1.000000
635.700562 278.601349
215.293930 508.593597
1126.123779 228.290085
316.783905 474.757111
363.462860 392.385284
-1.000000 -1.000000
611.075500 414.119171
1201.026733 252.987839
449.940247 189.660446
625.714294 429.210022
606.605469 212.225235
1163.620483 405.806610
480.077515 247.526382
411.273712 332.796021
565.470337 296.027191
320.445465 423.519470
392.784210 477.307831
-1.000000 -1.000000
299.110626 466.495605
468.296692 335.470245
385.594635 457.759674
-1.000000 -1.000000
292.615051 382.046265
-1.000000 -1.000000
410.195312 109.463913
-1.000000 -1.000000
-1.000000 -1.000000
604.829468 182.489243
-1.000000 -1.000000
-1.000000 -1.000000
432.838531 270.765503
-1.000000 -1.000000
204.977829 503.819611
706.801392 287.053955
1146.880615 134.320389
-1.000000 -1.000000
1110.291504 299.075653
1117.404785 308.253296
159.959976 585.505310
-1.000000 -1.000000
-1.000000 -1.000000
-1.000000 -1.000000
-1.000000 -1.000000
1108.934814 260.878448
-1.000000 -1.000000
-1.000000 -1.000000
291.297302 457.576752
459.396851 321.758453
1151.723267 101.239998
242.838486 451.541992
-1.000000 -1.000000
-1.000000 -1.000000
812.824158 409.410309
342.642792 570.456238
393.311371 300.735931
282.110138 377.926849
-1.000000 -1.000000
-1.000000 -1.000000
360.885559 270.357361
-1.000000 -1.000000
723.152710 226.542694
451.063080 345.781738
-1.000000 -1.000000
387.774506 335.786926
1143.286377 196.189850
-1.000000 -1.000000
-1.000000 -1.000000
358.856537 371.364532
315.623383 331.508911
655.624939 404.606079
-1.000000 -1.000000
282.580383 504.331726
-1.000000 -1.000000
-1.000000 -1.000000
-1.000000 -1.000000
-1.000000 -1.000000
750.637329 501.290619
1161.296265 90.159248
856.812744 420.319611
375.641754 483.334778
350.518616 266.818848
751.380554 292.907257
790.729614 514.519226
-1.000000 -1.000000
334.068115 377.213898
361.897003 337.065735
289.939209 371.744995
1137.590942 206.819305
402.686523 260.617676
754.159424 511.226746
-1.000000 -1.000000
-1.000000 -1.000000
399.044678 325.334747
358.110291 260.768768
213.239777 497.927002
-1.000000 -1.000000
161.567612 552.171082
-1.000000 -1.000000
375.189331 334.611847
-1.000000 -1.000000
510.463043 315.113861
208.172836 599.097046
429.041016 254.207230
592.519470 299.514740
-1.000000 -1.000000
-1.000000 -1.000000
422.459045 107.544182
701.974915 514.356995
-1.000000 -1.000000
-1.000000 -1.000000
716.652283 287.275238
-1.000000 -1.000000
380.504120 225.582153
-1.000000 -1.000000
647.901489 370.807648
-1.000000 -1.000000
-1.000000 -1.000000
-1.000000 -1.000000
-1.000000 -1.000000
701.950256 163.140732
-1.000000 -1.000000
460.285339 181.809113
-1.000000 -1.000000
512.690491 286.580963
725.149658 462.900970
-1.000000 -1.000000
805.634094 369.836060
-1.000000 -1.000000
-1.000000 -1.000000
1128.368042 217.490967
242.359634 421.836029
691.918396 145.100067
-1.000000 -1.000000
-1.000000 -1.000000
1171.163452 85.755699
-1.000000 -1.000000
-1.000000 -1.000000
-1.000000 -1.000000
-1.000000 -1.000000
757.722961 520.540833
314.058929 306.619415
-1.000000 -1.000000
345.707001 540.062622
424.272217 393.502411
-1.000000 -1.000000
689.450684 461.572388
458.191559 102.954979
444.323975 269.488647
-1.000000 -1.000000
534.574707 195.968399
730.330811 266.700165
566.726318 84.031807
-1.000000 -1.000000
-1.000000 -1.000000
535.185547 198.852020
-1.000000 -1.000000
-1.000000 -1.000000
-1.000000 -1.000000
-1.000000 -1.000000
839.940674 473.156250
645.220520 390.027496
424.737335 416.257294
-1.000000 -1.000000
379.793732 466.784882
731.406738 501.926727
685.109741 371.418091
312.836761 465.721893
-1.000000 -1.000000
1116.297241 128.632050
-1.000000 -1.000000
456.167511 331.729462
-1.000000 -1.000000
379.205231 202.468414
578.262329 92.778786
-1.000000 -1.000000
509.576294 139.646851
491.288940 245.847305
-1.000000 -1.000000
-1.000000 -1.000000
565.869812 368.025208
840.077148 369.752747
-1.000000 -1.000000
-1.000000 -1.000000
-1.000000 -1.000000
821.140259 436.284729
-1.000000 -1.000000
-1.000000 -1.000000
-1.000000 -1.000000
701.665955 223.943726
-1.000000 -1.000000
-1.000000 -1.000000
617.608398 211.408295
-1.000000 -1.000000
438.005432 258.904541
326.277435 463.869751
513.555603 306.213165
662.639465 423.694427
251.191391 555.986816
713.483093 462.832642
-1.000000 -1.000000
-1.000000 -1.000000
-1.000000 -1.000000
-1.000000 -1.000000
-1.000000 -1.000000
646.518066 455.585510
415.365906 220.133362
671.467773 89.014000
-1.000000 -1.000000
-1.000000 -1.000000
-1.000000 -1.000000
348.650208 368.847656
801.272705 516.278503
405.157593 200.148804
416.460175 252.383316
484.202454 201.518448
-1.000000 -1.000000
332.483795 414.196625
-1.000000 -1.000000
753.295593 433.046753
639.221741 377.518341
673.314392 370.996307
-1.000000 -1.000000
-1.000000 -1.000000
-1.000000 -1.000000
405.326965 290.633301
310.898346 473.149597
384.519135 158.361679
-1.000000 -1.000000
-1.000000 -1.000000
-1.000000 -1.000000
841.488281 306.709595
216.593903 518.743347
655.015076 121.670975
-1.000000 -1.000000
665.131104 432.281433
-1.000000 -1.000000
520.981873 315.423615
-1.000000 -1.000000
-1.000000 -1.000000
-1.000000 -1.000000
-1.000000 -1.000000
-1.000000 -1.000000
-1.000000 -1.000000
-1.000000 -1.000000
687.809326 472.571655
694.893799 489.963806
-1.000000 -1.000000
-1.000000 -1.000000
-1.000000 -1.000000
-1.000000 -1.000000
693.201904 407.970856
846.326782 282.694244
-1.000000 -1.000000
835.039673 463.999420
676.734070 454.922211
203.198959 492.638214
876.246399 471.591583
448.389282 284.340363
-1.000000 -1.000000
-1.000000 -1.000000
-1.000000 -1.000000
701.088440 504.661835
-1.000000 -1.000000
400.928101 335.062744
355.985046 521.988159
800.951233 429.687775
580.460815 272.079559
847.770813 493.437592
-1.000000 -1.000000
683.155823 121.102409
-1.000000 -1.000000
425.380890 242.382095
-1.000000 -1.000000
281.875427 367.950867
655.500732 395.329620
728.610596 287.040741
