1197.084839 207.375885
1204.831055 616.051453
259.019592 615.090454
-1.000000 -1.000000
1129.795898 654.863647
1198.359497 585.214783
1211.763306 548.858276
-1.000000 -1.000000
1118.041626 625.556702
652.829285 406.128357
1163.605957 584.949829
510.709534 399.126984
1232.407593 227.814896
1077.474976 656.773193
1146.782837 629.810303
1188.677124 237.583374
649.551697 362.894226
1218.836304 164.316849
209.132263 644.206787
676.118652 628.097107
1087.871460 647.807068
393.951202 435.695526
1178.058838 575.243530
-1.000000 -1.000000
643.984741 396.824158
194.973709 582.739014
1136.601929 399.936920
300.766296 559.399109
358.880249 481.540863
-1.000000 -1.000000
605.127319 530.643066
1209.313599 433.448090
471.014679 290.006134
618.113464 547.569763
621.238770 327.726624
1195.028809 550.795349
492.782928 348.659882
414.859497 426.279724
571.659912 406.352417
311.552795 507.489441
376.533875 570.619934
-1.000000 -1.000000
284.165710 549.860291
470.481873 435.001678
372.238037 549.999084
235.162155 587.726990
290.190918 462.621826
747.182556 556.202759
440.798309 208.012772
323.288177 554.058594
1200.135132 133.247528
623.618164 299.279297
-1.000000 -1.000000
1134.857300 553.836121
443.652405 367.161316
-1.000000 -1.000000
185.052002 577.160156
714.211731 412.900909
1163.794434 308.441711
-1.000000 -1.000000
1116.663940 469.108185
1122.777466 478.239136
127.486893 654.736267
-1.000000 -1.000000
707.522217 541.064636
550.122070 32.386948
-1.000000 -1.000000
1117.427490 430.622894
-1.000000 -1.000000
-1.000000 -1.000000
278.179108 538.948608
463.208344 420.444916
1170.037598 276.841827
230.549423 527.060974
595.113525 402.209869
1175.161987 309.546234
809.228882 549.005249
313.995575 660.977783
400.361053 392.122803
280.389984 458.039001
-1.000000 -1.000000
708.822083 550.547119
373.255219 358.494751
1208.192383 154.879578
736.289246 353.770416
452.805542 442.999084
1201.628540 192.299652
390.906860 426.945404
1155.637695 368.966431
-1.000000 -1.000000
1192.726562 617.104553
358.190704 458.406708
319.744537 414.116058
650.864990 526.217957
1186.143921 343.071411
263.310028 585.467590
-1.000000 -1.000000
402.442719 48.637814
1120.831909 135.545456
1235.056152 202.344727
736.823242 637.103210
1179.752075 267.069489
851.766357 564.264343
359.190857 574.844360
363.586761 354.530457
757.175842 422.724457
775.762573 654.926758
1162.677734 359.165283
331.756500 462.328705
365.463867 424.408630
288.704254 452.527039
1149.106934 379.272064
415.228638 353.503906
739.032837 647.357605
706.377136 359.812408
-1.000000 -1.000000
403.295502 417.790405
371.756683 349.087952
193.620270 572.202332
-1.000000 -1.000000
133.913834 621.822754
1209.384399 170.418152
377.820740 424.800507
-1.000000 -1.000000
515.031494 418.592651
174.947968 674.562561
442.501831 349.565979
598.260803 412.740295
712.998657 562.135864
653.990723 418.639130
453.640015 206.560623
686.063538 644.886169
253.642212 579.524414
1156.703979 336.747711
723.819580 414.057556
500.560425 293.618744
398.422150 316.283905
1144.471924 619.353333
646.428833 490.523712
721.208740 359.086395
571.079041 101.720665
1119.908203 108.460037
1145.261597 609.286987
720.356384 289.427795
-1.000000 -1.000000
482.233398 282.923096
637.290955 293.324097
521.471802 390.907196
714.003723 593.851257
1193.714233 228.761551
804.739685 507.364014
1112.254639 67.160538
1162.974854 317.773804
1139.575439 388.517120
233.970642 497.695526
712.038635 272.055542
813.317139 568.163086
618.072876 196.010208
1189.914795 263.568695
621.923340 182.561646
690.570923 193.888565
-1.000000 -1.000000
558.235596 104.027611
742.053467 657.828369
321.393890 389.988831
480.662933 306.859558
321.257202 630.711487
420.127777 488.809326
685.868347 171.932938
678.656250 588.512512
489.605957 207.085861
455.828613 366.613586
435.990173 51.161758
552.537476 303.980255
739.700012 395.073944
596.886841 200.029724
432.030212 65.068398
403.516571 58.045155
546.982422 288.848816
-1.000000 -1.000000
1169.431763 349.177124
651.284485 60.632328
492.476898 28.946331
830.023193 616.967041
641.901306 509.888550
417.697662 510.843964
-1.000000 -1.000000
365.544312 558.357910
716.946960 635.231018
682.925476 495.251068
298.199371 550.505798
-1.000000 -1.000000
1133.681274 300.558044
1117.243652 78.126694
459.312531 429.835419
493.399780 53.091228
399.625519 294.633759
607.283264 208.819397
738.477844 555.805054
534.343079 246.247742
504.113831 347.303589
1175.422607 321.489624
738.473633 367.787231
565.341309 478.560577
838.942444 510.329132
724.108582 555.193726
-1.000000 -1.000000
-1.000000 -1.000000
813.750610 576.758362
758.555969 559.377686
535.591736 37.537308
724.452271 69.985596
714.952393 349.856110
1182.393188 624.559509
1237.587769 510.786102
632.949890 327.341797
-1.000000 -1.000000
449.856720 355.667236
311.054749 550.330200
519.567261 411.018127
654.563293 545.624573
224.884659 635.477478
702.159119 591.642517
-1.000000 -1.000000
440.423462 62.391991
427.824127 52.742588
666.622986 412.196136
-1.000000 -1.000000
636.481873 577.019165
432.474030 314.842651
698.156677 214.932678
661.636292 60.483784
388.484406 53.352573
726.780457 345.186584
347.921967 455.509338
787.390381 658.457642
424.799011 294.535583
430.765411 346.435791
503.042572 304.615082
1132.824951 481.300201
326.155426 499.530487
1163.807373 609.585632
745.972473 566.136719
636.851257 496.740356
671.046936 493.298157
655.866394 390.383026
626.912720 195.364044
1136.404175 281.837738
415.148163 383.270081
324.725922 544.080811
409.479828 249.976349
563.372925 407.821136
679.863220 69.706444
178.770630 588.231689
847.107544 447.963135
194.005661 593.787842
678.870239 244.085495
-1.000000 -1.000000
656.100403 554.304565
493.114655 300.472168
526.653809 420.381165
648.622620 44.328110
634.021851 542.015991
-1.000000 -1.000000
-1.000000 -1.000000
613.594849 183.770706
1137.462158 544.459961
665.423889 80.236504
675.808777 598.873535
682.130493 619.329041
735.577698 339.593842
-1.000000 -1.000000
705.987671 370.418762
571.877258 416.079224
688.109070 534.961426
852.141296 424.218536
564.980896 381.296997
825.654541 607.999939
665.847168 579.232849
186.148804 565.074951
866.291321 619.524048
455.327423 379.860992
-1.000000 -1.000000
676.561951 62.112309
546.727478 281.556427
686.999084 633.996338
-1.000000 -1.000000
403.869049 427.701752
333.895416 613.371094
794.407227 568.412476
591.764282 383.743591
836.109070 638.818604
563.546570 371.287445
706.861206 248.232147
658.085754 81.886162
439.719879 339.153656
662.175781 70.651138
282.367920 447.441864
651.272644 514.571655
735.970215 414.875549
