-1.000000 -1.000000
-1.000000 -1.000000
297.185425 477.043671
-1.000000 -1.000000
-1.000000 -1.000000
-1.000000 -1.000000
-1.000000 -1.000000
-1.000000 -1.000000
-1.000000 -1.000000
-1.000000 -1.000000
1169.158569 308.366150
500.505859 229.994736
-1.000000 -1.000000
-1.000000 -1.000000
-1.000000 -1.000000
-1.000000 -1.000000
632.265930 172.099030
-1.000000 -1.000000
255.859924 513.190918
698.733887 425.262146
-1.000000 -1.000000
392.669464 286.496094
-1.000000 -1.000000
-1.000000 -1.000000
632.937378 206.180923
228.279922 458.547058
1125.694824 129.028137
326.843597 419.914215
367.335114 334.811310
-1.000000 -1.000000
615.176453 344.481659
1202.449585 150.206772
439.843109 125.196861
630.657288 358.632141
600.157471 140.347412
1168.243286 307.236267
474.729584 183.445206
410.858704 273.134460
-1.000000 -1.000000
327.113953 368.493835
402.783569 418.066498
-1.000000 -1.000000
308.748138 412.072052
468.624329 273.080444
394.539520 399.004974
-1.000000 -1.000000
295.559570 328.980865
-1.000000 -1.000000
394.735687 45.410324
-1.000000 -1.000000
-1.000000 -1.000000
595.942932 109.506302
-1.000000 -1.000000
-1.000000 -1.000000
428.383453 209.067947
-1.000000 -1.000000
217.530182 453.845856
704.575012 211.410141
1142.978882 32.159851
-1.000000 -1.000000
1111.703369 202.394058
1119.442627 212.276642
179.035675 537.014404
-1.000000 -1.000000
-1.000000 -1.000000
-1.000000 -1.000000
-1.000000 -1.000000
1109.129272 163.115005
-1.000000 -1.000000
-1.000000 -1.000000
299.449921 404.364929
458.756958 259.447296
-1.000000 -1.000000
251.365723 400.904449
-1.000000 -1.000000
-1.000000 -1.000000
816.451111 328.970673
358.780609 513.222107
391.072876 241.499268
284.751648 325.055298
-1.000000 -1.000000
-1.000000 -1.000000
355.775574 213.093689
-1.000000 -1.000000
718.417419 149.386444
451.493256 284.533264
-1.000000 -1.000000
387.615570 277.420776
1142.175781 95.950226
-1.000000 -1.000000
-1.000000 -1.000000
361.029724 314.872162
315.143585 277.406982
659.245422 332.785553
-1.000000 -1.000000
294.167755 451.019196
-1.000000 -1.000000
-1.000000 -1.000000
-1.000000 -1.000000
-1.000000 -1.000000
759.108215 423.973969
-1.000000 -1.000000
862.076965 338.379089
385.315033 425.458649
344.791595 209.901398
750.527405 215.012802
799.547729 434.925934
-1.000000 -1.000000
337.435822 321.514557
361.354706 280.203552
292.559387 318.408417
1136.744751 107.362526
397.649323 200.624756
763.448181 433.931946
-1.000000 -1.000000
-1.000000 -1.000000
397.892670 265.998718
352.770294 202.804337
225.510696 447.591461
-1.000000 -1.000000
178.275375 503.506500
-1.000000 -1.000000
375.470947 276.650543
-1.000000 -1.000000
509.481628 250.817307
227.276733 547.799683
423.113373 193.395615
591.224976 230.008347
-1.000000 -1.000000
-1.000000 -1.000000
406.666290 42.867783
711.184448 439.461548
-1.000000 -1.000000
-1.000000 -1.000000
714.969238 210.943039
-1.000000 -1.000000
372.362885 166.703400
-1.000000 -1.000000
649.931152 298.499359
-1.000000 -1.000000
-1.000000 -1.000000
-1.000000 -1.000000
-1.000000 -1.000000
694.310913 84.606544
-1.000000 -1.000000
449.345764 117.340523
-1.000000 -1.000000
509.513367 221.127655
732.239624 387.075500
-1.000000 -1.000000
807.980286 289.594666
-1.000000 -1.000000
-1.000000 -1.000000
1127.685425 118.717728
248.866104 370.137207
682.957336 65.790482
-1.000000 -1.000000
-1.000000 -1.000000
-1.000000 -1.000000
-1.000000 -1.000000
-1.000000 -1.000000
-1.000000 -1.000000
-1.000000 -1.000000
766.749207 442.881927
311.633026 251.584061
-1.000000 -1.000000
359.441345 482.587250
428.004669 333.378204
-1.000000 -1.000000
696.012817 387.577332
441.754395 34.886143
439.449554 207.319519
-1.000000 -1.000000
526.330566 127.493340
726.936890 189.142654
-1.000000 -1.000000
-1.000000 -1.000000
-1.000000 -1.000000
527.043762 130.581818
-1.000000 -1.000000
-1.000000 -1.000000
-1.000000 -1.000000
-1.000000 -1.000000
846.917603 391.872650
647.861694 319.701721
429.948975 356.986816
-1.000000 -1.000000
388.828979 408.835236
739.804382 425.944519
687.609375 297.426880
322.021881 410.761627
-1.000000 -1.000000
1112.128296 27.717621
-1.000000 -1.000000
456.032410 269.735474
-1.000000 -1.000000
369.645386 142.325211
-1.000000 -1.000000
-1.000000 -1.000000
497.619324 71.479897
485.624603 181.186966
-1.000000 -1.000000
-1.000000 -1.000000
567.256104 301.152496
843.172974 287.790680
-1.000000 -1.000000
-1.000000 -1.000000
-1.000000 -1.000000
827.476746 356.114227
-1.000000 -1.000000
-1.000000 -1.000000
-1.000000 -1.000000
696.612366 147.159409
-1.000000 -1.000000
-1.000000 -1.000000
610.859924 139.366211
-1.000000 -1.000000
432.957306 197.420670
335.303741 408.080841
511.478394 240.683395
668.913757 351.336884
266.707153 503.417297
720.914490 387.592712
-1.000000 -1.000000
-1.000000 -1.000000
-1.000000 -1.000000
-1.000000 -1.000000
-1.000000 -1.000000
652.764343 384.540070
407.888611 158.890793
-1.000000 -1.000000
-1.000000 -1.000000
-1.000000 -1.000000
-1.000000 -1.000000
350.315033 313.045807
809.896301 436.365723
395.795502 138.373337
409.874664 192.348602
475.036987 135.447052
-1.000000 -1.000000
337.210571 359.284088
-1.000000 -1.000000
758.755249 356.361816
640.991638 306.326172
675.972534 297.743469
-1.000000 -1.000000
-1.000000 -1.000000
-1.000000 -1.000000
400.698486 231.772110
320.965546 418.434143
371.622040 97.862160
-1.000000 -1.000000
-1.000000 -1.000000
-1.000000 -1.000000
841.327087 224.205933
230.819687 467.616272
643.994019 45.012005
-1.000000 -1.000000
671.130188 360.366028
-1.000000 -1.000000
519.894775 250.265137
-1.000000 -1.000000
-1.000000 -1.000000
-1.000000 -1.000000
-1.000000 -1.000000
-1.000000 -1.000000
-1.000000 -1.000000
-1.000000 -1.000000
695.015015 398.828278
702.682617 415.250519
-1.000000 -1.000000
-1.000000 -1.000000
-1.000000 -1.000000
-1.000000 -1.000000
697.503418 333.975372
845.997559 198.931061
-1.000000 -1.000000
841.367310 382.419281
683.623352 382.094116
213.798889 443.922302
883.037659 387.948578
446.038666 222.706894
-1.000000 -1.000000
-1.000000 -1.000000
-1.000000 -1.000000
709.898499 430.344879
-1.000000 -1.000000
401.471283 276.043610
368.807343 463.504059
805.603577 350.251526
576.525452 202.984543
855.523865 411.858917
-1.000000 -1.000000
672.744507 41.287586
-1.000000 -1.000000
418.805328 179.211914
-1.000000 -1.000000
283.242249 315.332550
659.136902 323.957062
726.220154 210.672211
