-1.000000 -1.000000
-1.000000 -1.000000
-1.000000 -1.000000
-1.000000 -1.000000
-1.000000 -1.000000
-1.000000 -1.000000
-1.000000 -1.000000
-1.000000 -1.000000
-1.000000 -1.000000
-1.000000 -1.000000
-1.000000 -1.000000
488.827118 403.329132
-1.000000 -1.000000
-1.000000 -1.000000
-1.000000 -1.000000
-1.000000 -1.000000
-1.000000 -1.000000
-1.000000 -1.000000
172.379150 636.461853
-1.000000 -1.000000
-1.000000 -1.000000
-1.000000 -1.000000
-1.000000 -1.000000
-1.000000 -1.000000
622.417603 404.939026
-1.000000 -1.000000
-1.000000 -1.000000
268.763489 555.765930
331.624725 480.382080
-1.000000 -1.000000
574.464600 540.602783
1177.356079 458.432098
-1.000000 -1.000000
-1.000000 -1.000000
604.037354 335.160187
-1.000000 -1.000000
474.017761 352.715729
389.815735 428.122253
-1.000000 -1.000000
282.852661 504.499847
-1.000000 -1.000000
-1.000000 -1.000000
253.279541 545.407898
446.931580 437.917358
284.159302 504.084198
-1.000000 -1.000000
261.597198 460.553772
-1.000000 -1.000000
-1.000000 -1.000000
-1.000000 -1.000000
-1.000000 -1.000000
607.783569 305.375122
-1.000000 -1.000000
-1.000000 -1.000000
-1.000000 -1.000000
-1.000000 -1.000000
-1.000000 -1.000000
-1.000000 -1.000000
-1.000000 -1.000000
-1.000000 -1.000000
-1.000000 -1.000000
1084.532715 526.271973
86.746910 645.922363
-1.000000 -1.000000
-1.000000 -1.000000
-1.000000 -1.000000
-1.000000 -1.000000
1088.466553 453.574280
-1.000000 -1.000000
-1.000000 -1.000000
246.096390 535.217896
440.017334 423.742279
-1.000000 -1.000000
198.060760 522.422058
-1.000000 -1.000000
-1.000000 -1.000000
777.587402 563.702637
278.817963 656.228271
-1.000000 -1.000000
252.339172 455.416260
-1.000000 -1.000000
-1.000000 -1.000000
350.915222 361.512543
-1.000000 -1.000000
-1.000000 -1.000000
427.028778 446.478729
-1.000000 -1.000000
-1.000000 -1.000000
-1.000000 -1.000000
-1.000000 -1.000000
-1.000000 -1.000000
330.891693 458.650757
294.361145 414.337402
-1.000000 -1.000000
-1.000000 -1.000000
228.937256 580.592224
-1.000000 -1.000000
-1.000000 -1.000000
-1.000000 -1.000000
-1.000000 -1.000000
-1.000000 -1.000000
-1.000000 -1.000000
819.684265 580.485107
-1.000000 -1.000000
341.200226 357.047028
733.301514 434.808472
-1.000000 -1.000000
-1.000000 -1.000000
-1.000000 -1.000000
339.254272 425.573853
-1.000000 -1.000000
-1.000000 -1.000000
-1.000000 -1.000000
-1.000000 -1.000000
-1.000000 -1.000000
-1.000000 -1.000000
378.920441 419.221375
-1.000000 -1.000000
-1.000000 -1.000000
-1.000000 -1.000000
95.418694 612.350037
-1.000000 -1.000000
-1.000000 -1.000000
-1.000000 -1.000000
491.849640 424.282013
134.050735 667.310791
-1.000000 -1.000000
-1.000000 -1.000000
-1.000000 -1.000000
-1.000000 -1.000000
-1.000000 -1.000000
649.722595 659.856262
-1.000000 -1.000000
-1.000000 -1.000000
700.357605 425.544586
-1.000000 -1.000000
-1.000000 -1.000000
-1.000000 -1.000000
618.667175 499.636078
-1.000000 -1.000000
-1.000000 -1.000000
-1.000000 -1.000000
-1.000000 -1.000000
-1.000000 -1.000000
-1.000000 -1.000000
466.613617 285.063690
-1.000000 -1.000000
499.163422 395.523254
680.916321 607.370117
-1.000000 -1.000000
775.587463 521.045715
-1.000000 -1.000000
-1.000000 -1.000000
-1.000000 -1.000000
203.450775 492.833618
-1.000000 -1.000000
-1.000000 -1.000000
-1.000000 -1.000000
-1.000000 -1.000000
-1.000000 -1.000000
-1.000000 -1.000000
-1.000000 -1.000000
-1.000000 -1.000000
-1.000000 -1.000000
296.833008 390.060486
-1.000000 -1.000000
287.381012 626.083008
393.615875 489.406555
-1.000000 -1.000000
645.514526 600.530945
-1.000000 -1.000000
-1.000000 -1.000000
-1.000000 -1.000000
533.011902 291.146484
716.021362 405.898895
-1.000000 -1.000000
-1.000000 -1.000000
-1.000000 -1.000000
-1.000000 -1.000000
-1.000000 -1.000000
-1.000000 -1.000000
-1.000000 -1.000000
-1.000000 -1.000000
795.347229 634.070068
612.763977 520.798157
390.279968 511.753357
-1.000000 -1.000000
-1.000000 -1.000000
681.921570 650.314941
655.489197 505.555786
267.029663 546.588989
-1.000000 -1.000000
-1.000000 -1.000000
-1.000000 -1.000000
-1.000000 -1.000000
-1.000000 -1.000000
379.882233 299.819763
-1.000000 -1.000000
-1.000000 -1.000000
-1.000000 -1.000000
485.010254 351.725830
-1.000000 -1.000000
-1.000000 -1.000000
538.239258 486.532379
809.442139 524.974670
-1.000000 -1.000000
-1.000000 -1.000000
-1.000000 -1.000000
781.939392 592.494751
-1.000000 -1.000000
-1.000000 -1.000000
-1.000000 -1.000000
-1.000000 -1.000000
-1.000000 -1.000000
-1.000000 -1.000000
614.355286 335.551727
-1.000000 -1.000000
-1.000000 -1.000000
-1.000000 -1.000000
496.875702 416.146393
625.283142 557.657715
-1.000000 -1.000000
669.549194 604.955444
-1.000000 -1.000000
-1.000000 -1.000000
-1.000000 -1.000000
-1.000000 -1.000000
-1.000000 -1.000000
604.523804 589.204285
417.461609 321.065887
-1.000000 -1.000000
-1.000000 -1.000000
-1.000000 -1.000000
-1.000000 -1.000000
-1.000000 -1.000000
-1.000000 -1.000000
410.838898 300.127686
-1.000000 -1.000000
-1.000000 -1.000000
-1.000000 -1.000000
297.232086 497.649597
-1.000000 -1.000000
-1.000000 -1.000000
-1.000000 -1.000000
643.734558 502.890717
-1.000000 -1.000000
-1.000000 -1.000000
-1.000000 -1.000000
-1.000000 -1.000000
279.693726 505.836060
397.324280 254.125732
-1.000000 -1.000000
-1.000000 -1.000000
-1.000000 -1.000000
820.850830 463.647736
-1.000000 -1.000000
-1.000000 -1.000000
-1.000000 -1.000000
626.250427 566.699036
-1.000000 -1.000000
502.808350 425.920685
-1.000000 -1.000000
-1.000000 -1.000000
-1.000000 -1.000000
-1.000000 -1.000000
-1.000000 -1.000000
-1.000000 -1.000000
-1.000000 -1.000000
642.585632 612.834900
646.673889 632.300232
-1.000000 -1.000000
-1.000000 -1.000000
-1.000000 -1.000000
-1.000000 -1.000000
658.406372 544.875793
825.928589 439.529877
-1.000000 -1.000000
791.998169 624.038391
633.935486 592.285278
150.441010 558.651978
831.616516 636.965393
436.992310 386.311005
-1.000000 -1.000000
-1.000000 -1.000000
-1.000000 -1.000000
651.214661 648.769836
-1.000000 -1.000000
380.791687 429.308533
-1.000000 -1.000000
-1.000000 -1.000000
569.895386 397.455017
799.571655 656.556763
-1.000000 -1.000000
-1.000000 -1.000000
-1.000000 -1.000000
-1.000000 -1.000000
-1.000000 -1.000000
253.314606 445.767609
622.543518 525.883423
712.141602 426.691589
