-1.000000 -1.000000
-1.000000 -1.000000
-1.000000 -1.000000
-1.000000 -1.000000
-1.000000 -1.000000
-1.000000 -1.000000
-1.000000 -1.000000
-1.000000 -1.000000
-1.000000 -1.000000
-1.000000 -1.000000
-1.000000 -1.000000
493.692078 385.570557
-1.000000 -1.000000
-1.000000 -1.000000
-1.000000 -1.000000
-1.000000 -1.000000
-1.000000 -1.000000
-1.000000 -1.000000
178.767853 616.970581
-1.000000 -1.000000
-1.000000 -1.000000
-1.000000 -1.000000
-1.000000 -1.000000
-1.000000 -1.000000
627.204834 387.041901
-1.000000 -1.000000
-1.000000 -1.000000
274.685364 537.265442
337.315521 461.932800
-1.000000 -1.000000
579.109924 521.533447
1182.605713 440.655640
-1.000000 -1.000000
591.098145 539.060242
609.118896 318.070801
-1.000000 -1.000000
479.046082 335.572540
395.163727 410.315826
-1.000000 -1.000000
288.869598 485.972260
-1.000000 -1.000000
-1.000000 -1.000000
259.205536 526.597778
452.217682 420.022003
290.033173 485.503906
-1.000000 -1.000000
267.287659 442.589508
-1.000000 -1.000000
-1.000000 -1.000000
-1.000000 -1.000000
-1.000000 -1.000000
612.686096 287.586334
-1.000000 -1.000000
-1.000000 -1.000000
-1.000000 -1.000000
-1.000000 -1.000000
-1.000000 -1.000000
-1.000000 -1.000000
-1.000000 -1.000000
-1.000000 -1.000000
-1.000000 -1.000000
1089.568359 504.840790
93.596962 626.567444
-1.000000 -1.000000
-1.000000 -1.000000
-1.000000 -1.000000
-1.000000 -1.000000
1092.958618 435.406281
-1.000000 -1.000000
-1.000000 -1.000000
251.805801 516.711243
445.371613 405.826904
-1.000000 -1.000000
204.103912 504.179718
-1.000000 -1.000000
-1.000000 -1.000000
781.382935 544.344604
284.404175 637.134583
-1.000000 -1.000000
257.777802 437.519714
-1.000000 -1.000000
-1.000000 -1.000000
356.013245 343.802551
-1.000000 -1.000000
-1.000000 -1.000000
431.885651 428.627380
-1.000000 -1.000000
-1.000000 -1.000000
-1.000000 -1.000000
-1.000000 -1.000000
-1.000000 -1.000000
335.837677 440.842529
300.028320 396.503906
-1.000000 -1.000000
-1.000000 -1.000000
234.974960 561.888550
-1.000000 -1.000000
-1.000000 -1.000000
-1.000000 -1.000000
-1.000000 -1.000000
-1.000000 -1.000000
-1.000000 -1.000000
823.995667 561.901611
-1.000000 -1.000000
346.121826 339.324432
738.326843 417.135803
-1.000000 -1.000000
-1.000000 -1.000000
-1.000000 -1.000000
344.324524 407.718140
-1.000000 -1.000000
-1.000000 -1.000000
-1.000000 -1.000000
707.053650 643.190369
-1.000000 -1.000000
-1.000000 -1.000000
384.135376 401.238068
-1.000000 -1.000000
-1.000000 -1.000000
-1.000000 -1.000000
102.269249 592.958618
-1.000000 -1.000000
-1.000000 -1.000000
-1.000000 -1.000000
496.686676 406.624084
140.492157 647.507385
-1.000000 -1.000000
-1.000000 -1.000000
-1.000000 -1.000000
-1.000000 -1.000000
-1.000000 -1.000000
653.729919 639.256714
-1.000000 -1.000000
-1.000000 -1.000000
705.099304 407.695892
-1.000000 -1.000000
-1.000000 -1.000000
-1.000000 -1.000000
623.258423 481.464996
-1.000000 -1.000000
-1.000000 -1.000000
-1.000000 -1.000000
-1.000000 -1.000000
-1.000000 -1.000000
-1.000000 -1.000000
471.019409 268.064941
-1.000000 -1.000000
503.660278 377.495422
684.969482 587.419373
-1.000000 -1.000000
779.710205 502.475647
-1.000000 -1.000000
-1.000000 -1.000000
-1.000000 -1.000000
209.261536 474.540131
-1.000000 -1.000000
-1.000000 -1.000000
-1.000000 -1.000000
-1.000000 -1.000000
-1.000000 -1.000000
-1.000000 -1.000000
-1.000000 -1.000000
-1.000000 -1.000000
-1.000000 -1.000000
302.381836 372.012115
-1.000000 -1.000000
293.205109 606.665955
398.978424 471.010956
-1.000000 -1.000000
649.609802 580.566223
-1.000000 -1.000000
-1.000000 -1.000000
-1.000000 -1.000000
537.625427 273.950439
720.816040 388.237946
-1.000000 -1.000000
-1.000000 -1.000000
-1.000000 -1.000000
-1.000000 -1.000000
-1.000000 -1.000000
-1.000000 -1.000000
-1.000000 -1.000000
-1.000000 -1.000000
798.693420 614.086121
616.914062 502.272430
395.243958 493.909393
-1.000000 -1.000000
-1.000000 -1.000000
686.026306 630.117004
659.913391 486.989258
273.104492 528.011719
-1.000000 -1.000000
-1.000000 -1.000000
-1.000000 -1.000000
-1.000000 -1.000000
-1.000000 -1.000000
384.924377 281.754639
-1.000000 -1.000000
-1.000000 -1.000000
-1.000000 -1.000000
489.740723 334.566559
-1.000000 -1.000000
-1.000000 -1.000000
543.311768 468.795868
813.905273 506.404633
-1.000000 -1.000000
-1.000000 -1.000000
-1.000000 -1.000000
786.264587 573.422974
-1.000000 -1.000000
-1.000000 -1.000000
-1.000000 -1.000000
-1.000000 -1.000000
-1.000000 -1.000000
-1.000000 -1.000000
619.267639 318.320740
-1.000000 -1.000000
-1.000000 -1.000000
-1.000000 -1.000000
501.832977 398.269165
629.785278 538.444092
-1.000000 -1.000000
673.618713 584.930786
-1.000000 -1.000000
-1.000000 -1.000000
-1.000000 -1.000000
-1.000000 -1.000000
-1.000000 -1.000000
608.713074 569.534546
422.222870 303.111755
-1.000000 -1.000000
-1.000000 -1.000000
-1.000000 -1.000000
-1.000000 -1.000000
-1.000000 -1.000000
-1.000000 -1.000000
415.539673 282.058838
-1.000000 -1.000000
-1.000000 -1.000000
-1.000000 -1.000000
302.276367 479.532318
-1.000000 -1.000000
-1.000000 -1.000000
-1.000000 -1.000000
648.233398 484.287994
-1.000000 -1.000000
-1.000000 -1.000000
-1.000000 -1.000000
-1.000000 -1.000000
285.677307 487.383636
401.168121 237.338608
-1.000000 -1.000000
-1.000000 -1.000000
-1.000000 -1.000000
825.603577 445.855469
-1.000000 -1.000000
-1.000000 -1.000000
-1.000000 -1.000000
630.603699 547.475403
-1.000000 -1.000000
507.392700 408.441925
-1.000000 -1.000000
-1.000000 -1.000000
-1.000000 -1.000000
-1.000000 -1.000000
-1.000000 -1.000000
-1.000000 -1.000000
-1.000000 -1.000000
646.757446 592.626892
650.743225 611.910950
-1.000000 -1.000000
-1.000000 -1.000000
-1.000000 -1.000000
-1.000000 -1.000000
662.873169 525.725769
831.020264 421.448792
-1.000000 -1.000000
795.847351 603.886597
638.404846 572.518494
156.583130 540.024292
835.373779 617.218140
442.277191 368.210663
-1.000000 -1.000000
-1.000000 -1.000000
-1.000000 -1.000000
654.098083 628.137634
-1.000000 -1.000000
386.087769 411.469604
-1.000000 -1.000000
-1.000000 -1.000000
572.966003 379.674957
802.808105 635.766113
-1.000000 -1.000000
-1.000000 -1.000000
-1.000000 -1.000000
426.909119 321.254700
-1.000000 -1.000000
258.940552 427.872009
626.987427 506.866821
716.586792 409.185944
