1170.914185 648.264038
1077.985107 460.991669
544.378662 550.294678
983.123352 692.034424
463.280792 681.700134
1031.805176 547.617249
1074.050293 484.849945
487.037201 540.008240
402.046265 529.685303
1145.506836 685.930359
140.187881 659.171936
906.729309 202.780518
386.774811 410.321777
265.732666 550.495850
375.864288 168.003082
1247.000000 535.000000
530.000000 339.000000
1024.096436 612.270996
1012.346191 609.900330
1237.535889 564.463379
61.216728 677.458008
1103.323120 485.534119
557.000000 321.000000
523.346741 239.772552
523.128174 175.297012
224.160995 676.380737
1088.909912 525.477417
165.901276 650.761963
464.615509 415.206940
626.280212 341.533356
541.998657 562.532898
674.690063 670.464355
1178.973267 691.242493
156.000000 640.000000
124.815063 645.556213
1255.000000 516.000000
140.100632 558.342712
1040.940430 547.313904
364.197540 111.506378
1224.930298 554.901550
375.539246 191.785141
162.719025 607.733704
530.000000 320.000000
347.062744 558.166504
162.364807 607.932983
487.754730 558.058105
390.256317 427.953400
1090.958496 641.518494
1023.235596 625.057190
631.000000 474.000000
249.577927 472.020538
1214.897705 560.239929
644.664062 577.971558
414.231842 416.563690
1017.292114 201.441727
402.694733 544.907288
466.836853 433.383423
1071.609497 387.694702
218.359802 589.717346
619.542908 506.584229
517.391541 640.226562
361.165283 170.428360
194.262741 568.149597
1013.575195 356.881073
221.750336 656.375183
462.895599 97.385857
236.409439 538.335144
1136.000000 527.000000
377.035034 178.478119
643.800903 560.819641
602.473633 565.765076
341.392151 544.671875
612.692688 566.899475
69.716347 617.287781
461.406464 541.287903
161.645935 608.297607
506.497864 176.169693
1233.751465 138.154587
997.723999 627.373291
1013.245117 279.429840
980.821167 663.419556
1107.361450 619.525513
679.155457 231.289291
554.018921 648.097839
1037.181763 570.712585
563.138550 648.038757
409.919281 185.708435
552.535583 334.411713
1098.763184 613.495300
1012.665344 381.897888
289.829529 543.331116
377.527679 178.818130
400.548462 175.964096
282.488983 509.666962
463.902679 164.338501
1113.849487 482.578735
536.790833 538.051636
1015.170105 328.572052
281.041962 535.732971
376.792053 324.817505
