-1.000000 -1.000000
-1.000000 -1.000000
-1.000000 -1.000000
-1.000000 -1.000000
-1.000000 -1.000000
-1.000000 -1.000000
-1.000000 -1.000000
-1.000000 -1.000000
-1.000000 -1.000000
-1.000000 -1.000000
-1.000000 -1.000000
-1.000000 -1.000000
-1.000000 -1.000000
-1.000000 -1.000000
-1.000000 -1.000000
-1.000000 -1.000000
-1.000000 -1.000000
-1.000000 -1.000000
-1.000000 -1.000000
-1.000000 -1.000000
-1.000000 -1.000000
-1.000000 -1.000000
-1.000000 -1.000000
-1.000000 -1.000000
-1.000000 -1.000000
-1.000000 -1.000000
-1.000000 -1.000000
-1.000000 -1.000000
297.974976 550.247742
-1.000000 -1.000000
-1.000000 -1.000000
1146.489258 515.527588
-1.000000 -1.000000
-1.000000 -1.000000
574.554443 398.874268
-1.000000 -1.000000
443.643616 418.385803
357.878601 496.676849
-1.000000 -1.000000
-1.000000 -1.000000
-1.000000 -1.000000
-1.000000 -1.000000
-1.000000 -1.000000
415.887268 505.589203
-1.000000 -1.000000
-1.000000 -1.000000
-1.000000 -1.000000
-1.000000 -1.000000
-1.000000 -1.000000
-1.000000 -1.000000
-1.000000 -1.000000
-1.000000 -1.000000
-1.000000 -1.000000
-1.000000 -1.000000
-1.000000 -1.000000
-1.000000 -1.000000
-1.000000 -1.000000
-1.000000 -1.000000
-1.000000 -1.000000
-1.000000 -1.000000
-1.000000 -1.000000
1055.829468 592.340759
-1.000000 -1.000000
-1.000000 -1.000000
-1.000000 -1.000000
-1.000000 -1.000000
-1.000000 -1.000000
1058.816284 511.878357
-1.000000 -1.000000
-1.000000 -1.000000
210.298492 606.828247
409.097321 491.325104
-1.000000 -1.000000
161.252823 594.219543
-1.000000 -1.000000
-1.000000 -1.000000
751.511658 629.251404
-1.000000 -1.000000
-1.000000 -1.000000
-1.000000 -1.000000
-1.000000 -1.000000
-1.000000 -1.000000
-1.000000 -1.000000
-1.000000 -1.000000
-1.000000 -1.000000
396.093994 514.464539
-1.000000 -1.000000
-1.000000 -1.000000
-1.000000 -1.000000
-1.000000 -1.000000
-1.000000 -1.000000
297.870605 528.001709
260.766266 483.789185
-1.000000 -1.000000
-1.000000 -1.000000
192.821808 652.883301
-1.000000 -1.000000
-1.000000 -1.000000
-1.000000 -1.000000
-1.000000 -1.000000
-1.000000 -1.000000
-1.000000 -1.000000
793.795837 645.353394
-1.000000 -1.000000
308.912933 425.741760
705.116394 497.557129
-1.000000 -1.000000
-1.000000 -1.000000
-1.000000 -1.000000
306.359619 494.764343
-1.000000 -1.000000
-1.000000 -1.000000
-1.000000 -1.000000
-1.000000 -1.000000
-1.000000 -1.000000
-1.000000 -1.000000
346.983826 487.813812
-1.000000 -1.000000
-1.000000 -1.000000
-1.000000 -1.000000
53.217991 687.587402
-1.000000 -1.000000
-1.000000 -1.000000
-1.000000 -1.000000
461.400238 490.393311
-1.000000 -1.000000
-1.000000 -1.000000
-1.000000 -1.000000
-1.000000 -1.000000
-1.000000 -1.000000
-1.000000 -1.000000
-1.000000 -1.000000
-1.000000 -1.000000
-1.000000 -1.000000
672.094788 488.814362
-1.000000 -1.000000
-1.000000 -1.000000
-1.000000 -1.000000
590.683044 566.272400
-1.000000 -1.000000
-1.000000 -1.000000
-1.000000 -1.000000
-1.000000 -1.000000
-1.000000 -1.000000
-1.000000 -1.000000
436.538086 350.950073
-1.000000 -1.000000
-1.000000 -1.000000
653.845093 675.781006
-1.000000 -1.000000
748.616882 585.307373
-1.000000 -1.000000
-1.000000 -1.000000
-1.000000 -1.000000
167.004288 564.559326
-1.000000 -1.000000
-1.000000 -1.000000
-1.000000 -1.000000
-1.000000 -1.000000
-1.000000 -1.000000
-1.000000 -1.000000
-1.000000 -1.000000
-1.000000 -1.000000
-1.000000 -1.000000
263.550385 459.782196
-1.000000 -1.000000
-1.000000 -1.000000
361.243622 558.636475
-1.000000 -1.000000
618.111084 669.531860
-1.000000 -1.000000
-1.000000 -1.000000
-1.000000 -1.000000
502.793488 356.004730
687.744202 469.128693
-1.000000 -1.000000
-1.000000 -1.000000
-1.000000 -1.000000
-1.000000 -1.000000
-1.000000 -1.000000
-1.000000 -1.000000
-1.000000 -1.000000
-1.000000 -1.000000
-1.000000 -1.000000
-1.000000 -1.000000
-1.000000 -1.000000
-1.000000 -1.000000
-1.000000 -1.000000
-1.000000 -1.000000
627.435730 571.190247
-1.000000 -1.000000
-1.000000 -1.000000
-1.000000 -1.000000
-1.000000 -1.000000
-1.000000 -1.000000
-1.000000 -1.000000
348.243805 368.092255
-1.000000 -1.000000
-1.000000 -1.000000
-1.000000 -1.000000
455.028076 416.917877
-1.000000 -1.000000
-1.000000 -1.000000
509.156616 553.841797
782.719055 588.483459
-1.000000 -1.000000
-1.000000 -1.000000
-1.000000 -1.000000
756.260376 658.562073
-1.000000 -1.000000
-1.000000 -1.000000
-1.000000 -1.000000
-1.000000 -1.000000
-1.000000 -1.000000
-1.000000 -1.000000
584.923523 398.802032
-1.000000 -1.000000
-1.000000 -1.000000
-1.000000 -1.000000
466.800629 482.626465
597.158997 625.862244
-1.000000 -1.000000
642.171814 673.608826
-1.000000 -1.000000
-1.000000 -1.000000
-1.000000 -1.000000
-1.000000 -1.000000
-1.000000 -1.000000
576.495178 658.429504
-1.000000 -1.000000
-1.000000 -1.000000
-1.000000 -1.000000
-1.000000 -1.000000
-1.000000 -1.000000
-1.000000 -1.000000
-1.000000 -1.000000
380.186646 368.422150
-1.000000 -1.000000
-1.000000 -1.000000
-1.000000 -1.000000
-1.000000 -1.000000
-1.000000 -1.000000
-1.000000 -1.000000
-1.000000 -1.000000
615.676025 569.289551
-1.000000 -1.000000
-1.000000 -1.000000
-1.000000 -1.000000
-1.000000 -1.000000
244.882141 576.432556
366.300537 319.947906
-1.000000 -1.000000
-1.000000 -1.000000
-1.000000 -1.000000
793.074890 525.825195
-1.000000 -1.000000
-1.000000 -1.000000
-1.000000 -1.000000
-1.000000 -1.000000
-1.000000 -1.000000
472.645355 492.362549
-1.000000 -1.000000
-1.000000 -1.000000
-1.000000 -1.000000
-1.000000 -1.000000
-1.000000 -1.000000
-1.000000 -1.000000
-1.000000 -1.000000
615.336121 682.218628
-1.000000 -1.000000
-1.000000 -1.000000
-1.000000 -1.000000
-1.000000 -1.000000
-1.000000 -1.000000
630.801147 612.277893
797.353027 501.613159
-1.000000 -1.000000
766.477478 690.768860
605.981445 660.547302
112.833435 631.399902
-1.000000 -1.000000
-1.000000 -1.000000
-1.000000 -1.000000
-1.000000 -1.000000
-1.000000 -1.000000
-1.000000 -1.000000
-1.000000 -1.000000
347.973877 498.031860
-1.000000 -1.000000
-1.000000 -1.000000
-1.000000 -1.000000
-1.000000 -1.000000
-1.000000 -1.000000
-1.000000 -1.000000
-1.000000 -1.000000
-1.000000 -1.000000
-1.000000 -1.000000
219.237595 516.156372
594.495178 592.949768
684.541748 489.859100
