1191.282593 645.176025
1098.866577 456.543152
562.044983 542.392395
1001.435242 685.703308
480.789093 671.224976
1051.137695 544.274536
1094.426880 479.731018
504.552917 531.093872
420.641815 519.900879
1164.979736 685.794189
161.112183 645.489624
926.654846 196.929779
405.654633 401.332794
285.407898 538.958801
394.246582 160.326187
1011.000000 695.000000
1188.494629 489.898376
1043.088257 606.397522
1031.602173 604.043396
30.016333 646.227539
83.488663 662.284485
1124.329834 480.394257
490.000000 691.000000
541.161011 233.242920
541.000000 169.000000
243.660675 663.577942
1110.330688 522.789429
186.572052 637.605469
482.691956 407.263092
644.100769 335.706207
559.449707 554.273987
691.391418 663.531738
1199.000000 692.000000
1161.188110 510.482574
146.007126 631.818787
549.000000 333.000000
161.169174 545.572021
1061.000000 544.000000
382.429291 103.875122
1247.237061 553.903320
393.969452 184.055984
183.420013 594.834534
548.321533 314.087494
365.988007 547.561768
183.064117 595.037476
505.595856 549.296082
409.021942 418.960388
1019.070923 665.158386
1042.469238 619.151794
176.967514 627.463989
270.006927 460.959259
1236.878296 559.014893
661.755432 571.092102
432.678070 408.057861
1038.427124 196.067078
421.402283 535.253662
485.161011 425.281433
1092.887451 383.956329
238.656479 577.669617
636.734192 499.614807
534.751465 630.970215
379.708801 162.695496
214.846695 555.817078
1033.948364 352.651917
241.423340 643.564941
480.742859 90.451439
256.421051 526.589355
573.492065 313.694458
395.278198 170.789017
660.652954 553.775452
619.725464 558.175293
360.420105 534.144836
629.797729 559.527039
91.589455 603.056213
479.000000 532.000000
182.270096 595.355591
524.329529 169.111923
584.000000 694.000000
1015.481323 624.869263
1034.298462 276.437592
997.980652 660.679321
1127.714233 614.793030
697.273071 225.697205
571.022705 639.402832
1057.147461 564.825867
579.992126 639.350098
428.049072 178.581177
570.490173 327.367279
1118.766113 608.710388
1033.151855 377.921204
309.316406 532.227356
395.682068 171.193268
418.760925 168.394394
302.447174 498.695343
481.856842 156.989471
1135.000000 478.000000
554.283813 530.098816
1035.786743 324.304108
300.217346 524.330444
395.605103 316.587341
