-1.000000 -1.000000
-1.000000 -1.000000
-1.000000 -1.000000
-1.000000 -1.000000
-1.000000 -1.000000
-1.000000 -1.000000
-1.000000 -1.000000
-1.000000 -1.000000
-1.000000 -1.000000
-1.000000 -1.000000
1190.953247 231.932510
492.844666 185.928757
-1.000000 -1.000000
-1.000000 -1.000000
-1.000000 -1.000000
-1.000000 -1.000000
-1.000000 -1.000000
-1.000000 -1.000000
248.482101 470.718414
690.398560 385.239258
-1.000000 -1.000000
384.525818 243.955139
-1.000000 -1.000000
-1.000000 -1.000000
626.988281 161.721771
219.542236 416.602386
1122.369385 88.530586
318.727600 378.017700
359.534729 291.931183
-1.000000 -1.000000
607.226318 303.141571
1200.238892 106.342796
-1.000000 -1.000000
622.830872 317.684753
594.830261 94.799377
1190.246094 230.852081
467.822052 138.692825
402.445068 230.186111
-1.000000 -1.000000
319.499237 325.781830
395.601288 376.111816
-1.000000 -1.000000
301.164703 369.499329
461.673004 229.749771
387.327148 356.387238
-1.000000 -1.000000
286.551147 286.757507
-1.000000 -1.000000
-1.000000 -1.000000
-1.000000 -1.000000
-1.000000 -1.000000
589.963257 61.613323
-1.000000 -1.000000
-1.000000 -1.000000
421.020020 164.326309
-1.000000 -1.000000
208.739105 411.620728
-1.000000 -1.000000
-1.000000 -1.000000
-1.000000 -1.000000
1105.652710 160.217880
1114.848633 173.718643
170.880661 495.432190
-1.000000 -1.000000
-1.000000 -1.000000
-1.000000 -1.000000
-1.000000 -1.000000
1105.483032 119.251945
-1.000000 -1.000000
-1.000000 -1.000000
290.868164 362.434814
451.798096 215.900192
-1.000000 -1.000000
242.606384 359.286774
-1.000000 -1.000000
-1.000000 -1.000000
808.705750 287.439850
351.107208 472.155853
383.525421 197.606583
275.387085 282.640747
-1.000000 -1.000000
-1.000000 -1.000000
346.954865 169.567825
-1.000000 -1.000000
-1.000000 -1.000000
442.899353 242.477158
-1.000000 -1.000000
379.574799 233.776672
-1.000000 -1.000000
-1.000000 -1.000000
-1.000000 -1.000000
351.966034 272.935944
306.307678 234.870407
-1.000000 -1.000000
-1.000000 -1.000000
285.421753 409.561401
-1.000000 -1.000000
-1.000000 -1.000000
-1.000000 -1.000000
-1.000000 -1.000000
751.655151 383.068329
-1.000000 -1.000000
855.894043 298.127747
377.184601 383.757965
335.368988 166.208664
746.157898 172.546799
792.522156 395.383423
-1.000000 -1.000000
329.548370 278.719604
352.245422 237.689224
284.159485 275.456421
-1.000000 -1.000000
389.968353 156.036667
756.286377 394.450043
-1.000000 -1.000000
-1.000000 -1.000000
389.436829 222.206223
344.560242 158.297348
217.750137 405.085297
-1.000000 -1.000000
169.970200 460.946289
-1.000000 -1.000000
367.968079 232.881592
-1.000000 -1.000000
502.693329 208.434799
218.633453 506.080688
414.431915 149.185837
-1.000000 -1.000000
-1.000000 -1.000000
-1.000000 -1.000000
-1.000000 -1.000000
702.693237 399.434326
-1.000000 -1.000000
-1.000000 -1.000000
709.263672 167.309052
-1.000000 -1.000000
363.447723 122.960175
-1.000000 -1.000000
642.595398 256.095123
-1.000000 -1.000000
-1.000000 -1.000000
-1.000000 -1.000000
-1.000000 -1.000000
-1.000000 -1.000000
-1.000000 -1.000000
440.933960 70.018814
-1.000000 -1.000000
501.610779 177.088455
724.731934 346.105438
-1.000000 -1.000000
801.101501 247.186157
-1.000000 -1.000000
-1.000000 -1.000000
-1.000000 -1.000000
239.740387 327.623688
-1.000000 -1.000000
-1.000000 -1.000000
-1.000000 -1.000000
-1.000000 -1.000000
-1.000000 -1.000000
-1.000000 -1.000000
-1.000000 -1.000000
-1.000000 -1.000000
758.675964 403.408325
302.539001 207.591782
-1.000000 -1.000000
351.681244 440.480408
420.153168 290.852783
-1.000000 -1.000000
688.104126 346.226715
-1.000000 -1.000000
431.645538 162.699203
-1.000000 -1.000000
521.043579 81.000229
720.997131 144.868362
-1.000000 -1.000000
-1.000000 -1.000000
-1.000000 -1.000000
520.973877 84.985741
-1.000000 -1.000000
-1.000000 -1.000000
-1.000000 -1.000000
-1.000000 -1.000000
839.029175 351.842529
640.203430 278.258820
422.447571 315.555511
-1.000000 -1.000000
380.603546 366.896362
732.215881 386.332001
680.843140 254.685135
314.248260 368.230591
-1.000000 -1.000000
-1.000000 -1.000000
-1.000000 -1.000000
448.966370 226.408264
-1.000000 -1.000000
360.551880 96.229340
-1.000000 -1.000000
-1.000000 -1.000000
-1.000000 -1.000000
478.015472 136.817673
-1.000000 -1.000000
-1.000000 -1.000000
560.358521 259.536255
837.757629 245.854050
-1.000000 -1.000000
-1.000000 -1.000000
-1.000000 -1.000000
821.746765 315.904053
-1.000000 -1.000000
-1.000000 -1.000000
-1.000000 -1.000000
691.129822 101.729668
-1.000000 -1.000000
-1.000000 -1.000000
604.530151 93.942245
-1.000000 -1.000000
425.477173 153.439499
-1.000000 -1.000000
504.411346 197.031265
662.978821 310.311310
257.714539 462.119080
713.786377 346.634186
-1.000000 -1.000000
-1.000000 -1.000000
-1.000000 -1.000000
-1.000000 -1.000000
-1.000000 -1.000000
645.159607 344.123199
401.222198 113.977577
-1.000000 -1.000000
-1.000000 -1.000000
-1.000000 -1.000000
-1.000000 -1.000000
341.419891 271.047821
801.306580 396.497192
388.861389 92.364349
400.625885 148.985718
-1.000000 -1.000000
-1.000000 -1.000000
328.019775 317.221863
-1.000000 -1.000000
-1.000000 -1.000000
633.337708 263.814087
669.807495 255.437881
-1.000000 -1.000000
-1.000000 -1.000000
-1.000000 -1.000000
391.489807 188.559280
313.628418 375.899902
363.593079 52.813152
-1.000000 -1.000000
-1.000000 -1.000000
-1.000000 -1.000000
836.186829 181.729172
223.331482 424.902100
-1.000000 -1.000000
-1.000000 -1.000000
664.749512 320.268158
-1.000000 -1.000000
513.454346 208.170898
-1.000000 -1.000000
-1.000000 -1.000000
-1.000000 -1.000000
-1.000000 -1.000000
-1.000000 -1.000000
-1.000000 -1.000000
-1.000000 -1.000000
686.999329 357.819580
694.078430 373.611633
-1.000000 -1.000000
-1.000000 -1.000000
-1.000000 -1.000000
-1.000000 -1.000000
690.383789 290.510773
841.279541 155.125137
-1.000000 -1.000000
833.852295 341.476196
676.887390 342.422150
204.437454 402.270111
875.875122 347.164154
441.469269 179.557434
-1.000000 -1.000000
-1.000000 -1.000000
-1.000000 -1.000000
700.938660 391.009796
-1.000000 -1.000000
394.300568 232.536255
-1.000000 -1.000000
-1.000000 -1.000000
568.769287 159.863297
847.353516 371.848969
-1.000000 -1.000000
-1.000000 -1.000000
-1.000000 -1.000000
410.831635 131.756165
-1.000000 -1.000000
272.638123 273.774780
651.965637 282.861572
719.811584 167.384018
