1130.330566 318.163940
1198.407104 226.932709
1190.735352 637.477478
844.597717 461.574463
1189.002930 166.084412
252.529800 623.076904
1160.098511 608.675964
504.474243 405.894928
1210.248413 188.552155
1191.969971 615.146118
1158.304932 340.119415
468.329498 295.526825
639.760620 408.996948
766.485840 124.513962
352.816589 587.557373
1202.920166 580.911743
1122.292847 502.951141
671.785767 642.616272
179.740250 580.360474
1208.233643 454.355743
1121.633911 151.661499
1104.796143 448.546997
1147.180420 629.927917
281.711517 572.831116
380.272156 448.307343
184.042984 659.328735
354.816010 488.646912
450.718658 450.058655
1179.823853 595.139282
278.724609 461.772003
633.684937 538.779602
598.630737 229.227310
698.875549 557.495605
706.437378 374.960876
602.850098 555.951294
-1.000000 -1.000000
791.162292 564.159851
289.177063 524.128723
269.359039 552.458008
647.353699 428.441772
403.708221 57.000092
114.514969 658.648254
-1.000000 -1.000000
1101.211060 497.824371
220.119553 530.534729
727.273865 655.872009
1158.601318 297.202698
365.234497 358.484833
347.681122 439.075775
120.003838 638.324097
-1.000000 -1.000000
441.640686 221.322693
434.520813 370.866180
1188.985107 259.294312
229.865204 593.385376
819.514038 671.583923
1184.319458 576.161560
311.664459 418.274414
334.629303 593.878357
381.288696 409.879120
1112.447632 650.935547
-1.000000 -1.000000
295.959717 548.974976
845.353760 442.605133
725.726074 370.130280
829.648193 641.348816
406.152618 512.262207
304.054993 650.099792
358.763458 567.710022
297.760864 667.224915
1121.678223 133.271454
491.493408 364.495270
766.340576 105.968376
223.860031 512.494812
739.517395 433.762360
834.973389 577.943298
644.460571 513.145325
619.385559 347.015656
675.787964 611.779419
251.676956 553.187195
630.033875 308.068268
722.124084 406.714386
501.119476 442.093628
-1.000000 -1.000000
432.652130 462.953400
393.809998 321.591248
454.837280 430.086121
1138.390137 341.630493
810.901978 571.996460
1130.186523 654.736023
678.651245 553.872131
1131.805176 416.573883
1210.797852 561.559875
1178.284912 292.845825
250.135208 598.952271
805.100342 535.187805
1103.017700 96.357529
337.702454 473.579620
703.601196 298.404022
655.650696 608.314148
545.210999 53.719135
1210.008911 649.679321
649.358521 385.568298
315.191559 400.439758
207.519196 648.973450
652.695801 546.720032
311.963501 515.735596
697.097656 648.412781
433.680328 70.757561
1140.489136 610.582947
-1.000000 -1.000000
-1.000000 -1.000000
-1.000000 -1.000000
716.230103 82.654716
431.314880 350.949036
711.232483 611.077332
477.262665 314.579315
624.650269 512.594727
303.751587 630.731445
583.971008 424.958160
336.939545 503.199097
835.158081 480.536224
408.804260 493.033966
1172.690674 369.312775
678.731873 662.245483
682.775940 514.977539
1178.659424 239.915665
1122.694458 97.791885
566.063843 111.076889
114.558510 678.497009
1140.446655 505.173431
298.200439 457.417053
416.627808 319.045502
405.123840 397.604523
411.161682 370.081421
755.796753 144.455673
851.233582 630.324829
1171.468872 655.533264
826.651978 535.618225
652.622375 88.266518
610.398621 208.020203
303.021210 569.003601
663.513245 514.482910
715.119446 428.166138
652.334656 641.192322
684.139526 214.812271
565.107849 421.181122
-1.000000 -1.000000
809.793396 638.348938
838.802124 675.351929
1216.483643 242.061218
395.277435 303.683289
199.513916 576.647766
402.424103 529.722107
524.127991 435.251862
234.263687 638.470642
648.868469 365.088074
371.417908 587.876221
840.777527 597.888550
1134.488159 299.105896
623.439392 569.575439
737.739563 582.119202
402.341827 432.271942
220.196991 550.121887
582.913818 553.314880
1126.730591 631.613647
1101.875122 154.544159
425.829620 389.381500
703.916382 279.927460
538.829529 308.665009
417.050262 301.091614
672.525818 86.597878
1122.162109 521.427246
1152.651245 362.296997
160.975037 584.690125
687.680664 378.170288
785.247681 525.234192
1125.477905 437.114197
316.170624 483.933258
702.052246 577.042908
702.648071 403.682678
591.131714 206.947266
407.128235 77.139122
452.312164 385.970795
1213.788452 261.777435
601.386841 536.906860
220.056854 613.597046
260.243317 466.280670
346.762604 363.073090
824.233826 459.298218
1144.709839 394.378326
1121.058472 483.675171
1215.651367 543.420593
746.105164 119.924164
383.802704 60.441616
383.530731 352.691345
730.891724 674.945557
607.864197 310.082306
179.859467 600.222534
647.433777 69.153763
716.388245 349.535980
570.451477 383.894623
496.037292 308.474457
1190.723389 657.742432
621.224304 229.801743
853.985107 649.630005
469.841522 454.321686
625.022461 587.998047
1167.556030 630.860596
167.730301 677.173157
1215.821045 222.583389
740.239319 408.044769
491.560303 221.192978
796.393616 596.033325
357.742676 464.977020
651.725525 566.563171
1122.491943 171.429550
1190.487427 207.337265
556.767212 488.197906
586.628113 406.011108
453.332581 402.675476
682.279602 196.156250
720.005554 103.349236
526.238831 252.096741
-1.000000 -1.000000
602.219543 575.277466
1160.428345 583.221802
577.298950 226.046692
403.189087 268.412018
1092.744507 650.704590
262.325043 575.028137
821.747314 516.238403
823.829346 442.725067
491.165710 54.955475
695.721741 424.261353
1132.176636 574.275757
278.497253 481.270782
-1.000000 -1.000000
519.455688 375.258514
-1.000000 -1.000000
567.369141 51.944939
-1.000000 -1.000000
-1.000000 -1.000000
1110.855835 318.872162
317.493500 549.684753
526.348022 54.706932
113.724533 618.644104
536.661621 289.603851
1188.465332 457.115479
1149.546509 319.940521
218.279175 492.996765
1178.226929 341.458008
359.165222 418.141449
547.053406 117.749733
414.115204 349.814789
814.391968 597.560486
593.345825 443.245148
744.357483 104.008957
1168.998169 272.739441
1189.732056 146.382599
730.381775 626.445129
469.256470 365.266449
758.836304 434.190613
543.910645 389.694916
546.603333 421.976562
364.604370 378.002380
691.292786 299.488281
499.433228 73.887299
-1.000000 -1.000000
628.201111 207.579987
1153.174561 650.997070
628.012451 386.795380
702.130310 524.169678
708.446899 668.468628
1190.913818 551.914612
513.751221 218.247543
487.241699 287.020782
-1.000000 -1.000000
610.148376 189.356796
539.981445 327.607697
-1.000000 -1.000000
656.109497 586.059265
320.816956 571.646240
566.890564 358.202728
-1.000000 -1.000000
277.884552 617.912659
528.307373 413.905151
678.547058 255.541031
482.019226 412.828400
1164.410767 388.790680
-1.000000 -1.000000
1190.071289 186.149307
626.856873 92.259148
320.093109 437.928162
577.609497 666.600464
1092.187744 670.157898
719.859131 316.704681
752.114685 664.039062
694.547363 349.762390
696.450989 107.670464
543.195496 447.148987
723.444397 563.384094
1121.456909 594.993225
1101.229858 468.207886
381.678772 483.481415
627.538574 493.628510
733.488403 350.469177
-1.000000 -1.000000
1112.846191 572.324097
412.796234 95.169914
668.078857 71.213112
627.794800 427.788788
659.522034 662.878113
456.521606 315.864594
586.539734 529.264282
691.721130 88.526749
307.241119 589.617493
615.959229 328.841003
404.428589 250.748032
740.472168 563.161926
1140.767090 485.278778
509.571289 348.100220
472.125488 219.062286
402.594543 451.459290
582.608398 187.659744
590.856201 380.947021
1106.599976 117.816177
578.402527 508.638092
1209.867798 168.144485
418.594818 211.391632
501.129730 286.660278
1102.734131 516.732483
700.027344 232.040176
799.576355 612.877258
740.031372 452.981598
-1.000000 -1.000000
-1.000000 -1.000000
542.460144 360.652618
666.429504 105.630821
565.692322 440.005463
672.121216 308.782532
701.933960 258.830261
270.264099 530.079285
758.245667 454.264435
722.741882 298.365143
1193.047974 372.639313
452.435394 466.899475
764.122803 587.036621
1156.142822 536.423767
371.447083 549.491211
625.780334 642.248047
662.764893 496.360840
430.882629 252.859314
1151.892456 417.478638
290.172028 504.361847
159.036362 607.319641
649.519226 447.267090
682.236572 178.249146
697.960938 443.495789
1216.019043 393.371033
496.399445 327.264771
183.746002 634.571655
699.742554 127.180588
-1.000000 -1.000000
-1.000000 -1.000000
1071.211426 660.232788
-1.000000 -1.000000
293.599335 417.874176
620.954712 55.656544
489.398682 237.433960
562.489990 550.694336
681.435791 574.202087
-1.000000 -1.000000
160.553940 564.944580
557.359009 509.026123
388.701721 80.204666
768.368774 663.410034
326.071442 629.635010
472.263306 76.519211
202.196411 528.082031
-1.000000 -1.000000
636.615906 609.654175
825.669678 622.038635
854.820984 578.242554
1208.809814 473.949402
802.754150 515.872314
585.549805 646.062500
580.052734 284.605957
1112.989136 301.858765
650.361023 105.989235
744.243652 389.308136
778.977417 144.195480
648.476624 494.892090
714.282104 446.459503
374.359100 323.142090
-1.000000 -1.000000
-1.000000 -1.000000
780.146545 597.823853
557.977600 204.387985
663.478943 409.166138
452.706421 88.044792
96.288574 655.035461
544.403442 143.313583
-1.000000 -1.000000
436.783417 89.279198
615.158386 121.520142
754.541138 241.095016
433.609985 444.014557
596.045288 334.872681
731.279297 603.450439
449.235504 351.858551
1091.567139 631.329102
663.955444 256.254822
488.121460 186.168457
342.132721 419.058441
736.192993 80.818756
297.415070 395.104553
685.973450 270.337219
1173.087280 508.332733
445.053436 194.281113
739.710632 244.924911
601.243591 125.721016
586.617188 625.673157
579.057861 260.502594
246.661377 669.551270
-1.000000 -1.000000
778.360107 614.935608
240.924500 495.916046
488.037109 250.273270
1118.293701 338.637634
258.603821 446.897675
1126.065918 546.152283
297.326996 589.860352
943.352417 125.105324
673.350281 344.821289
521.406616 197.651367
-1.000000 -1.000000
567.078369 530.108765
574.753113 247.936905
206.299454 507.054016
377.791809 297.182800
330.807648 526.093750
640.441528 340.924194
1014.197754 665.308411
346.403992 631.242554
-1.000000 -1.000000
703.475220 219.709641
532.348145 233.706680
1203.786987 284.427338
1170.966919 316.785919
522.423584 453.824738
271.826508 665.968018
705.110718 143.777954
937.065857 62.935989
388.163452 377.233673
555.362305 290.857788
741.836853 206.934692
1096.291260 147.121552
687.067749 331.377411
152.582001 627.309998
386.876740 578.457825
1200.996216 426.791565
603.187073 424.277802
1160.741455 565.236450
683.488892 234.259964
349.369385 547.816528
1205.614624 525.228821
739.207153 319.424011
258.054535 502.380859
423.405701 517.432556
342.038177 385.447754
229.404526 665.966736
720.296814 268.454437
751.330566 605.408936
469.979126 388.361633
628.559204 178.060852
734.099426 173.017899
596.464294 321.123138
358.720337 611.411255
555.905457 156.709290
393.267883 512.729980
504.777191 112.694283
556.599243 307.757477
447.665344 488.209595
525.736084 312.775146
424.252747 424.771576
673.826477 331.152283
1102.925415 76.876045
459.379578 194.522293
518.231934 155.674271
599.118225 136.678284
476.638763 332.907379
476.577393 124.486191
621.432129 622.159119
446.838654 170.385300
579.984558 331.057037
544.991821 155.219757
767.353271 284.819061
-1.000000 -1.000000
563.382019 569.659668
