1187.538818 237.966415
1189.505249 647.455872
241.074249 629.165833
-1.000000 -1.000000
1114.402710 685.449829
1183.123291 615.897705
1196.742554 579.506165
-1.000000 -1.000000
1102.230957 655.492859
642.011475 426.174103
1148.077393 614.965942
499.716339 415.809265
1222.047119 258.918396
1061.797729 686.415466
1131.568604 660.358643
1178.456055 267.974792
638.886658 382.541809
1209.578735 195.610840
189.652664 657.786926
660.379333 650.317810
1071.942139 677.366699
381.403351 450.699951
1162.223633 605.815735
-1.000000 -1.000000
633.454102 416.160583
177.031342 595.393494
1124.347168 428.651733
284.389282 573.822083
345.471558 495.813477
-1.000000 -1.000000
591.271606 550.277466
1196.424316 463.723541
462.799927 305.651520
604.128540 567.659973
612.514099 346.929382
1179.864258 581.167725
483.446045 365.585846
402.865356 441.427856
561.117371 424.764832
297.272217 521.272156
361.040314 586.336121
-1.000000 -1.000000
268.414062 563.698853
459.014587 450.989197
356.792633 565.335632
217.658630 601.244019
276.297333 475.923798
733.349609 578.960205
434.902710 223.386108
307.220459 568.894592
1191.453857 164.287308
615.508423 317.570251
-1.000000 -1.000000
1120.309570 583.374268
433.914093 382.215912
-1.000000 -1.000000
167.072739 589.553833
702.788879 433.439453
1152.806763 338.228333
-1.000000 -1.000000
1102.981567 497.839630
1109.408325 507.803650
106.114746 667.469299
-1.000000 -1.000000
693.958008 562.648376
548.102905 50.846317
-1.000000 -1.000000
1104.833740 458.906250
587.892090 227.552307
296.332489 554.487366
261.925385 552.651978
452.062256 436.320801
1159.344482 306.350006
214.490005 539.913879
584.602844 420.479279
1163.970581 339.473145
795.506104 572.362305
294.446045 677.530273
390.124756 406.226166
266.618805 470.970917
821.698547 675.959595
694.906616 572.436218
362.621826 373.002045
1199.444946 186.188736
725.940369 375.152222
440.269318 459.257446
1192.101929 223.115082
378.870972 441.639130
1143.663940 398.943176
-1.000000 -1.000000
1177.225220 648.338623
344.415863 473.206573
307.439880 427.762238
637.200073 546.206909
1173.873535 373.509552
245.460968 599.702942
711.077698 618.368530
400.635925 63.546051
1112.999146 165.295547
1225.018677 234.362747
721.303833 660.318665
1169.162231 296.714050
837.829346 588.784546
342.474091 590.398315
353.023468 368.372192
746.198730 444.635040
759.847839 679.592407
1151.006836 389.319672
318.567566 476.271515
352.969971 438.647675
275.430664 465.697052
1137.201660 408.745880
405.382538 368.250824
723.138306 671.237610
696.468140 380.091034
-1.000000 -1.000000
391.275238 432.662354
361.670715 363.113403
176.088989 584.718201
-1.000000 -1.000000
114.066475 633.469604
1199.909790 201.560074
366.123444 439.637695
681.946289 517.002441
503.719116 436.035919
153.149124 688.530396
432.351044 364.923462
587.848999 431.478668
698.458008 583.898499
642.622925 438.358978
447.121307 222.305115
669.960083 667.665710
235.806442 593.546814
1144.861938 366.317932
712.359985 434.941223
492.127258 309.629608
389.075226 330.970184
1129.757812 649.632812
633.306396 510.347290
711.996216 379.762909
567.465027 119.799767
1112.255249 137.729660
1129.170288 639.522278
712.089111 310.327454
-1.000000 -1.000000
473.642334 298.578461
628.300232 312.609772
510.492432 407.881866
698.958740 615.781555
1183.578247 259.414703
791.767334 530.328796
1105.541870 96.951126
1151.353882 347.919464
1127.359863 417.884460
218.737778 509.920654
704.618713 292.058167
799.180786 591.844360
611.566650 214.700546
1179.276855 293.977509
616.200684 201.861252
684.711670 214.302963
-1.000000 -1.000000
554.194092 122.329201
725.783508 681.885315
309.776215 402.933502
471.928253 322.976257
303.338470 645.976868
406.518585 504.291809
680.443420 192.352722
663.447205 609.661194
482.987762 222.859558
445.251526 382.091766
433.787506 66.890106
544.596924 321.438599
728.505737 416.011200
590.920166 218.660934
429.390839 80.378983
401.283630 73.100479
539.014465 306.157440
-1.000000 -1.000000
1157.696899 379.552582
647.555969 80.944397
490.875488 46.265335
814.641235 641.382324
628.215332 529.901917
403.552399 527.510437
737.194336 675.064941
349.818787 574.168945
701.227600 658.191589
669.983093 515.626099
282.107941 564.777466
1118.910645 499.613373
1122.989624 329.829041
1110.608765 107.948349
447.944855 445.926331
491.385590 70.097137
390.697510 309.093781
600.216980 227.313507
724.488831 578.138428
527.362061 263.509064
494.474426 364.323090
1164.004639 351.618500
728.130859 388.865509
552.503235 497.111694
826.294922 534.044312
709.128723 577.164612
-1.000000 -1.000000
1115.322266 648.632324
800.218140 600.941956
744.080078 582.245605
533.079041 55.199211
721.217285 92.062050
705.240479 370.121246
1166.584106 655.755310
1223.453735 541.310913
623.456604 346.741943
720.113892 347.258362
440.258331 371.384979
295.495087 564.558960
508.446686 427.829437
641.049072 566.553467
205.018906 649.610291
687.371399 613.461975
-1.000000 -1.000000
437.939301 77.923882
425.320068 68.490860
655.091492 432.096588
-1.000000 -1.000000
621.705811 598.011230
423.739624 329.891907
691.619507 235.592194
658.558777 81.235825
386.038330 68.395042
717.712097 365.778809
334.255310 470.266479
770.898376 683.025452
416.536957 308.998077
420.161743 362.393127
494.668182 321.054718
1119.303955 509.996429
310.759491 514.187500
1147.867920 640.299072
731.782471 588.514526
623.575867 516.507507
658.261292 513.350281
644.455444 410.060211
620.810425 213.948364
1125.676514 310.947357
402.966309 398.809357
308.785065 558.525940
402.521790 265.938141
552.281189 425.615784
675.813477 90.584488
161.019073 600.103210
835.454895 471.717529
176.185089 606.455627
671.779602 264.596924
-1.000000 -1.000000
642.735840 575.673035
484.090057 316.716492
514.287170 437.694611
645.485901 63.683426
615.751282 561.755737
471.422913 312.477539
-1.000000 -1.000000
607.475464 202.652847
1123.057739 573.873169
661.980957 101.077713
660.556396 620.522217
666.378723 641.032715
726.268250 360.844574
-1.000000 -1.000000
695.883423 391.418457
560.904907 434.654938
674.224487 555.195312
840.375549 447.503357
556.027893 398.765503
810.784180 632.337402
651.349060 600.668701
167.904831 577.655640
851.610718 644.621216
446.677063 396.998016
649.376953 393.333221
672.621094 82.482704
539.068359 298.395416
670.566040 656.580383
-1.000000 -1.000000
391.690277 442.524963
316.279266 628.682007
779.871643 591.634644
579.501282 401.885284
820.662842 664.081787
553.981873 388.904572
699.301147 267.865814
654.091858 101.522858
430.564697 353.281677
658.526184 91.040993
267.974457 460.555817
638.065002 534.965515
724.876099 436.441376
