-1.000000 -1.000000
-1.000000 -1.000000
-1.000000 -1.000000
-1.000000 -1.000000
-1.000000 -1.000000
-1.000000 -1.000000
-1.000000 -1.000000
-1.000000 -1.000000
-1.000000 -1.000000
-1.000000 -1.000000
1189.926636 262.013519
495.045746 199.592316
-1.000000 -1.000000
-1.000000 -1.000000
-1.000000 -1.000000
-1.000000 -1.000000
-1.000000 -1.000000
-1.000000 -1.000000
243.258957 478.345917
687.492249 402.865417
-1.000000 -1.000000
385.110992 254.860031
-1.000000 -1.000000
-1.000000 -1.000000
629.298523 178.565308
215.680893 423.435272
1123.779785 118.991508
315.882202 387.137787
359.090149 301.986938
-1.000000 -1.000000
606.200928 319.053192
1201.514893 136.499374
-1.000000 -1.000000
621.479248 333.792084
598.451782 111.570427
1189.245117 260.857788
470.885498 152.394440
403.352478 241.554794
-1.000000 -1.000000
318.211273 334.847900
393.265594 386.355865
-1.000000 -1.000000
298.550049 378.215424
462.720276 242.180038
385.384644 366.880646
-1.000000 -1.000000
286.320160 295.354462
-1.000000 -1.000000
-1.000000 -1.000000
-1.000000 -1.000000
-1.000000 -1.000000
594.653442 78.560066
-1.000000 -1.000000
-1.000000 -1.000000
423.941376 176.621338
-1.000000 -1.000000
204.723770 418.724457
-1.000000 -1.000000
-1.000000 -1.000000
-1.000000 -1.000000
1105.971436 187.600922
1115.008911 202.769409
164.837601 501.296631
-1.000000 -1.000000
-1.000000 -1.000000
-1.000000 -1.000000
-1.000000 -1.000000
1106.859131 147.239212
-1.000000 -1.000000
-1.000000 -1.000000
288.445068 370.821777
453.120300 228.577591
-1.000000 -1.000000
240.233734 366.859772
-1.000000 -1.000000
-1.000000 -1.000000
808.283020 307.816528
346.181915 481.816223
385.416321 208.761246
275.124237 291.330719
-1.000000 -1.000000
-1.000000 -1.000000
349.873718 180.229706
-1.000000 -1.000000
-1.000000 -1.000000
443.760895 254.596466
-1.000000 -1.000000
380.860199 244.765228
-1.000000 -1.000000
-1.000000 -1.000000
-1.000000 -1.000000
352.008850 283.108093
307.395844 244.166321
-1.000000 -1.000000
-1.000000 -1.000000
282.062225 417.820343
-1.000000 -1.000000
-1.000000 -1.000000
-1.000000 -1.000000
-1.000000 -1.000000
748.912231 401.948730
-1.000000 -1.000000
854.755188 319.321686
374.204498 394.032227
338.317780 176.653259
747.600159 191.683838
789.403320 415.178619
-1.000000 -1.000000
329.483490 288.283234
353.177063 247.941162
284.052704 284.134460
-1.000000 -1.000000
392.802094 167.933701
753.164612 413.503021
-1.000000 -1.000000
-1.000000 -1.000000
390.711395 233.746567
347.441132 169.002029
214.004425 412.121277
-1.000000 -1.000000
164.833588 466.683807
-1.000000 -1.000000
368.941620 243.798035
-1.000000 -1.000000
504.074860 222.196381
212.345718 513.144043
417.441406 161.377274
-1.000000 -1.000000
-1.000000 -1.000000
-1.000000 -1.000000
-1.000000 -1.000000
699.617249 417.247223
-1.000000 -1.000000
-1.000000 -1.000000
710.783081 186.066254
-1.000000 -1.000000
367.274475 134.377991
-1.000000 -1.000000
642.694397 272.677338
-1.000000 -1.000000
-1.000000 -1.000000
-1.000000 -1.000000
-1.000000 -1.000000
-1.000000 -1.000000
-1.000000 -1.000000
445.760712 83.505180
-1.000000 -1.000000
503.433044 191.226898
722.588928 364.343140
-1.000000 -1.000000
801.015259 267.621643
-1.000000 -1.000000
-1.000000 -1.000000
-1.000000 -1.000000
238.219070 335.258209
-1.000000 -1.000000
-1.000000 -1.000000
-1.000000 -1.000000
-1.000000 -1.000000
-1.000000 -1.000000
-1.000000 -1.000000
-1.000000 -1.000000
-1.000000 -1.000000
755.173950 422.221405
303.953766 217.102905
-1.000000 -1.000000
347.611938 450.235107
419.624725 302.290649
-1.000000 -1.000000
686.295715 363.871399
-1.000000 -1.000000
434.297424 175.273285
-1.000000 -1.000000
525.569580 96.194389
722.892212 163.881409
-1.000000 -1.000000
-1.000000 -1.000000
-1.000000 -1.000000
525.752930 99.838013
-1.000000 -1.000000
-1.000000 -1.000000
-1.000000 -1.000000
-1.000000 -1.000000
836.877441 372.436523
639.741760 294.856079
421.122467 327.162903
-1.000000 -1.000000
378.246368 377.297699
729.764160 405.019226
680.899963 272.616455
311.867889 377.112457
-1.000000 -1.000000
-1.000000 -1.000000
-1.000000 -1.000000
450.312195 238.875366
-1.000000 -1.000000
364.859558 107.989189
-1.000000 -1.000000
-1.000000 -1.000000
-1.000000 -1.000000
481.160797 150.623840
-1.000000 -1.000000
-1.000000 -1.000000
560.454712 274.553650
837.234741 266.504395
-1.000000 -1.000000
-1.000000 -1.000000
-1.000000 -1.000000
820.293579 336.255890
-1.000000 -1.000000
-1.000000 -1.000000
-1.000000 -1.000000
694.328369 120.720741
-1.000000 -1.000000
-1.000000 -1.000000
607.917847 110.748459
-1.000000 -1.000000
428.477875 165.660461
-1.000000 -1.000000
506.490417 211.271301
661.409546 326.914337
252.984512 469.672516
711.732117 364.526123
-1.000000 -1.000000
-1.000000 -1.000000
-1.000000 -1.000000
-1.000000 -1.000000
-1.000000 -1.000000
643.406433 360.860840
405.627380 126.179474
-1.000000 -1.000000
-1.000000 -1.000000
-1.000000 -1.000000
-1.000000 -1.000000
341.812286 280.877106
798.248718 416.604004
393.499847 104.509377
403.559235 161.028229
-1.000000 -1.000000
-1.000000 -1.000000
327.199829 326.481598
-1.000000 -1.000000
-1.000000 -1.000000
633.264465 280.384888
669.832703 272.756744
-1.000000 -1.000000
-1.000000 -1.000000
-1.000000 -1.000000
393.698120 199.818130
310.981262 384.780945
369.545715 65.067131
-1.000000 -1.000000
-1.000000 -1.000000
-1.000000 -1.000000
837.364685 203.234741
218.998032 431.890350
-1.000000 -1.000000
-1.000000 -1.000000
663.367310 337.036469
-1.000000 -1.000000
514.570862 222.055634
-1.000000 -1.000000
-1.000000 -1.000000
-1.000000 -1.000000
-1.000000 -1.000000
-1.000000 -1.000000
-1.000000 -1.000000
-1.000000 -1.000000
685.029358 375.885651
691.778748 391.856689
-1.000000 -1.000000
-1.000000 -1.000000
-1.000000 -1.000000
-1.000000 -1.000000
689.641418 308.748138
842.144653 177.247604
-1.000000 -1.000000
831.757324 362.109375
674.686707 359.448090
200.936890 409.072083
873.950256 369.115540
443.438080 192.090637
-1.000000 -1.000000
-1.000000 -1.000000
-1.000000 -1.000000
698.059509 408.585144
-1.000000 -1.000000
395.679260 243.764832
-1.000000 -1.000000
-1.000000 -1.000000
570.769592 175.259949
844.649963 392.331848
-1.000000 -1.000000
-1.000000 -1.000000
-1.000000 -1.000000
414.560242 144.575577
-1.000000 -1.000000
272.757233 282.137238
651.497742 299.383942
721.873596 186.695511
