-1.000000 -1.000000
-1.000000 -1.000000
-1.000000 -1.000000
845.174988 138.740356
-1.000000 -1.000000
312.093994 415.871460
1177.367065 215.619400
495.393280 159.186600
-1.000000 -1.000000
1210.433105 217.971527
-1.000000 -1.000000
430.786407 54.039963
-1.000000 -1.000000
-1.000000 -1.000000
397.898376 366.875305
1209.244995 219.893570
1127.801270 122.292389
707.780518 351.136841
230.676971 392.659424
1210.995117 49.518768
-1.000000 -1.000000
1102.464111 69.364098
1166.218506 239.475723
328.526367 366.707916
389.552277 228.384384
258.868500 466.651978
372.709381 271.375031
457.151428 216.177704
-1.000000 -1.000000
290.287598 262.265533
651.070984 262.343323
-1.000000 -1.000000
718.310364 264.990448
691.922119 80.414948
625.388245 284.309448
-1.000000 -1.000000
808.332947 251.401016
321.875549 320.373352
309.451324 349.599792
-1.000000 -1.000000
-1.000000 -1.000000
193.194809 481.173218
-1.000000 -1.000000
1107.595459 120.654732
256.486633 342.152374
763.627502 350.475952
-1.000000 -1.000000
344.837891 142.663895
351.904236 229.337006
193.572571 458.893616
-1.000000 -1.000000
-1.000000 -1.000000
419.385437 140.371841
-1.000000 -1.000000
280.356293 397.387115
853.391785 346.850769
-1.000000 -1.000000
312.004974 215.187546
380.143188 377.386505
379.945465 190.468460
-1.000000 -1.000000
-1.000000 -1.000000
335.010864 339.112671
846.568359 117.726265
-1.000000 -1.000000
860.321777 315.089752
427.484985 286.490112
366.009644 433.264862
399.694214 346.569550
364.218903 451.995544
-1.000000 -1.000000
477.099121 122.798820
-1.000000 -1.000000
255.955490 321.133911
737.536499 138.153275
858.038086 258.124054
658.149841 233.428391
600.290039 74.862572
708.654114 321.025085
290.694763 357.359161
-1.000000 -1.000000
712.920349 112.679840
505.626343 198.134613
-1.000000 -1.000000
440.603760 233.541000
364.679291 100.009415
457.676117 196.087524
-1.000000 -1.000000
828.927002 256.628113
-1.000000 -1.000000
699.540833 268.178223
-1.000000 -1.000000
1223.818970 159.663513
-1.000000 -1.000000
302.630798 399.781860
818.680908 219.354080
-1.000000 -1.000000
351.079681 263.323029
-1.000000 -1.000000
689.423889 323.916656
-1.000000 -1.000000
-1.000000 -1.000000
-1.000000 -1.000000
312.278046 193.593231
275.985016 451.609863
671.694458 267.085785
340.202026 308.651367
735.239685 352.804810
-1.000000 -1.000000
1158.095947 220.048706
-1.000000 -1.000000
-1.000000 -1.000000
-1.000000 -1.000000
-1.000000 -1.000000
411.011353 120.105446
745.372314 314.030914
-1.000000 -1.000000
639.032776 238.532471
360.012817 414.293457
-1.000000 -1.000000
356.548035 291.014130
840.495056 160.042847
423.704529 266.949646
-1.000000 -1.000000
719.978516 369.789795
699.346619 229.246201
-1.000000 -1.000000
-1.000000 -1.000000
-1.000000 -1.000000
-1.000000 -1.000000
1151.987427 116.923073
-1.000000 -1.000000
390.981262 93.066063
396.487640 173.762589
394.657013 146.270737
-1.000000 -1.000000
882.862183 300.817627
-1.000000 -1.000000
844.292542 217.540955
-1.000000 -1.000000
-1.000000 -1.000000
343.327667 358.219025
679.051697 230.980820
-1.000000 -1.000000
688.650391 351.297455
-1.000000 -1.000000
-1.000000 -1.000000
-1.000000 -1.000000
841.018188 317.429230
873.034424 347.665070
-1.000000 -1.000000
364.335571 77.456551
-1.000000 -1.000000
425.865051 306.206848
-1.000000 -1.000000
296.078888 435.833679
631.434326 87.013931
417.137329 364.476837
867.003418 276.758087
-1.000000 -1.000000
647.897339 294.117432
-1.000000 -1.000000
403.105438 207.355743
260.156952 361.753845
604.119751 284.693420
-1.000000 -1.000000
-1.000000 -1.000000
411.666687 162.834961
-1.000000 -1.000000
-1.000000 -1.000000
386.618500 72.543457
-1.000000 -1.000000
1129.841187 142.762436
-1.000000 -1.000000
212.020889 400.687927
672.290405 87.919342
798.709778 214.713989
1124.171021 51.064384
331.703796 278.773895
724.565063 283.469604
-1.000000 -1.000000
-1.000000 -1.000000
-1.000000 -1.000000
442.631439 152.952484
-1.000000 -1.000000
624.610657 263.821899
275.191833 419.359009
271.726685 269.646240
326.483734 150.001328
824.914856 135.921829
-1.000000 -1.000000
1124.620361 102.484413
1228.628540 137.450943
-1.000000 -1.000000
-1.000000 -1.000000
363.281067 132.895248
769.767029 369.022491
-1.000000 -1.000000
-1.000000 -1.000000
-1.000000 -1.000000
696.518494 55.030609
-1.000000 -1.000000
-1.000000 -1.000000
-1.000000 -1.000000
-1.000000 -1.000000
889.057617 320.882172
476.893372 218.385971
651.031372 310.211456
1184.043091 236.834000
246.518860 487.000519
-1.000000 -1.000000
735.185364 110.709213
-1.000000 -1.000000
-1.000000 -1.000000
369.199829 251.865097
680.484619 286.422913
-1.000000 -1.000000
-1.000000 -1.000000
563.916321 229.710083
-1.000000 -1.000000
448.835327 172.207657
-1.000000 -1.000000
-1.000000 -1.000000
-1.000000 -1.000000
-1.000000 -1.000000
-1.000000 -1.000000
1149.124146 227.739746
-1.000000 -1.000000
362.591583 46.567493
-1.000000 -1.000000
308.821838 370.982330
836.250854 197.749374
823.546631 120.161278
-1.000000 -1.000000
-1.000000 -1.000000
1145.968384 189.310852
293.262451 282.016083
-1.000000 -1.000000
503.842834 130.149826
-1.000000 -1.000000
-1.000000 -1.000000
-1.000000 -1.000000
-1.000000 -1.000000
-1.000000 -1.000000
-1.000000 -1.000000
-1.000000 -1.000000
184.598541 439.101624
-1.000000 -1.000000
1191.111572 54.319221
-1.000000 -1.000000
246.026169 302.000885
-1.000000 -1.000000
360.426849 206.568176
-1.000000 -1.000000
389.594543 124.349998
842.814697 281.170197
-1.000000 -1.000000
-1.000000 -1.000000
-1.000000 -1.000000
-1.000000 -1.000000
766.690979 326.406860
455.324280 123.226250
758.201599 136.577347
-1.000000 -1.000000
-1.000000 -1.000000
346.794220 163.569122
-1.000000 -1.000000
-1.000000 -1.000000
-1.000000 -1.000000
-1.000000 -1.000000
-1.000000 -1.000000
613.900513 108.838264
720.027527 235.542297
745.021301 370.062103
1151.453369 226.781006
-1.000000 -1.000000
-1.000000 -1.000000
-1.000000 -1.000000
-1.000000 -1.000000
-1.000000 -1.000000
-1.000000 -1.000000
688.529175 302.187439
-1.000000 -1.000000
551.327576 103.603882
-1.000000 -1.000000
329.781372 409.713470
-1.000000 -1.000000
-1.000000 -1.000000
478.845459 177.060532
-1.000000 -1.000000
-1.000000 -1.000000
-1.000000 -1.000000
-1.000000 -1.000000
320.641968 233.766068
627.501892 389.848572
-1.000000 -1.000000
-1.000000 -1.000000
788.042358 353.047119
675.210815 61.556168
-1.000000 -1.000000
545.950378 194.142044
745.325928 265.222717
-1.000000 -1.000000
-1.000000 -1.000000
391.276550 262.999023
636.747253 218.849548
-1.000000 -1.000000
-1.000000 -1.000000
-1.000000 -1.000000
-1.000000 -1.000000
-1.000000 -1.000000
-1.000000 -1.000000
699.565186 371.895416
-1.000000 -1.000000
600.539551 265.604614
-1.000000 -1.000000
358.964508 378.508636
594.648438 54.458843
-1.000000 -1.000000
764.891602 260.765717
-1.000000 -1.000000
494.024445 109.135017
-1.000000 -1.000000
404.056519 227.677261
-1.000000 -1.000000
-1.000000 -1.000000
-1.000000 -1.000000
587.953735 248.120987
-1.000000 -1.000000
-1.000000 -1.000000
-1.000000 -1.000000
1111.005249 140.149002
-1.000000 -1.000000
825.117310 301.472900
733.534058 157.801804
-1.000000 -1.000000
-1.000000 -1.000000
530.421509 110.950218
-1.000000 -1.000000
-1.000000 -1.000000
-1.000000 -1.000000
-1.000000 -1.000000
303.709290 332.854980
759.188293 156.640167
-1.000000 -1.000000
-1.000000 -1.000000
459.016754 241.488007
-1.000000 -1.000000
-1.000000 -1.000000
423.054169 331.575592
658.901855 359.307007
675.261475 211.308762
-1.000000 -1.000000
-1.000000 -1.000000
320.343994 300.094299
216.812637 420.215057
-1.000000 -1.000000
-1.000000 -1.000000
-1.000000 -1.000000
-1.000000 -1.000000
-1.000000 -1.000000
252.529816 440.966919
-1.000000 -1.000000
-1.000000 -1.000000
-1.000000 -1.000000
-1.000000 -1.000000
-1.000000 -1.000000
288.942657 229.392838
-1.000000 -1.000000
-1.000000 -1.000000
583.934753 286.734558
699.004822 289.363373
-1.000000 -1.000000
210.075195 380.627014
567.590881 250.880524
-1.000000 -1.000000
811.258484 348.323608
383.284729 407.321472
-1.000000 -1.000000
230.843506 358.108612
-1.000000 -1.000000
664.354736 329.720703
861.275940 295.349365
878.330688 256.920105
1210.068848 69.640625
829.212158 198.674591
631.071899 368.510223
547.768982 43.154881
-1.000000 -1.000000
-1.000000 -1.000000
735.402954 88.215652
-1.000000 -1.000000
653.311157 214.170288
712.879150 155.393494
341.674133 114.161156
-1.000000 -1.000000
-1.000000 -1.000000
-1.000000 -1.000000
-1.000000 -1.000000
-1.000000 -1.000000
-1.000000 -1.000000
166.925430 495.907104
-1.000000 -1.000000
-1.000000 -1.000000
-1.000000 -1.000000
-1.000000 -1.000000
-1.000000 -1.000000
440.011597 213.080765
577.881287 79.522850
758.765320 305.164337
428.800568 108.791168
-1.000000 -1.000000
-1.000000 -1.000000
-1.000000 -1.000000
347.524078 209.459045
-1.000000 -1.000000
294.205719 189.285431
-1.000000 -1.000000
1167.407349 115.421814
-1.000000 -1.000000
-1.000000 -1.000000
-1.000000 -1.000000
630.101196 346.350464
-1.000000 -1.000000
312.687317 469.825073
-1.000000 -1.000000
806.292786 305.633728
271.159912 301.284637
-1.000000 -1.000000
-1.000000 -1.000000
270.209442 248.633621
1138.602905 170.733521
338.968811 386.191345
-1.000000 -1.000000
652.525696 65.328995
-1.000000 -1.000000
-1.000000 -1.000000
580.556519 271.487122
-1.000000 -1.000000
237.830063 316.197937
347.387115 70.976486
362.602020 315.529388
622.069275 72.697472
-1.000000 -1.000000
401.340393 412.583923
-1.000000 -1.000000
-1.000000 -1.000000
-1.000000 -1.000000
-1.000000 -1.000000
-1.000000 -1.000000
531.374939 208.862030
348.329651 455.314331
-1.000000 -1.000000
-1.000000 -1.000000
375.314697 157.048035
-1.000000 -1.000000
-1.000000 -1.000000
-1.000000 -1.000000
671.555908 40.628555
214.256577 439.929352
434.380035 338.542664
-1.000000 -1.000000
-1.000000 -1.000000
1149.561768 209.312500
-1.000000 -1.000000
-1.000000 -1.000000
1201.964844 129.159363
-1.000000 -1.000000
-1.000000 -1.000000
447.897614 285.239929
331.201691 173.693954
299.412384 474.198730
-1.000000 -1.000000
780.095032 303.395569
469.046234 158.905457
-1.000000 -1.000000
-1.000000 -1.000000
572.306824 50.928207
409.499359 388.331543
-1.000000 -1.000000
411.971436 288.868011
-1.000000 -1.000000
-1.000000 -1.000000
460.457031 261.321167
-1.000000 -1.000000
426.721680 194.351883
640.804138 39.134960
-1.000000 -1.000000
-1.000000 -1.000000
-1.000000 -1.000000
-1.000000 -1.000000
445.324402 91.596458
-1.000000 -1.000000
643.821899 342.850800
-1.000000 -1.000000
549.857483 59.230896
-1.000000 -1.000000
-1.000000 -1.000000
-1.000000 -1.000000
597.048401 308.689972
