1192.604492 241.462784
1192.312500 651.253845
244.190140 625.368713
-1.000000 -1.000000
1116.146240 688.149475
1186.217896 619.967529
1200.377319 583.485229
-1.000000 -1.000000
1104.204834 658.457825
645.304993 425.618378
1151.061523 618.605835
503.105194 414.312958
1227.258179 262.617035
1062.866455 688.593933
1133.745117 663.497986
1183.327026 271.306915
642.367188 382.238953
1214.676880 199.205292
193.275879 653.395142
662.203491 649.631165
1073.845581 680.065674
384.712036 448.474670
1165.312012 609.574524
1166.687622 668.936707
636.888000 415.614838
179.807404 591.385803
1128.424805 431.868256
287.186737 570.703918
348.670685 493.148712
-1.000000 -1.000000
593.684021 549.502625
1200.849609 467.312561
466.730438 303.744629
606.375793 566.923035
616.348755 346.364258
1183.093872 585.371765
487.113251 364.268494
406.019745 439.325134
564.385071 423.694733
300.517517 518.188110
363.806885 583.654846
-1.000000 -1.000000
271.464264 560.358337
462.311615 449.292542
359.977020 562.588684
220.595474 597.526245
279.307739 472.980713
736.171265 579.262146
439.529327 221.578522
310.075439 565.777893
1196.763306 167.524307
619.356567 316.531219
-1.000000 -1.000000
1123.478271 587.064514
437.542145 380.194244
-1.000000 -1.000000
169.910004 585.514465
706.056946 433.427887
1157.284058 341.625916
1120.824097 522.712769
1106.734009 501.028351
1113.013062 511.420593
109.703590 662.359070
-1.000000 -1.000000
696.804260 562.368713
553.367554 49.503708
-1.000000 -1.000000
1108.546631 461.857697
592.224792 226.515991
299.086090 551.340454
264.722168 549.333374
455.497650 434.311218
1164.106689 309.215088
217.465485 536.296509
588.268982 420.032990
1168.550171 342.921234
798.081726 573.026978
297.798676 673.848572
393.521576 404.196167
269.709930 467.853760
823.387390 676.130981
697.622620 572.579163
366.271027 370.499847
1204.725098 189.663269
729.438782 375.352631
443.332886 457.387756
1197.294800 226.333527
382.428314 439.221710
1147.933594 402.632751
-1.000000 -1.000000
1179.631226 652.078735
347.457031 470.771362
310.614746 424.856689
639.881470 545.593201
1178.161377 376.998596
248.173630 596.211731
713.604065 618.803040
405.896454 61.191326
1118.164551 167.956848
1230.261719 238.004044
723.414246 659.913269
1173.951172 299.897247
840.619385 590.284363
345.059479 587.798462
356.489441 365.987640
749.603577 445.176117
761.719299 679.461487
1155.427612 392.764526
321.872284 473.410706
356.410217 436.198395
278.935944 462.444824
1141.212769 412.404785
408.753448 366.211914
725.112976 670.979980
699.926270 379.894714
-1.000000 -1.000000
394.491882 430.166138
365.703094 360.389771
179.352325 580.726196
-1.000000 -1.000000
117.332802 628.642334
1204.874512 204.862015
369.780396 436.817657
684.929077 517.264954
507.113129 434.733612
156.911911 683.381165
435.585968 363.157684
591.066467 430.375000
701.110535 584.133545
645.897217 438.077698
451.388245 220.419357
671.805664 666.692322
238.316513 590.072144
1149.076172 369.623718
715.690247 435.230804
496.180084 308.192322
392.568054 328.819275
1132.008179 652.953918
636.122437 509.628387
715.572876 379.695404
572.486938 118.748154
1117.512817 140.406738
1131.584839 643.034058
716.484924 310.293427
-1.000000 -1.000000
477.542419 296.638977
631.494751 312.064972
513.445312 406.305786
701.290771 615.835632
1188.545654 262.738647
794.561279 531.132629
1110.909180 99.642784
1155.730347 351.063538
1131.333496 421.226044
221.886993 506.143188
708.962585 291.578400
801.917725 592.739990
615.772278 213.542984
1183.911865 297.221893
620.705994 201.330734
689.649597 214.166794
-1.000000 -1.000000
559.209839 121.262695
727.545715 681.291992
313.092468 400.041779
475.560699 321.285309
306.067169 642.417847
409.701202 501.894836
685.299072 191.999191
665.922607 609.309937
487.018005 220.954880
448.473267 380.118988
439.175598 64.728889
548.518799 320.482117
731.663696 416.072327
595.136780 217.254318
434.314667 78.193542
406.541443 71.018883
543.334595 305.297211
-1.000000 -1.000000
1161.940186 383.120972
652.388916 80.281982
496.091339 44.841633
816.830322 642.235107
631.112061 529.749878
406.470703 525.439514
738.279541 674.588745
352.844818 571.502625
703.317871 657.734558
672.815979 515.366272
284.778687 561.475037
1122.628662 502.943512
1127.639160 332.981201
1115.933716 110.785461
451.341736 443.973969
496.900482 68.150269
394.762543 306.294464
604.520691 226.612854
726.807617 578.506287
531.880066 262.598419
497.963501 362.954376
1168.718506 354.757843
731.403015 388.881683
555.100403 496.307373
829.254211 534.853455
711.688354 577.361938
593.019531 439.512665
1117.467896 651.775696
802.945801 602.030701
746.698059 582.799500
538.054871 53.516750
726.340515 91.947968
708.778259 370.049347
1169.562256 659.368225
1227.485474 545.097717
627.143982 346.374664
723.549988 347.466919
443.863525 369.413391
298.367645 561.474731
511.695343 426.489471
643.976379 566.308716
207.869064 645.575989
689.822815 613.341064
-1.000000 -1.000000
443.285950 75.782661
430.504639 66.464828
658.018005 431.446167
-1.000000 -1.000000
623.975647 597.606140
427.782043 327.779358
695.809326 235.667282
663.874512 80.198387
391.154449 66.276108
721.033630 365.885437
337.442291 467.505066
772.521423 682.882507
420.622833 306.904022
423.497864 360.454651
498.526398 319.310059
1123.205078 513.295471
313.670105 511.368622
1149.910034 644.028931
734.379089 589.238586
625.997070 516.017883
661.207703 512.898743
647.765137 409.412170
625.105957 213.227615
1130.395630 313.797028
405.943848 396.745728
311.619446 555.598145
405.820007 263.942719
555.585632 424.722900
680.720093 90.501488
163.818298 596.147156
838.838318 472.984100
179.546509 602.118469
675.856628 264.270111
-1.000000 -1.000000
645.383484 575.500916
487.708496 315.051208
517.956421 436.583557
650.413818 62.945961
617.388611 561.119019
475.632202 310.694977
-1.000000 -1.000000
611.565979 201.988815
1126.026978 577.821167
667.191467 100.570320
662.665649 620.315735
668.394409 640.208984
730.146057 361.266418
-1.000000 -1.000000
699.302429 391.348083
564.379639 433.481201
677.007385 555.634888
843.483337 448.558624
559.258606 397.887787
812.929260 633.024536
654.043701 600.639709
170.618408 573.617249
853.817200 645.419312
450.579132 395.388824
651.140869 392.578796
677.369141 81.888664
542.833557 296.772095
672.634155 656.147827
-1.000000 -1.000000
395.212128 440.326660
318.675018 625.741272
782.522095 592.504639
582.460083 400.355103
822.446472 664.574097
557.806824 387.551636
703.565247 267.629181
658.723083 101.054756
434.488586 350.716461
663.664368 90.389275
270.987244 457.452698
640.483154 534.291870
727.582092 436.722107
