-1.000000 -1.000000
-1.000000 -1.000000
-1.000000 -1.000000
-1.000000 -1.000000
-1.000000 -1.000000
-1.000000 -1.000000
-1.000000 -1.000000
-1.000000 -1.000000
-1.000000 -1.000000
-1.000000 -1.000000
-1.000000 -1.000000
510.923401 275.632416
-1.000000 -1.000000
-1.000000 -1.000000
-1.000000 -1.000000
-1.000000 -1.000000
-1.000000 -1.000000
-1.000000 -1.000000
236.688782 539.098511
-1.000000 -1.000000
-1.000000 -1.000000
-1.000000 -1.000000
-1.000000 -1.000000
-1.000000 -1.000000
644.879028 262.753998
-1.000000 -1.000000
-1.000000 -1.000000
317.305969 451.720032
368.254944 369.196411
-1.000000 -1.000000
612.724915 401.498444
1215.028442 255.113663
-1.000000 -1.000000
626.981323 417.244293
618.742310 195.377914
-1.000000 -1.000000
490.427216 227.799301
417.211212 311.674530
-1.000000 -1.000000
324.409241 399.316040
386.779572 436.592987
-1.000000 -1.000000
301.235748 441.769165
475.485138 315.600311
325.419800 398.717987
-1.000000 -1.000000
296.216583 358.196045
-1.000000 -1.000000
-1.000000 -1.000000
-1.000000 -1.000000
-1.000000 -1.000000
617.486633 163.093567
-1.000000 -1.000000
-1.000000 -1.000000
-1.000000 -1.000000
-1.000000 -1.000000
-1.000000 -1.000000
-1.000000 -1.000000
-1.000000 -1.000000
-1.000000 -1.000000
1117.155151 300.214874
1126.277832 318.222931
155.641113 557.727539
-1.000000 -1.000000
-1.000000 -1.000000
-1.000000 -1.000000
-1.000000 -1.000000
1120.779541 260.086761
-1.000000 -1.000000
-1.000000 -1.000000
291.745148 433.496521
466.867981 301.804688
-1.000000 -1.000000
244.037643 426.458008
-1.000000 -1.000000
-1.000000 -1.000000
815.722778 402.427765
339.731171 549.130432
-1.000000 -1.000000
285.914032 353.526031
-1.000000 -1.000000
-1.000000 -1.000000
369.387695 248.428528
-1.000000 -1.000000
-1.000000 -1.000000
455.852203 327.065918
-1.000000 -1.000000
-1.000000 -1.000000
-1.000000 -1.000000
-1.000000 -1.000000
-1.000000 -1.000000
362.909729 349.589661
321.677277 308.634583
-1.000000 -1.000000
-1.000000 -1.000000
281.224792 480.354980
-1.000000 -1.000000
-1.000000 -1.000000
-1.000000 -1.000000
-1.000000 -1.000000
750.509460 494.393738
-1.000000 -1.000000
861.049866 416.536774
-1.000000 -1.000000
358.150360 244.454102
761.003052 282.534882
790.418762 510.281677
-1.000000 -1.000000
-1.000000 -1.000000
366.795013 314.925598
-1.000000 -1.000000
-1.000000 -1.000000
-1.000000 -1.000000
753.820679 506.285156
-1.000000 -1.000000
-1.000000 -1.000000
405.141327 303.360107
-1.000000 -1.000000
-1.000000 -1.000000
-1.000000 -1.000000
159.160843 522.987366
-1.000000 -1.000000
-1.000000 -1.000000
-1.000000 -1.000000
517.858398 298.338867
202.611435 572.505249
-1.000000 -1.000000
-1.000000 -1.000000
-1.000000 -1.000000
-1.000000 -1.000000
-1.000000 -1.000000
700.022461 506.587646
-1.000000 -1.000000
-1.000000 -1.000000
725.512756 275.221863
-1.000000 -1.000000
-1.000000 -1.000000
-1.000000 -1.000000
651.958313 357.279724
-1.000000 -1.000000
-1.000000 -1.000000
-1.000000 -1.000000
-1.000000 -1.000000
-1.000000 -1.000000
-1.000000 -1.000000
471.316437 159.200058
-1.000000 -1.000000
520.008545 267.381104
726.069275 454.273285
-1.000000 -1.000000
810.380249 361.518219
-1.000000 -1.000000
-1.000000 -1.000000
-1.000000 -1.000000
244.875992 395.089111
-1.000000 -1.000000
-1.000000 -1.000000
-1.000000 -1.000000
-1.000000 -1.000000
-1.000000 -1.000000
-1.000000 -1.000000
-1.000000 -1.000000
-1.000000 -1.000000
755.640930 515.224976
320.478729 282.057800
-1.000000 -1.000000
343.879028 517.167419
428.676422 372.594025
-1.000000 -1.000000
689.813171 451.385986
-1.000000 -1.000000
-1.000000 -1.000000
-1.000000 -1.000000
541.218689 158.443878
738.276245 253.788803
-1.000000 -1.000000
-1.000000 -1.000000
-1.000000 -1.000000
-1.000000 -1.000000
-1.000000 -1.000000
-1.000000 -1.000000
-1.000000 -1.000000
-1.000000 -1.000000
840.602478 469.762756
647.813416 379.009888
428.182587 397.369781
-1.000000 -1.000000
-1.000000 -1.000000
730.935120 495.843964
689.872559 359.232819
314.376556 441.623474
-1.000000 -1.000000
-1.000000 -1.000000
-1.000000 -1.000000
463.844727 311.725708
-1.000000 -1.000000
389.410309 179.566452
-1.000000 -1.000000
-1.000000 -1.000000
-1.000000 -1.000000
500.803284 226.423538
-1.000000 -1.000000
-1.000000 -1.000000
570.727295 354.067322
846.000732 362.746277
-1.000000 -1.000000
-1.000000 -1.000000
-1.000000 -1.000000
825.310547 431.443817
-1.000000 -1.000000
-1.000000 -1.000000
-1.000000 -1.000000
712.858521 210.544800
-1.000000 -1.000000
-1.000000 -1.000000
628.506348 195.035812
-1.000000 -1.000000
-1.000000 -1.000000
-1.000000 -1.000000
521.008240 287.477814
667.052368 412.943665
247.379486 531.427917
715.100159 453.437073
-1.000000 -1.000000
-1.000000 -1.000000
-1.000000 -1.000000
-1.000000 -1.000000
-1.000000 -1.000000
647.871338 445.780762
428.456909 198.720596
-1.000000 -1.000000
-1.000000 -1.000000
-1.000000 -1.000000
-1.000000 -1.000000
-1.000000 -1.000000
-1.000000 -1.000000
418.317841 177.095688
-1.000000 -1.000000
-1.000000 -1.000000
-1.000000 -1.000000
334.437866 391.876709
-1.000000 -1.000000
-1.000000 -1.000000
642.429810 364.610596
678.659973 358.380646
-1.000000 -1.000000
-1.000000 -1.000000
-1.000000 -1.000000
-1.000000 -1.000000
321.899506 400.911316
397.378448 136.747238
-1.000000 -1.000000
-1.000000 -1.000000
-1.000000 -1.000000
849.948853 299.872742
-1.000000 -1.000000
-1.000000 -1.000000
-1.000000 -1.000000
668.921326 422.975189
-1.000000 -1.000000
528.120911 298.446747
-1.000000 -1.000000
-1.000000 -1.000000
-1.000000 -1.000000
-1.000000 -1.000000
-1.000000 -1.000000
-1.000000 -1.000000
-1.000000 -1.000000
687.931213 462.882202
693.808777 479.716766
-1.000000 -1.000000
-1.000000 -1.000000
-1.000000 -1.000000
-1.000000 -1.000000
696.808044 396.106689
855.678955 274.342651
-1.000000 -1.000000
836.354126 458.790741
678.159363 445.975189
201.301010 466.588806
877.588257 468.252533
460.249023 265.025543
-1.000000 -1.000000
-1.000000 -1.000000
-1.000000 -1.000000
699.240295 497.402710
-1.000000 -1.000000
409.030243 313.654053
-1.000000 -1.000000
-1.000000 -1.000000
588.031067 256.826721
847.371460 490.331573
-1.000000 -1.000000
-1.000000 -1.000000
-1.000000 -1.000000
435.804352 216.913086
-1.000000 -1.000000
284.715576 344.472534
659.145996 383.744720
736.207764 276.157410
