1213.912231 218.671280
1215.976685 631.417297
267.369324 613.703125
1134.639893 679.098755
1139.761841 669.163635
1209.259766 599.509094
1223.265381 562.808655
-1.000000 -1.000000
1126.169312 639.302612
664.363953 411.343994
1173.235718 598.574463
521.500061 401.082489
1249.695312 238.893463
1084.872803 669.836914
1156.806519 644.372009
1204.834106 249.356018
659.952759 367.604340
1236.269897 175.096130
217.063858 642.368103
682.145813 634.428101
1095.859375 661.151123
404.154816 437.286774
1187.441528 589.530396
1189.914062 649.460999
655.540588 400.777161
202.550140 581.262207
1150.262207 410.806885
308.988586 559.706482
369.655609 481.244720
183.546204 691.311951
612.742310 535.118469
1223.926147 446.038940
484.189850 291.144501
625.725525 552.253662
634.792114 332.568634
1205.398560 564.747314
505.670593 352.030548
425.279602 427.490265
583.357178 410.128845
322.332916 506.875763
385.897888 571.181091
1155.640503 484.449677
294.012421 548.849426
482.047638 436.740326
381.920898 550.280762
243.511169 586.593933
299.678558 462.866882
756.606689 563.728333
456.594360 210.254990
331.898499 553.928284
1218.121094 143.831635
637.232788 301.821289
739.569641 689.446594
1145.470825 567.541260
456.559479 367.814850
210.822800 682.508301
192.737320 575.293457
724.549927 417.944336
1178.637207 320.105652
1142.740967 503.437439
1128.035645 481.482269
1134.799072 492.234955
133.870087 652.842896
1179.130859 675.583618
716.611267 546.665588
568.514954 35.601784
1172.836670 685.361206
1130.126099 441.556305
609.553528 213.017471
320.239746 539.919189
286.012543 538.716125
475.066376 421.775391
1185.726074 287.230072
239.199448 526.458252
607.398071 406.053436
1189.843018 320.996521
817.677795 556.073975
320.236877 662.723267
413.332672 392.440247
289.819275 457.727356
844.042480 659.147766
717.434143 557.492065
384.610413 360.237518
1226.110107 165.885727
747.708923 359.984741
462.109802 445.445648
1218.901611 202.769684
401.989044 427.452515
1169.980957 381.847961
224.633957 689.432495
1203.075073 632.458557
367.009766 459.896759
330.311584 414.897308
658.811768 530.385376
1199.529053 355.105408
269.781372 585.582458
734.201660 603.595520
420.768280 49.058037
1138.423950 145.577240
1252.919067 214.741486
743.934937 643.815308
1195.746216 277.353302
861.483643 574.078918
366.111359 575.957642
374.646545 355.485352
769.208008 429.795044
782.883362 663.785095
1177.444702 371.772858
342.733307 462.257538
375.305603 425.340271
299.779022 451.966370
1163.205444 391.887604
427.560852 354.650787
745.890930 655.604675
717.691895 363.934418
-1.000000 -1.000000
413.491730 418.561218
384.763855 349.324951
202.546661 570.310181
605.837646 187.186722
141.249664 618.128967
1226.093994 181.048706
389.899719 425.473145
704.771729 502.542938
526.108093 422.767426
179.967575 673.127991
453.022827 351.629120
610.250488 416.285614
720.586792 568.578491
664.468262 423.598480
467.718018 209.061707
692.025269 651.460999
259.979645 579.344055
1170.521973 348.006897
734.531616 419.790558
514.032532 296.013947
410.147705 318.413361
1154.825195 633.445068
654.994446 494.469147
734.608215 364.063934
588.329346 104.527077
1137.391602 117.028862
1153.181030 623.383240
734.867493 294.985962
-1.000000 -1.000000
494.348145 284.057983
648.391052 297.685303
531.450562 393.078339
721.355591 599.701843
1209.842896 239.556122
813.884705 514.125549
1130.472900 76.915817
1176.773926 329.968567
1153.153076 400.820068
243.441925 495.531830
727.252441 275.254761
822.408264 576.207214
631.831299 199.174088
1205.741333 274.654449
637.658142 186.838089
707.423889 199.071350
-1.000000 -1.000000
574.414795 108.178482
747.915283 665.686035
332.467102 389.133209
493.081299 309.162109
328.445068 629.955688
429.801239 489.398712
702.585083 176.414673
685.470398 593.533691
502.780884 207.550049
466.772980 367.789459
454.570374 53.126152
566.742798 307.166840
749.716797 400.020111
611.710510 202.894012
448.670380 66.073883
421.568970 59.879417
561.277710 292.202118
425.731018 74.930229
1184.294189 362.079620
666.586243 64.085068
510.778107 32.369614
837.341187 626.100708
649.989258 515.080688
426.648804 514.078064
758.145020 658.710388
374.124298 560.049377
724.030579 642.457397
691.870850 499.627380
306.927765 549.903748
1144.854736 483.354645
1148.761963 311.914276
1135.702393 87.827545
471.206360 431.698517
512.387268 54.360924
412.257111 294.844574
620.774353 213.066086
746.522339 562.749390
549.416809 250.387634
515.878235 350.984100
1189.672852 333.147400
749.603943 373.043610
574.060852 482.925446
849.744751 518.191101
730.717834 561.631958
612.182983 426.266602
1139.327148 632.429138
824.128235 586.047119
766.313416 566.762512
551.820435 38.752224
743.039062 75.317825
726.919312 354.165863
1193.005737 639.618896
1251.440186 523.015930
644.799255 332.445068
741.178833 331.901886
462.602783 357.661621
320.732178 549.950745
530.400635 412.849091
664.330872 551.319763
229.538071 635.371338
710.196594 597.569519
849.643982 686.904053
458.714569 63.133141
444.725769 54.960808
676.459900 416.503540
886.818176 678.960571
643.421021 582.967224
446.758545 316.495667
713.404480 220.207916
679.417847 64.223625
405.711456 55.689327
738.857788 350.094574
357.068329 456.982117
792.829590 666.827759
439.090393 295.033905
440.953125 349.512482
516.128052 306.481415
1144.766602 493.297821
332.728302 500.836884
1171.342773 624.312317
754.449951 573.833191
645.049316 501.307373
680.821350 497.313904
665.708374 394.503113
641.939392 198.037460
1151.773804 292.072388
423.628937 385.559662
333.078064 543.957642
423.435669 254.225235
573.461548 411.139313
695.520203 75.080833
187.433319 585.394165
858.181030 456.288849
203.347214 591.493225
693.382996 250.029282
-1.000000 -1.000000
666.028870 561.035461
504.382721 302.268158
536.418762 423.951904
664.753662 46.360291
635.788696 546.333740
493.899506 298.908844
-1.000000 -1.000000
628.006592 188.051331
1148.382812 557.626038
683.061707 84.315498
682.411255 605.315674
688.188477 624.507324
748.694336 345.824860
848.762024 677.096680
717.694153 376.825134
583.367676 420.119934
696.614441 538.517700
863.232666 431.398987
579.456299 384.349945
833.176392 615.908691
674.259888 586.111206
191.818710 564.250000
874.972107 628.321838
471.093140 384.472168
665.022827 378.688965
691.875977 65.483612
560.101196 282.701233
692.388794 641.272400
595.322693 416.286224
415.273926 428.484222
340.630463 613.170593
802.583252 575.930603
599.836609 386.377106
843.174561 648.137695
577.411499 373.539429
721.181091 250.487625
673.337524 84.097847
452.804626 337.965454
679.356079 73.992081
290.103455 447.759308
659.819519 520.184570
745.738647 421.717316
