-1.000000 -1.000000
-1.000000 -1.000000
-1.000000 -1.000000
847.439026 249.861862
-1.000000 -1.000000
300.477600 495.957489
1174.176514 342.478088
502.101837 250.932114
-1.000000 -1.000000
1206.160400 345.897675
1147.103271 79.115715
445.626831 146.574371
-1.000000 -1.000000
-1.000000 -1.000000
390.064697 450.260101
1204.931274 347.834869
1126.187256 247.401138
702.772400 450.821350
221.178177 468.059845
1208.514771 183.436020
-1.000000 -1.000000
1102.941284 196.334991
1163.271362 364.958832
320.016174 446.551300
391.411957 312.586853
242.305237 543.662354
372.441772 354.463135
459.356110 304.054871
-1.000000 -1.000000
291.867065 340.595337
650.940369 359.978577
566.546326 55.804298
716.602905 366.502075
698.916321 186.380493
624.463623 380.518646
-1.000000 -1.000000
807.150269 358.184479
316.850922 400.170441
302.969391 428.757599
-1.000000 -1.000000
-1.000000 -1.000000
176.030685 553.596985
-1.000000 -1.000000
1106.422485 245.632751
251.245209 416.805206
758.111938 453.868591
-1.000000 -1.000000
355.246124 226.361511
355.527588 310.432404
177.850723 532.791321
-1.000000 -1.000000
407.288422 74.835907
428.055634 228.333786
-1.000000 -1.000000
271.205505 474.481323
848.540894 455.216614
-1.000000 -1.000000
316.872314 294.402222
372.593475 459.287811
384.170166 275.475861
-1.000000 -1.000000
-1.000000 -1.000000
329.080048 419.961487
848.395142 230.470062
-1.000000 -1.000000
856.326355 424.518341
425.828552 371.188690
353.377686 515.632202
392.770569 430.215576
350.541992 533.166748
-1.000000 -1.000000
484.791962 213.315613
-1.000000 -1.000000
251.904083 397.974976
740.207458 242.253159
853.810791 365.759186
659.080078 332.660095
608.696411 174.502380
704.540161 421.620148
284.812500 434.329254
609.432556 132.352753
718.512512 217.486633
508.272064 288.126007
-1.000000 -1.000000
443.044220 319.660431
377.466125 185.559830
460.783325 284.181610
1126.756958 82.834549
827.380920 363.319214
-1.000000 -1.000000
697.221619 367.459961
1127.977905 159.272827
1220.242188 289.934235
-1.000000 -1.000000
292.682983 477.714020
818.694458 327.988007
-1.000000 -1.000000
352.290558 344.290161
684.571533 110.969002
684.857666 422.274292
-1.000000 -1.000000
-1.000000 -1.000000
-1.000000 -1.000000
318.175049 275.086334
261.818573 528.998718
670.748169 364.786896
337.029999 388.366791
728.955750 453.010559
-1.000000 -1.000000
1155.074707 346.191437
-1.000000 -1.000000
-1.000000 -1.000000
-1.000000 -1.000000
-1.000000 -1.000000
421.279633 208.525620
740.054565 415.783051
-1.000000 -1.000000
639.546326 335.565399
349.385803 496.578918
-1.000000 -1.000000
356.394867 372.061737
840.731445 270.235596
424.251984 352.025085
-1.000000 -1.000000
713.854431 469.587982
698.416504 329.822662
-1.000000 -1.000000
-1.000000 -1.000000
-1.000000 -1.000000
-1.000000 -1.000000
1147.815918 245.169525
-1.000000 -1.000000
401.158539 180.155487
403.493164 259.201508
403.773163 232.353561
-1.000000 -1.000000
877.421875 411.237518
-1.000000 -1.000000
841.818970 326.681610
-1.000000 -1.000000
-1.000000 -1.000000
337.097839 439.005066
678.931396 331.497284
-1.000000 -1.000000
684.072693 450.851837
-1.000000 -1.000000
-1.000000 -1.000000
-1.000000 -1.000000
836.749268 424.962921
867.911804 456.188507
-1.000000 -1.000000
377.645569 165.654877
-1.000000 -1.000000
423.821930 389.600922
-1.000000 -1.000000
284.339539 514.615967
640.005127 187.753937
408.754395 448.785675
861.921326 384.888763
1121.197388 38.281372
646.627808 391.012970
-1.000000 -1.000000
407.753418 292.968414
253.986679 436.345703
603.584351 379.925903
-1.000000 -1.000000
-1.000000 -1.000000
420.789001 248.648651
682.996033 91.414070
-1.000000 -1.000000
399.029694 161.486160
-1.000000 -1.000000
1127.561279 266.525085
-1.000000 -1.000000
202.819931 474.871033
680.149170 192.023239
798.503479 321.363281
1124.305054 180.007004
331.904938 358.628723
722.551941 385.081146
-1.000000 -1.000000
-1.000000 -1.000000
-1.000000 -1.000000
448.713257 241.389053
-1.000000 -1.000000
622.847656 361.076416
264.649567 496.317505
273.821808 346.920898
337.185394 232.773148
827.010864 247.847961
1138.471924 135.897141
1123.350098 228.137589
1224.484619 269.847382
-1.000000 -1.000000
-1.000000 -1.000000
373.272614 218.289032
764.396118 472.232239
588.239136 135.971390
-1.000000 -1.000000
-1.000000 -1.000000
705.156921 160.877075
-1.000000 -1.000000
-1.000000 -1.000000
-1.000000 -1.000000
588.141479 53.007469
882.982727 431.132660
478.685577 306.806702
648.284912 406.660919
1181.442505 363.180328
229.257187 562.867737
-1.000000 -1.000000
739.002197 217.036514
455.645386 64.489563
-1.000000 -1.000000
370.760284 333.245636
675.941040 384.297852
-1.000000 -1.000000
-1.000000 -1.000000
566.030334 322.673767
-1.000000 -1.000000
453.728088 258.996460
-1.000000 -1.000000
-1.000000 -1.000000
498.527100 94.630318
-1.000000 -1.000000
-1.000000 -1.000000
1146.655884 353.022491
544.770142 54.505169
378.147736 132.088516
-1.000000 -1.000000
300.604462 450.825928
834.193787 307.250061
825.592041 233.049927
-1.000000 -1.000000
-1.000000 -1.000000
1143.651123 314.557678
293.914642 360.286163
-1.000000 -1.000000
512.552429 221.032837
-1.000000 -1.000000
-1.000000 -1.000000
-1.000000 -1.000000
-1.000000 -1.000000
-1.000000 -1.000000
-1.000000 -1.000000
-1.000000 -1.000000
169.496140 513.123840
-1.000000 -1.000000
1188.710327 187.884964
-1.000000 -1.000000
242.870956 378.785461
-1.000000 -1.000000
363.905060 288.317902
-1.000000 -1.000000
401.835724 210.749329
837.157837 388.004822
-1.000000 -1.000000
-1.000000 -1.000000
-1.000000 -1.000000
-1.000000 -1.000000
760.896729 428.740662
462.624512 214.259201
760.151978 241.431732
-1.000000 -1.000000
-1.000000 -1.000000
356.377350 246.617645
668.518982 114.532944
-1.000000 -1.000000
-1.000000 -1.000000
-1.000000 -1.000000
-1.000000 -1.000000
621.260437 209.877747
718.651733 336.179108
740.833069 470.696320
1148.954224 352.222168
477.368866 58.980968
-1.000000 -1.000000
-1.000000 -1.000000
-1.000000 -1.000000
-1.000000 -1.000000
-1.000000 -1.000000
682.912659 401.042419
-1.000000 -1.000000
559.262695 196.770325
-1.000000 -1.000000
321.401733 489.667297
-1.000000 -1.000000
653.019714 71.155991
483.631012 265.623474
-1.000000 -1.000000
-1.000000 -1.000000
-1.000000 -1.000000
-1.000000 -1.000000
325.224854 312.982239
619.039307 486.980560
-1.000000 -1.000000
702.390198 128.262512
784.429260 458.078613
683.525635 165.180725
-1.000000 -1.000000
549.337463 286.291382
744.176025 368.456757
-1.000000 -1.000000
1096.128174 215.986435
394.256104 346.548462
639.177856 316.108368
-1.000000 -1.000000
-1.000000 -1.000000
-1.000000 -1.000000
-1.000000 -1.000000
-1.000000 -1.000000
-1.000000 -1.000000
694.343994 471.716705
-1.000000 -1.000000
602.010498 358.752319
-1.000000 -1.000000
348.065796 459.314423
602.841675 155.229263
376.168427 108.181946
761.902771 365.022552
1153.189331 224.447220
499.932678 196.542191
435.498199 64.544144
408.571045 312.508820
-1.000000 -1.000000
-1.000000 -1.000000
-1.000000 -1.000000
590.410278 341.215851
-1.000000 -1.000000
384.191833 70.041740
-1.000000 -1.000000
1108.355957 263.501526
669.123413 43.351902
822.344421 406.057495
738.431152 261.182556
-1.000000 -1.000000
-1.000000 -1.000000
536.128052 203.643829
-1.000000 -1.000000
-1.000000 -1.000000
-1.000000 -1.000000
676.351318 67.508728
298.423401 410.693878
761.128418 260.766449
704.400757 109.568375
-1.000000 -1.000000
462.549103 322.942200
-1.000000 -1.000000
-1.000000 -1.000000
415.434937 422.552551
656.699402 457.020874
675.461914 313.314636
402.855652 110.656509
1147.754272 157.459442
316.997345 380.126312
205.302490 496.154724
-1.000000 -1.000000
-1.000000 -1.000000
-1.000000 -1.000000
1213.466797 116.730461
-1.000000 -1.000000
237.625961 518.361389
-1.000000 -1.000000
-1.000000 -1.000000
-1.000000 -1.000000
-1.000000 -1.000000
-1.000000 -1.000000
295.340271 302.788055
-1.000000 -1.000000
452.919678 80.119629
583.492554 381.033783
699.028259 387.412048
-1.000000 -1.000000
200.824127 455.671509
569.179016 343.809906
-1.000000 -1.000000
803.123474 454.629059
372.770508 490.523712
-1.000000 -1.000000
229.184814 423.533203
-1.000000 -1.000000
662.766479 427.093903
853.471008 405.461517
873.981567 364.815094
1207.771606 203.131119
817.643616 308.546509
624.058289 465.813477
566.009155 141.726517
1098.672363 42.258026
-1.000000 -1.000000
739.484863 195.618362
-1.000000 -1.000000
658.324890 313.960571
715.896606 258.165161
355.302612 196.019653
-1.000000 -1.000000
-1.000000 -1.000000
-1.000000 -1.000000
-1.000000 -1.000000
-1.000000 -1.000000
-1.000000 -1.000000
153.712204 558.575134
-1.000000 -1.000000
-1.000000 -1.000000
-1.000000 -1.000000
-1.000000 -1.000000
735.934937 66.101257
442.941986 300.151093
585.243896 174.934845
754.949890 406.850555
439.825195 204.260208
-1.000000 -1.000000
636.709351 71.673454
-1.000000 -1.000000
350.558136 290.746216
-1.000000 -1.000000
299.813965 270.472778
661.482544 87.566841
1173.370850 243.703064
-1.000000 -1.000000
-1.000000 -1.000000
-1.000000 -1.000000
622.564880 444.866547
566.440735 121.165138
297.631561 543.560120
-1.000000 -1.000000
802.282104 409.563843
265.809784 379.081451
462.558838 98.605827
1104.588257 80.887344
271.115479 328.233887
1135.738525 292.771606
334.141113 461.333862
-1.000000 -1.000000
659.888794 165.753235
481.779449 39.012966
-1.000000 -1.000000
582.092651 363.341888
547.913818 79.672554
233.786453 392.831787
360.132233 159.279739
358.739410 395.979218
629.515015 169.394913
-1.000000 -1.000000
390.736450 494.673920
-1.000000 -1.000000
-1.000000 -1.000000
500.791931 72.654236
-1.000000 -1.000000
-1.000000 -1.000000
532.887451 299.178223
328.298157 535.644226
-1.000000 -1.000000
-1.000000 -1.000000
380.806244 242.313721
-1.000000 -1.000000
-1.000000 -1.000000
-1.000000 -1.000000
676.980286 145.989395
202.598846 515.740967
424.832031 429.872406
1199.300049 157.149628
-1.000000 -1.000000
1148.294800 335.341431
651.846497 47.269741
-1.000000 -1.000000
1205.888306 258.034180
722.946777 126.083099
-1.000000 -1.000000
444.956635 373.034241
338.015259 256.981903
283.659454 543.609131
698.320068 80.108421
776.274231 405.824554
470.648315 243.284348
-1.000000 -1.000000
-1.000000 -1.000000
581.141174 150.830948
399.702606 472.763641
-1.000000 -1.000000
412.602386 373.005829
-1.000000 -1.000000
-1.000000 -1.000000
460.854156 345.997131
-1.000000 -1.000000
430.749908 281.893646
654.754883 146.537552
-1.000000 -1.000000
424.129089 44.791874
-1.000000 -1.000000
-1.000000 -1.000000
458.869904 182.571991
-1.000000 -1.000000
644.626953 439.530548
-1.000000 -1.000000
563.391296 162.281311
-1.000000 -1.000000
746.295593 82.451401
-1.000000 -1.000000
591.548889 401.828888
