1138.748047 317.648590
1207.794434 226.427383
1197.947754 638.259338
851.851807 460.358398
1198.993774 165.660034
260.707642 618.266357
1165.994019 608.537109
512.565735 402.997650
1220.010620 188.031357
1199.166138 615.497131
1166.317749 339.816742
477.137543 292.669678
647.632324 406.522430
776.058044 123.432274
360.413666 583.632141
1210.371460 580.924927
1129.864502 503.775787
676.995850 640.771179
188.134537 575.984009
1217.288574 453.707916
1131.294800 151.039703
1112.639282 447.508301
1152.253418 630.150208
289.942993 568.857239
388.767151 445.446625
192.367004 654.408569
363.853790 484.724243
459.200562 447.167725
1185.912720 595.578308
287.257324 458.455231
639.506042 535.602173
607.921509 228.165009
705.790588 555.172546
714.231018 372.551727
608.244202 553.137939
-1.000000 -1.000000
797.140442 561.407288
298.678833 519.898132
277.408966 548.717712
654.578308 426.390137
414.713715 54.944115
121.199562 655.035767
-1.000000 -1.000000
1108.145142 497.813751
227.559525 527.581848
733.532898 653.691711
1167.595581 296.174255
373.768860 356.125885
354.649719 436.658386
127.498230 632.839111
1075.952881 679.450439
451.730896 220.788651
442.796967 368.071808
1197.305420 258.872894
236.949234 589.286865
824.665405 669.543579
1190.885376 575.930786
319.364685 416.231049
340.775787 590.312378
391.164520 406.633911
1117.971191 650.888550
-1.000000 -1.000000
304.424377 545.134583
852.804932 440.735901
733.998169 368.402344
834.921997 638.708984
414.822906 508.919250
311.920532 645.608093
367.307312 563.756470
304.871826 664.707031
1131.361450 131.726654
500.544312 363.826355
775.988403 104.240585
231.771011 508.293732
747.881104 432.831299
842.690979 577.436584
650.655334 509.772064
628.187439 346.833923
681.249023 608.284302
258.033325 549.960083
637.459412 305.708832
729.025635 404.364288
509.532379 440.946625
-1.000000 -1.000000
439.637238 460.636292
401.640839 320.142242
463.437408 427.223145
1146.403198 341.458435
816.977905 570.802185
1137.214478 654.973389
685.672913 552.425537
1139.640015 416.173920
1218.412476 561.266357
1187.123169 291.911255
256.883545 595.999268
811.364014 532.481934
1112.802124 96.067802
344.832794 470.897552
713.376953 296.454193
661.201111 606.222412
555.657471 52.193417
1217.494385 649.886780
656.323853 383.542053
323.354919 397.065247
213.551178 645.315552
659.129395 545.177124
319.634766 512.650208
703.333557 647.517700
444.428558 69.167778
1146.097168 610.392395
867.469788 681.840027
-1.000000 -1.000000
-1.000000 -1.000000
727.775818 81.714752
439.224762 348.164490
717.644897 608.995789
485.175934 312.446686
630.728943 510.773499
310.558807 625.803467
592.677673 422.673859
344.295105 500.024109
843.821533 479.888062
416.572906 489.146484
1180.730103 369.678711
683.696411 660.679504
689.964233 512.626770
1187.815796 239.249115
1132.763550 97.330727
576.699524 110.395691
120.982338 674.929932
1149.147461 505.237640
307.127991 453.764313
427.664734 317.573883
412.382629 395.530487
418.931152 367.654419
766.974548 144.006119
858.289612 627.887207
1178.130981 656.187622
834.357483 533.356567
661.496948 86.390671
619.443726 206.465103
310.493835 565.093750
670.189514 510.947174
721.871399 426.160797
657.131531 638.919067
694.462830 213.421860
573.145630 418.632843
-1.000000 -1.000000
815.051025 636.977783
844.465027 675.062500
1226.893921 241.556534
403.710724 300.809235
208.148117 572.210144
410.144958 528.036377
530.707458 432.972168
241.018509 633.835510
655.530884 363.551758
379.988892 583.787292
848.438538 597.526184
1143.421265 298.069702
628.371033 567.276001
744.352905 580.320618
409.833069 428.966980
227.500916 547.414001
588.427307 550.816528
1132.080444 631.227356
1111.353394 154.461731
433.140839 387.441071
713.021973 276.923157
548.986572 306.450531
426.599854 298.141327
681.407349 85.410889
1129.635986 523.441711
1160.756592 362.129547
168.457367 580.588623
694.609436 376.204254
791.432922 523.620850
1133.354004 436.279846
324.244324 480.673981
707.705872 575.013367
709.288269 401.261169
599.780640 205.367676
417.561768 75.683037
461.912750 383.125732
1223.185181 261.306549
607.660217 533.510986
226.641968 609.285828
267.586548 463.160248
354.111023 360.941956
831.742920 457.672455
1152.018433 395.749542
1128.134399 483.928833
1224.175659 541.805847
755.958801 118.068375
394.696960 59.300343
393.219971 349.748474
735.676086 673.407166
616.879150 306.868652
187.865677 595.855469
656.635620 66.869255
722.931091 348.114319
577.319275 381.585022
504.736145 305.996033
1197.825806 658.329895
628.643372 229.144775
861.057129 647.661194
478.954559 451.279297
631.516235 586.845154
1172.415283 631.349426
174.425369 673.837646
1226.633789 221.956207
748.296021 405.594696
500.341797 218.377060
803.628540 594.676147
365.034363 463.512115
660.287720 565.737244
1132.357300 170.899002
1199.846558 206.710358
563.815369 486.980255
594.583435 403.172760
462.653229 402.048248
693.143677 193.940872
733.997070 102.014053
536.839844 251.471893
-1.000000 -1.000000
607.990845 573.037720
1166.191772 583.475586
587.497620 225.133606
411.595490 269.905029
1098.097900 650.087219
269.969086 570.874146
830.372742 513.753174
832.387207 438.490875
502.325409 53.306789
702.168274 422.064606
1138.310913 574.252258
286.877899 478.250732
771.296875 680.614685
525.273254 375.822174
-1.000000 -1.000000
575.925659 51.880772
-1.000000 -1.000000
1140.026123 674.615112
1118.972168 318.440125
324.871674 545.458008
535.993286 52.377865
122.140594 612.963196
544.730591 286.814697
1197.357788 456.637146
1157.920044 319.665222
227.460403 488.458740
1186.463257 341.097900
368.032196 416.892120
556.929565 117.211243
420.174438 347.707367
822.898254 597.203918
602.484985 442.217163
755.535400 99.090538
1177.152588 271.790039
1199.994385 145.786469
737.287170 626.359680
480.101227 363.162659
767.581238 433.606934
555.223755 386.041077
553.417664 419.336517
373.202026 375.880402
695.869080 298.826050
510.849487 72.878693
674.880920 428.601624
638.788757 205.897736
1158.501831 651.330566
635.931641 383.791534
709.745483 523.931091
713.717407 667.643250
1197.349121 551.872864
522.266235 215.403244
496.471130 283.525757
-1.000000 -1.000000
619.463074 187.126419
550.345276 326.028748
1055.978149 674.375977
665.069214 586.000549
329.535339 568.137573
574.222534 359.915649
1185.262573 678.714844
282.408997 615.053406
533.470825 411.145325
688.055115 254.663086
491.712921 414.572693
1171.875732 389.387787
-1.000000 -1.000000
1200.036377 185.790192
640.046387 87.575790
328.310547 436.195465
583.779114 662.000610
1096.420410 669.814880
728.714478 315.743530
756.232544 661.179382
702.490601 350.499725
706.873169 107.655563
550.125305 445.538574
728.236511 560.572632
1126.570068 594.405212
1108.611938 467.414673
385.510864 480.568634
631.679443 490.994263
741.949707 348.384064
-1.000000 -1.000000
1118.600342 572.880188
421.890228 94.947556
676.955200 66.999763
634.812988 426.188171
664.126099 660.834778
465.064728 312.693390
589.577881 528.004578
701.179810 88.094643
318.363129 587.421936
626.710938 327.342896
416.517548 250.323380
747.313049 560.641418
1148.809448 485.288116
520.727600 353.908356
480.563751 217.994370
409.859100 448.656799
590.419006 185.618179
597.729980 381.192810
1113.287109 117.482193
582.607971 507.150940
1219.968018 168.045197
431.002350 217.656555
514.934326 283.507233
1109.873169 517.613464
710.144165 232.635773
804.893982 613.425659
748.054016 452.575806
-1.000000 -1.000000
-1.000000 -1.000000
552.891785 363.473358
675.740051 105.504921
573.373901 438.144165
676.409485 307.688812
710.562866 254.983704
277.833771 528.312500
767.214844 453.765533
733.087463 296.601868
1201.005981 374.097778
459.791077 465.735382
765.458435 584.659607
1159.618164 536.674194
379.114929 544.472168
627.802002 638.830322
670.192688 492.098206
441.822601 252.054794
1159.691406 416.494537
299.114014 500.021332
167.246277 601.527222
655.151489 445.975403
694.699646 174.963211
702.816589 441.914154
1225.243286 394.973602
504.685822 325.541107
192.636108 629.610229
710.688721 128.036575
-1.000000 -1.000000
-1.000000 -1.000000
1076.372070 659.778381
-1.000000 -1.000000
300.354919 416.837433
635.047302 56.931660
499.798431 236.843887
567.832458 548.606628
687.565430 573.635864
-1.000000 -1.000000
168.399612 560.633240
562.295288 507.161011
398.066925 79.257790
774.700745 661.053650
332.629425 626.504211
488.656586 73.600479
208.597794 526.173401
-1.000000 -1.000000
639.461365 607.338013
832.968628 619.140442
862.586426 577.458557
1217.418091 473.563721
810.199402 512.775940
591.816956 641.663818
587.215454 284.078125
1122.938477 298.844086
657.386353 105.588257
753.191650 386.467438
788.038696 143.383362
651.842163 490.503265
722.637268 445.619995
381.942505 321.704865
-1.000000 -1.000000
-1.000000 -1.000000
784.756287 595.835938
565.539124 202.445740
667.963867 406.690735
468.510956 86.700668
102.186134 651.878845
553.190674 138.732498
-1.000000 -1.000000
447.067413 88.686378
626.622253 121.242271
766.205933 242.805023
439.480652 441.044983
607.383484 345.340790
737.848450 603.358215
458.780914 343.190704
1097.053955 630.276062
670.461609 254.066971
497.719177 191.586609
348.026154 416.650269
747.775269 78.025627
304.295105 394.966980
694.061707 273.465790
1171.874268 507.850952
453.773560 200.043625
747.708801 245.851746
608.743347 125.631897
594.416626 621.563416
589.396301 263.688873
255.333786 667.796265
563.490662 673.942322
784.194397 614.914490
250.922806 491.617889
503.769501 254.312164
1126.628784 338.440125
267.163269 443.329926
1133.307373 551.113220
302.395020 587.035767
969.897278 121.975250
682.289856 346.304535
532.667725 195.429840
-1.000000 -1.000000
569.782898 528.315918
583.124512 245.561722
212.975250 505.624268
384.800171 298.185364
338.836212 524.169312
648.474976 342.130798
1018.222229 665.743042
353.195374 629.427917
-1.000000 -1.000000
714.265625 215.660278
541.899414 230.536942
1210.375488 283.820557
1178.850464 316.142792
529.847229 452.421722
282.362610 664.111084
714.321655 146.276932
962.299622 58.887325
398.104126 375.193207
564.456665 286.189880
748.867981 213.810333
1096.639282 147.701523
700.696594 330.495148
159.143600 621.430298
398.815704 571.060486
1210.824585 424.929230
612.426086 422.446625
1159.614990 564.077820
691.915833 234.902802
357.669708 543.624512
1206.853027 527.610413
747.993103 316.844208
269.970276 498.504669
434.221344 511.808533
351.328796 381.718903
236.684250 664.570251
732.236572 272.457123
758.006470 605.324951
483.094299 391.347046
638.916077 174.285782
745.281189 158.284348
606.077087 323.931213
364.993958 610.312561
567.302429 158.501160
396.474731 508.852966
518.168335 110.846344
567.686462 305.924835
453.302612 489.704346
526.821228 311.033112
429.945221 421.253113
681.827026 328.468231
1113.456787 76.237907
476.014526 195.020035
530.283813 151.310440
601.858093 150.939850
484.383636 331.943970
483.096588 119.811310
620.879395 618.469055
462.046997 154.663040
587.839172 326.993713
550.664551 166.908447
776.249146 278.249481
-1.000000 -1.000000
572.352417 569.868469
