1146.020386 311.047943
1214.977661 219.149597
1206.715332 632.632629
858.913818 455.553955
1206.149414 158.361832
269.507233 615.372070
1174.277588 602.763184
519.252319 399.375214
1227.201294 180.556442
1207.853882 609.765869
1173.780640 333.116608
483.317444 289.283234
654.316284 402.336670
781.588562 118.205864
368.579742 580.574158
1218.941406 575.032043
1137.697144 498.066315
684.539307 636.736694
196.888824 573.505554
1225.542114 447.282959
1137.914062 143.929459
1120.272705 441.561035
1160.438843 624.599365
298.290924 566.087097
396.103668 442.436218
201.621140 651.818298
371.607025 481.586456
466.400146 443.844910
1194.221069 589.815613
294.863892 455.775726
646.554932 531.502136
613.751221 224.028839
713.121765 550.871643
720.707947 368.024414
615.361633 549.199585
1128.358887 682.380066
804.391663 556.680969
306.833588 517.058472
285.608337 546.002136
661.297607 422.226715
419.711792 51.540245
130.594925 652.907227
-1.000000 -1.000000
1115.947754 492.112579
235.867111 525.141785
741.258789 649.387451
1174.861450 289.479370
380.503906 353.151550
361.741272 433.862488
136.760574 630.435364
1084.185913 674.249146
457.710449 217.703720
449.469757 364.761993
1204.341187 251.810165
245.313339 586.688843
832.472046 664.964355
1199.213501 570.010498
326.565674 413.663177
348.813812 587.392212
398.411957 403.476166
1126.092896 645.506165
163.732742 682.475403
312.612366 542.274109
859.903137 435.723907
740.552429 363.902008
842.634033 634.021301
422.528961 505.672424
320.592285 642.612427
375.573242 560.671875
313.551239 662.012085
1137.960815 124.426682
507.235809 360.585480
781.551819 98.710930
239.918350 505.726288
754.792297 428.429810
850.497864 573.046997
657.638000 505.574738
634.567200 342.683685
688.771423 604.037292
266.035492 547.451599
643.522339 301.503845
735.595276 399.886780
516.572144 437.714172
-1.000000 -1.000000
446.621918 457.501740
408.097809 317.111389
470.561584 423.901459
1153.877441 334.871246
824.295105 566.313110
1145.687012 649.550232
693.021362 548.353149
1147.326782 409.879425
1226.964966 555.194153
1194.696899 284.762482
265.327240 593.533875
818.542542 527.743958
1119.258423 89.036591
352.143402 468.148926
719.778870 291.833954
668.732056 602.340454
560.621033 48.007359
1226.360962 644.205933
662.768005 379.319977
330.507599 394.323853
222.428925 642.812805
666.305542 541.249084
327.397247 509.879730
711.104858 643.596741
449.452850 65.671814
1154.364380 604.631653
875.600342 677.480347
203.137558 682.248901
-1.000000 -1.000000
733.347473 76.805771
445.788086 344.805420
725.334412 604.763123
491.313812 309.049225
637.650208 506.856201
318.967560 622.741394
599.730896 418.788635
351.992462 497.117157
851.200317 475.262939
424.027679 485.820435
1188.338379 363.199890
691.346863 656.698853
697.215576 508.487854
1195.010498 232.070480
1139.205200 90.137054
581.946655 106.327629
130.476151 672.832153
1157.134399 499.353912
314.767365 450.994537
434.419952 314.418121
419.213837 392.436920
425.576965 364.488342
772.767395 138.936996
866.148132 623.141174
1186.698608 650.658508
841.871521 528.619568
666.475464 81.663963
625.025757 202.221558
318.630371 562.256958
677.366638 506.692657
728.520264 421.737976
664.711914 634.800598
700.478516 208.867737
580.046509 414.764893
-1.000000 -1.000000
822.705139 632.484192
852.268616 670.625366
1234.271729 234.303436
410.168274 297.528900
216.872040 569.625305
417.713837 525.165283
537.352173 429.402100
249.795776 631.123779
661.845337 359.326904
388.310150 580.652466
856.310425 593.089050
1150.720337 291.395874
635.468811 563.286011
751.801575 575.994873
416.859253 425.697388
235.765594 545.052368
595.474792 546.978638
1140.243896 625.770447
1117.996338 147.551788
439.677582 384.361176
719.232117 272.125610
555.625366 302.770752
433.036163 294.765686
686.416748 80.629051
1137.578857 517.911194
1168.345093 355.543304
177.088440 578.210510
701.048035 371.813263
798.537415 519.191284
1141.130615 429.976807
331.934662 477.927155
715.148193 570.781189
715.790649 396.827637
605.348755 201.191193
422.639252 72.343430
468.915375 379.827209
1230.396240 254.103500
614.965210 529.472473
235.160248 606.741211
275.069275 460.587921
360.768311 358.011963
838.832947 452.807739
1159.569214 389.558075
1135.890503 478.238220
1232.805664 535.502441
761.509949 112.721054
399.575867 56.052719
400.117584 346.593170
743.343811 669.199463
623.206116 302.621521
196.723511 593.443787
661.610596 62.034199
729.302917 343.623810
583.680603 377.687622
511.050476 302.345551
1206.512085 652.736023
634.280273 225.005203
869.016602 642.950806
486.276184 447.846649
638.846558 582.963989
1180.623291 625.735413
183.600342 671.501465
1234.199219 214.515030
755.064697 401.033905
506.061676 214.642288
811.344116 590.235718
372.286285 460.851532
668.147278 561.958923
1138.823364 163.859451
1207.017822 199.331757
570.748352 483.373810
601.257874 399.061920
469.722992 399.103882
699.203857 189.260223
739.788757 97.050911
542.994568 247.962616
-1.000000 -1.000000
615.195374 569.110596
1174.442383 577.683533
593.450134 221.115799
417.628906 267.273468
1106.192505 644.646912
278.284760 568.121216
837.885254 508.890106
839.569580 433.322845
507.452301 49.476562
708.525574 417.665649
1146.593994 568.611572
294.558533 475.628876
779.282959 676.394958
531.770142 372.543091
-1.000000 -1.000000
580.857483 47.773651
-1.000000 -1.000000
1148.573486 669.320496
1126.139160 311.973633
332.873413 542.459961
540.886169 48.187313
131.588394 610.505188
550.663269 282.890900
1205.583984 450.222870
1165.541382 313.000183
235.706680 485.884491
1193.784302 334.346252
375.294159 414.003265
562.089478 113.199913
426.506958 344.487915
830.864929 592.906189
609.594055 438.426392
761.135742 93.477448
1184.208252 264.795959
1207.164673 138.416428
745.090759 622.456238
486.943848 359.680634
774.570129 429.366302
562.290649 382.057831
560.152588 415.606262
380.222137 372.969635
701.506531 294.384979
515.994141 69.119766
681.598938 424.363922
644.536743 201.573090
1166.765747 645.823486
642.477417 379.515839
717.011169 519.933533
721.340698 663.613647
1205.562378 545.950745
528.040039 211.691360
502.926849 279.769623
-1.000000 -1.000000
624.923767 182.750549
557.212952 322.510834
1064.120117 669.165710
672.951965 582.150696
338.037872 565.281799
580.543152 356.532959
1193.615112 673.161255
290.490509 612.170288
539.644775 407.476135
694.293030 250.389999
498.694794 411.439880
1179.534180 382.966278
-1.000000 -1.000000
1207.214844 178.346497
645.700195 82.414185
335.513336 433.598236
591.668579 657.842590
1104.826904 664.545837
735.023254 311.336365
763.796814 656.751648
708.929016 346.319580
712.440002 102.963417
556.986023 442.111603
735.588135 556.212463
1134.830566 588.647278
1116.354004 461.488525
392.533752 477.527832
638.239258 487.017426
748.648254 343.880463
-1.000000 -1.000000
1126.844116 567.373108
426.897003 91.879196
681.799927 61.779495
641.341003 422.095001
671.691101 656.767334
471.273529 309.212830
596.320190 524.422974
706.242065 83.376686
327.279236 584.825256
633.353088 323.079803
422.832001 247.519470
754.852112 556.240051
1156.751709 479.399994
527.316833 351.349304
486.205658 214.538055
416.858765 445.497742
595.777344 181.432602
603.963013 377.423798
1119.302856 110.436226
589.402405 503.502502
1227.127319 160.560287
437.270050 215.125137
521.808105 279.722534
1117.714355 511.911163
716.266174 228.414993
812.100098 609.411072
755.026672 448.321442
-1.000000 -1.000000
-1.000000 -1.000000
559.700256 360.244995
680.886536 101.012344
580.079163 434.430908
682.060120 303.233795
716.504272 249.915939
285.933502 525.721863
774.466492 449.446442
739.586548 291.913055
1208.422363 367.300110
466.767639 462.928589
772.198303 580.157471
1167.195435 530.802246
387.114471 541.104553
634.942932 634.876465
677.394897 487.486481
448.015472 249.012680
1167.383789 410.087067
307.016815 497.125153
176.136795 598.846558
661.687683 441.852142
700.770020 170.012543
709.182129 437.592743
1233.532593 388.148163
510.882996 322.036255
201.890808 626.963440
716.239563 123.181641
-1.000000 -1.000000
304.656158 681.599487
1084.476562 654.479736
-1.000000 -1.000000
307.294434 414.648376
640.466248 52.392609
505.988007 233.628006
575.038208 544.910522
694.865967 569.731689
-1.000000 -1.000000
177.012115 558.314392
569.113220 503.539124
403.023010 76.088615
782.963501 656.663269
340.964813 623.677002
495.069702 69.518623
216.587952 524.155579
-1.000000 -1.000000
646.703674 603.422241
841.076843 614.297363
870.457764 573.230103
1225.712646 467.197723
817.680481 507.952271
599.881592 637.724792
592.939636 280.117737
1130.431763 291.873718
661.956848 101.095795
760.041870 381.759125
793.127808 138.176788
658.482361 486.134003
730.109558 441.391602
388.286743 318.858643
-1.000000 -1.000000
323.772064 682.148071
792.073059 591.316345
571.007263 198.599548
675.032104 402.423798
474.616852 83.059334
111.165749 650.246460
558.327698 134.221024
-1.000000 -1.000000
452.256592 85.363258
632.080872 116.912209
772.634216 238.513458
446.500122 437.785400
614.196228 342.044434
745.539856 599.402710
465.460815 338.743561
1105.120728 624.888367
675.862488 249.500015
503.163635 189.497467
355.049042 413.819550
753.358643 72.738281
311.312653 392.612213
699.644775 269.696136
1179.138428 501.839539
459.331207 197.220596
753.572021 241.505768
613.672791 121.403397
602.494263 617.635620
595.439087 260.051605
264.739136 665.611816
571.280090 669.621765
791.579285 610.729614
259.198578 488.971283
510.828949 251.800034
1133.907715 331.965546
274.887360 440.666565
1141.481323 546.036804
310.075867 584.711304
977.437378 115.467056
688.647400 342.514893
538.808289 191.753998
-1.000000 -1.000000
576.419434 524.440247
588.981140 241.472366
220.689453 504.074463
390.699585 296.131714
346.679077 521.507874
654.756775 338.152557
1026.125244 660.811707
361.365387 626.910950
-1.000000 -1.000000
720.406555 210.567642
547.810852 226.482208
1214.883057 276.903961
1186.005493 309.477997
536.923218 449.240173
291.935211 661.606262
719.038940 142.894501
969.685120 52.071110
405.064026 372.240265
570.388428 281.576874
754.527100 210.041046
1101.742920 141.147705
708.018311 326.121338
168.348022 618.911438
407.403870 567.199890
1219.180054 418.003082
619.557800 418.823914
1167.433716 558.093018
697.567688 230.690521
365.988892 540.616455
1214.435059 521.671204
754.440918 312.136200
278.379150 495.775360
442.158630 508.252930
358.499542 378.777679
245.818222 662.664185
738.877747 268.034607
765.509827 601.374207
490.575378 389.219452
644.583923 169.424789
750.901001 151.572128
612.870605 320.550354
373.239532 607.474915
573.218750 155.357407
403.763580 505.695251
523.962646 106.937111
574.720276 302.363525
460.411285 486.977142
533.232727 307.368134
436.933228 417.907013
688.487671 323.942139
1120.017700 69.166550
481.993286 192.037827
535.973816 147.461594
606.990967 148.303467
490.666077 328.691498
488.246521 115.992676
628.072998 614.704468
467.980499 149.167725
594.290710 322.918610
555.555054 164.420120
782.371399 271.973328
700.955811 680.582458
580.118713 566.429138
