-1.000000 -1.000000
-1.000000 -1.000000
-1.000000 -1.000000
-1.000000 -1.000000
-1.000000 -1.000000
-1.000000 -1.000000
-1.000000 -1.000000
-1.000000 -1.000000
-1.000000 -1.000000
-1.000000 -1.000000
-1.000000 -1.000000
-1.000000 -1.000000
-1.000000 -1.000000
-1.000000 -1.000000
-1.000000 -1.000000
-1.000000 -1.000000
-1.000000 -1.000000
-1.000000 -1.000000
-1.000000 -1.000000
-1.000000 -1.000000
-1.000000 -1.000000
-1.000000 -1.000000
-1.000000 -1.000000
-1.000000 -1.000000
-1.000000 -1.000000
-1.000000 -1.000000
-1.000000 -1.000000
-1.000000 -1.000000
-1.000000 -1.000000
-1.000000 -1.000000
-1.000000 -1.000000
1123.258911 629.412354
-1.000000 -1.000000
-1.000000 -1.000000
-1.000000 -1.000000
-1.000000 -1.000000
-1.000000 -1.000000
-1.000000 -1.000000
-1.000000 -1.000000
-1.000000 -1.000000
-1.000000 -1.000000
-1.000000 -1.000000
-1.000000 -1.000000
391.125732 534.193787
-1.000000 -1.000000
-1.000000 -1.000000
-1.000000 -1.000000
-1.000000 -1.000000
-1.000000 -1.000000
-1.000000 -1.000000
-1.000000 -1.000000
-1.000000 -1.000000
-1.000000 -1.000000
-1.000000 -1.000000
-1.000000 -1.000000
-1.000000 -1.000000
-1.000000 -1.000000
-1.000000 -1.000000
-1.000000 -1.000000
-1.000000 -1.000000
-1.000000 -1.000000
-1.000000 -1.000000
-1.000000 -1.000000
-1.000000 -1.000000
-1.000000 -1.000000
-1.000000 -1.000000
-1.000000 -1.000000
-1.000000 -1.000000
-1.000000 -1.000000
-1.000000 -1.000000
170.692551 609.545166
385.506073 520.170105
-1.000000 -1.000000
122.927147 590.713501
-1.000000 -1.000000
-1.000000 -1.000000
-1.000000 -1.000000
-1.000000 -1.000000
-1.000000 -1.000000
-1.000000 -1.000000
-1.000000 -1.000000
-1.000000 -1.000000
-1.000000 -1.000000
-1.000000 -1.000000
-1.000000 -1.000000
-1.000000 -1.000000
-1.000000 -1.000000
-1.000000 -1.000000
-1.000000 -1.000000
-1.000000 -1.000000
-1.000000 -1.000000
-1.000000 -1.000000
238.411560 494.601379
-1.000000 -1.000000
-1.000000 -1.000000
148.452316 651.539368
-1.000000 -1.000000
-1.000000 -1.000000
-1.000000 -1.000000
-1.000000 -1.000000
-1.000000 -1.000000
-1.000000 -1.000000
-1.000000 -1.000000
-1.000000 -1.000000
-1.000000 -1.000000
683.864197 559.454407
-1.000000 -1.000000
-1.000000 -1.000000
-1.000000 -1.000000
283.055084 511.088562
-1.000000 -1.000000
-1.000000 -1.000000
-1.000000 -1.000000
-1.000000 -1.000000
-1.000000 -1.000000
-1.000000 -1.000000
325.099060 509.729156
-1.000000 -1.000000
-1.000000 -1.000000
-1.000000 -1.000000
-1.000000 -1.000000
-1.000000 -1.000000
-1.000000 -1.000000
-1.000000 -1.000000
439.991760 523.760010
-1.000000 -1.000000
-1.000000 -1.000000
-1.000000 -1.000000
-1.000000 -1.000000
-1.000000 -1.000000
-1.000000 -1.000000
-1.000000 -1.000000
-1.000000 -1.000000
-1.000000 -1.000000
652.762024 548.070129
-1.000000 -1.000000
-1.000000 -1.000000
-1.000000 -1.000000
559.367615 617.065796
-1.000000 -1.000000
-1.000000 -1.000000
-1.000000 -1.000000
-1.000000 -1.000000
-1.000000 -1.000000
-1.000000 -1.000000
-1.000000 -1.000000
-1.000000 -1.000000
-1.000000 -1.000000
-1.000000 -1.000000
-1.000000 -1.000000
715.876404 654.051270
-1.000000 -1.000000
-1.000000 -1.000000
-1.000000 -1.000000
133.107834 563.651001
-1.000000 -1.000000
-1.000000 -1.000000
-1.000000 -1.000000
-1.000000 -1.000000
-1.000000 -1.000000
-1.000000 -1.000000
-1.000000 -1.000000
-1.000000 -1.000000
-1.000000 -1.000000
244.899017 473.281860
-1.000000 -1.000000
-1.000000 -1.000000
330.607422 580.427429
-1.000000 -1.000000
-1.000000 -1.000000
-1.000000 -1.000000
-1.000000 -1.000000
-1.000000 -1.000000
501.029663 395.546844
670.803772 530.250549
-1.000000 -1.000000
-1.000000 -1.000000
-1.000000 -1.000000
-1.000000 -1.000000
-1.000000 -1.000000
-1.000000 -1.000000
-1.000000 -1.000000
-1.000000 -1.000000
-1.000000 -1.000000
-1.000000 -1.000000
-1.000000 -1.000000
-1.000000 -1.000000
-1.000000 -1.000000
-1.000000 -1.000000
595.533691 626.040833
-1.000000 -1.000000
-1.000000 -1.000000
-1.000000 -1.000000
-1.000000 -1.000000
-1.000000 -1.000000
-1.000000 -1.000000
342.280731 395.004517
-1.000000 -1.000000
-1.000000 -1.000000
-1.000000 -1.000000
-1.000000 -1.000000
-1.000000 -1.000000
-1.000000 -1.000000
479.268311 594.637878
749.704895 660.994934
-1.000000 -1.000000
-1.000000 -1.000000
-1.000000 -1.000000
-1.000000 -1.000000
-1.000000 -1.000000
-1.000000 -1.000000
-1.000000 -1.000000
-1.000000 -1.000000
-1.000000 -1.000000
-1.000000 -1.000000
-1.000000 -1.000000
-1.000000 -1.000000
-1.000000 -1.000000
-1.000000 -1.000000
446.256165 518.753113
-1.000000 -1.000000
-1.000000 -1.000000
-1.000000 -1.000000
-1.000000 -1.000000
-1.000000 -1.000000
-1.000000 -1.000000
-1.000000 -1.000000
-1.000000 -1.000000
-1.000000 -1.000000
-1.000000 -1.000000
-1.000000 -1.000000
-1.000000 -1.000000
-1.000000 -1.000000
-1.000000 -1.000000
-1.000000 -1.000000
-1.000000 -1.000000
376.650299 398.354248
-1.000000 -1.000000
-1.000000 -1.000000
-1.000000 -1.000000
-1.000000 -1.000000
-1.000000 -1.000000
-1.000000 -1.000000
-1.000000 -1.000000
583.280396 622.734314
-1.000000 -1.000000
-1.000000 -1.000000
-1.000000 -1.000000
-1.000000 -1.000000
-1.000000 -1.000000
-1.000000 -1.000000
-1.000000 -1.000000
-1.000000 -1.000000
-1.000000 -1.000000
769.654541 599.616272
-1.000000 -1.000000
-1.000000 -1.000000
-1.000000 -1.000000
-1.000000 -1.000000
-1.000000 -1.000000
-1.000000 -1.000000
-1.000000 -1.000000
-1.000000 -1.000000
-1.000000 -1.000000
-1.000000 -1.000000
-1.000000 -1.000000
-1.000000 -1.000000
-1.000000 -1.000000
-1.000000 -1.000000
-1.000000 -1.000000
-1.000000 -1.000000
-1.000000 -1.000000
-1.000000 -1.000000
-1.000000 -1.000000
593.427002 669.038757
775.018372 576.047546
-1.000000 -1.000000
-1.000000 -1.000000
-1.000000 -1.000000
-1.000000 -1.000000
-1.000000 -1.000000
-1.000000 -1.000000
-1.000000 -1.000000
-1.000000 -1.000000
-1.000000 -1.000000
-1.000000 -1.000000
-1.000000 -1.000000
-1.000000 -1.000000
-1.000000 -1.000000
-1.000000 -1.000000
-1.000000 -1.000000
-1.000000 -1.000000
-1.000000 -1.000000
-1.000000 -1.000000
-1.000000 -1.000000
-1.000000 -1.000000
-1.000000 -1.000000
-1.000000 -1.000000
559.407227 642.357727
666.363342 549.786743
