-1.000000 -1.000000
-1.000000 -1.000000
-1.000000 -1.000000
847.295593 283.235382
-1.000000 -1.000000
294.873993 517.795166
1171.716553 382.453979
503.442474 276.809814
-1.000000 -1.000000
1203.320801 386.013916
1148.090332 120.317406
450.060272 172.107346
-1.000000 -1.000000
-1.000000 -1.000000
385.832886 473.231750
1202.085083 387.929810
1124.947021 286.369293
699.334045 480.352753
216.500473 487.963501
1207.377563 225.166855
-1.000000 -1.000000
1102.607666 235.455185
1160.681152 404.360596
315.722656 468.159271
390.866730 335.697906
235.089249 564.151489
370.915070 377.476044
458.958374 328.610168
-1.000000 -1.000000
291.256897 361.674561
649.285339 388.534088
572.168518 85.290733
714.598511 396.481018
700.625244 217.247665
622.368713 408.648224
-1.000000 -1.000000
805.259705 390.115234
313.929596 421.407074
299.427216 449.960541
-1.000000 -1.000000
-1.000000 -1.000000
168.480133 572.597229
-1.000000 -1.000000
1105.048218 284.373840
247.942719 436.826141
754.389282 484.856781
1142.976929 76.693977
357.971436 249.113358
355.564697 332.579529
170.775024 552.112854
-1.000000 -1.000000
413.358002 100.205116
430.084808 252.641083
-1.000000 -1.000000
266.603760 495.156036
845.086914 487.983521
-1.000000 -1.000000
317.373749 315.953857
368.368164 481.869537
384.617493 298.669464
-1.000000 -1.000000
-1.000000 -1.000000
325.574219 441.943909
848.157959 264.173065
-1.000000 -1.000000
853.203125 457.580109
423.897522 394.827881
347.439941 538.444214
388.991241 453.326660
344.265442 555.650879
-1.000000 -1.000000
486.773743 238.890305
-1.000000 -1.000000
249.086563 418.352386
740.330994 272.889740
851.121155 398.279694
657.884705 361.778015
611.043213 203.182526
701.481445 451.458832
281.405670 454.697601
613.251526 161.679749
719.511230 248.082214
507.948792 313.676392
-1.000000 -1.000000
442.583160 343.723846
381.122498 209.028656
460.713440 308.805603
1127.769165 123.665627
825.404175 395.388306
-1.000000 -1.000000
695.050232 396.767914
1127.832031 199.374237
1217.970337 331.033112
1165.523682 67.339394
287.797699 498.755707
817.231201 360.427032
-1.000000 -1.000000
351.389282 366.403381
687.730225 142.137985
681.702454 451.392120
-1.000000 -1.000000
-1.000000 -1.000000
-1.000000 -1.000000
318.941986 296.974060
255.285034 549.910400
668.908508 393.477081
334.577942 410.110626
725.059692 482.940552
-1.000000 -1.000000
1152.619995 385.815369
-1.000000 -1.000000
-1.000000 -1.000000
-1.000000 -1.000000
-1.000000 -1.000000
423.990631 232.916824
736.492676 446.042969
-1.000000 -1.000000
638.255554 364.058502
344.082947 519.313049
-1.000000 -1.000000
354.809204 394.534546
840.042480 303.343872
423.073059 375.675781
-1.000000 -1.000000
709.930237 499.263275
696.833557 359.438110
1153.680420 45.320065
-1.000000 -1.000000
-1.000000 -1.000000
-1.000000 -1.000000
1145.966064 285.013519
310.460236 355.123627
404.310272 204.161072
404.799591 282.731476
405.940735 255.906311
-1.000000 -1.000000
873.808289 444.560699
-1.000000 -1.000000
839.697937 359.546021
-1.000000 -1.000000
-1.000000 -1.000000
333.642120 461.070343
677.366089 360.894897
-1.000000 -1.000000
680.691284 480.207703
-1.000000 -1.000000
-1.000000 -1.000000
-1.000000 -1.000000
833.553833 457.484467
864.368652 489.089325
-1.000000 -1.000000
381.416229 189.847580
235.863495 482.289978
421.758423 412.886993
-1.000000 -1.000000
278.512329 535.960022
642.061401 216.712433
404.424683 472.065887
858.889160 417.583923
1122.581909 79.865746
644.316040 419.362427
-1.000000 -1.000000
408.334412 316.692413
250.346802 456.377350
601.646790 407.799042
-1.000000 -1.000000
-1.000000 -1.000000
422.740784 272.438293
686.613159 123.090256
-1.000000 -1.000000
402.959259 186.055176
-1.000000 -1.000000
1126.292725 305.194550
-1.000000 -1.000000
198.235443 494.302795
681.968506 222.405716
797.020386 353.127350
1123.846191 220.112610
330.703064 380.288239
720.275269 415.106567
-1.000000 -1.000000
-1.000000 -1.000000
-1.000000 -1.000000
450.136047 265.933655
-1.000000 -1.000000
620.734070 389.338959
259.519257 516.709229
273.236816 367.706573
339.966858 255.273621
826.849060 281.444366
1138.695068 175.983597
1122.089478 267.073212
1222.165283 311.624603
-1.000000 -1.000000
-1.000000 -1.000000
375.910858 241.527573
760.306458 503.206909
591.863525 165.070923
218.624985 507.737610
-1.000000 -1.000000
707.375427 191.688675
-1.000000 -1.000000
-1.000000 -1.000000
-1.000000 -1.000000
594.106140 82.914337
879.092529 464.394012
478.226868 331.590546
645.615417 434.975983
1178.965820 402.872528
221.737061 583.013489
-1.000000 -1.000000
739.512268 248.081863
462.351227 91.696152
-1.000000 -1.000000
370.038483 355.578430
672.942139 413.089355
-1.000000 -1.000000
-1.000000 -1.000000
565.561523 349.347595
-1.000000 -1.000000
454.466949 283.239471
-1.000000 -1.000000
-1.000000 -1.000000
503.072693 121.433144
-1.000000 -1.000000
-1.000000 -1.000000
1144.366577 392.242188
550.263916 83.642281
382.915161 155.521530
-1.000000 -1.000000
296.357086 472.216797
832.382507 340.107178
825.461792 266.742767
-1.000000 -1.000000
-1.000000 -1.000000
1141.395996 353.700684
292.974670 381.305573
-1.000000 -1.000000
514.288147 246.670685
-1.000000 -1.000000
-1.000000 -1.000000
-1.000000 -1.000000
-1.000000 -1.000000
-1.000000 -1.000000
-1.000000 -1.000000
-1.000000 -1.000000
162.561905 532.474792
-1.000000 -1.000000
1187.580322 229.322266
-1.000000 -1.000000
240.684280 399.167877
-1.000000 -1.000000
364.226257 310.584503
-1.000000 -1.000000
405.242279 234.251724
834.146301 420.273499
-1.000000 -1.000000
-1.000000 -1.000000
1152.276611 48.164463
-1.000000 -1.000000
757.019531 458.867432
464.540558 240.146591
760.109863 272.106445
-1.000000 -1.000000
-1.000000 -1.000000
358.841064 269.238220
672.994080 144.986496
-1.000000 -1.000000
-1.000000 -1.000000
-1.000000 -1.000000
-1.000000 -1.000000
622.974304 238.990845
716.771912 365.891205
736.958679 500.944519
1146.621826 391.474792
483.948181 86.495918
-1.000000 -1.000000
-1.000000 -1.000000
-1.000000 -1.000000
-1.000000 -1.000000
-1.000000 -1.000000
679.709534 430.241486
-1.000000 -1.000000
561.155701 223.398941
-1.000000 -1.000000
316.480865 511.350342
-1.000000 -1.000000
657.243408 102.069893
484.222565 290.462433
-1.000000 -1.000000
-1.000000 -1.000000
-1.000000 -1.000000
-1.000000 -1.000000
325.640564 334.692261
614.044128 515.214478
-1.000000 -1.000000
705.153198 159.413727
780.779602 489.637756
686.018677 195.158310
-1.000000 -1.000000
549.550598 312.761444
741.754272 398.936768
-1.000000 -1.000000
1096.793335 255.008438
393.796478 369.788971
638.274231 344.702240
-1.000000 -1.000000
-1.000000 -1.000000
-1.000000 -1.000000
-1.000000 -1.000000
-1.000000 -1.000000
-1.000000 -1.000000
690.566589 501.144592
-1.000000 -1.000000
600.942749 386.033997
-1.000000 -1.000000
343.166992 481.343689
605.549377 184.010574
381.057678 134.036819
759.456726 396.000977
1148.492676 264.687836
501.829437 221.699356
442.210327 91.162331
409.291260 335.983246
-1.000000 -1.000000
-1.000000 -1.000000
-1.000000 -1.000000
589.854614 368.146576
-1.000000 -1.000000
390.132355 93.564598
-1.000000 -1.000000
1106.739990 302.126373
674.273254 75.122276
820.066711 437.570526
739.670288 291.648651
-1.000000 -1.000000
-1.000000 -1.000000
537.511841 229.647720
-1.000000 -1.000000
-1.000000 -1.000000
-1.000000 -1.000000
680.701233 99.509308
295.702728 430.906982
760.983643 291.509277
707.187500 140.923843
-1.000000 -1.000000
462.162323 346.775024
-1.000000 -1.000000
-1.000000 -1.000000
411.809662 447.440399
653.660095 485.889221
674.269775 342.863861
407.663330 135.200485
1147.675537 197.937943
314.145874 401.434174
200.451813 516.301514
-1.000000 -1.000000
-1.000000 -1.000000
-1.000000 -1.000000
1212.465576 159.957260
-1.000000 -1.000000
230.778900 538.964294
-1.000000 -1.000000
-1.000000 -1.000000
-1.000000 -1.000000
-1.000000 -1.000000
-1.000000 -1.000000
296.481995 322.362488
-1.000000 -1.000000
459.497467 107.111862
581.324280 407.955353
697.559387 416.658844
-1.000000 -1.000000
196.477097 474.988800
568.575928 370.480164
-1.000000 -1.000000
798.740356 486.564453
367.620026 513.349915
-1.000000 -1.000000
226.768677 441.343140
-1.000000 -1.000000
660.898743 455.855835
849.376831 438.646973
871.291260 397.456604
1206.802612 244.739334
814.727661 341.106689
619.272583 493.938660
570.820435 170.651825
1100.115479 83.842171
-1.000000 -1.000000
740.317505 227.007309
-1.000000 -1.000000
658.189636 343.146332
716.116211 288.335876
359.229828 218.001740
-1.000000 -1.000000
-1.000000 -1.000000
-1.000000 -1.000000
527.176880 64.839043
-1.000000 -1.000000
-1.000000 -1.000000
146.773499 576.140747
-1.000000 -1.000000
-1.000000 -1.000000
-1.000000 -1.000000
-1.000000 -1.000000
740.265015 100.530273
442.771057 324.402313
587.259583 199.333420
751.938477 436.764648
442.575500 229.910477
-1.000000 -1.000000
641.583313 102.804482
452.903534 59.016563
350.676147 312.936157
-1.000000 -1.000000
300.667969 292.202148
665.786316 117.400894
1175.574341 283.819122
-1.000000 -1.000000
-1.000000 -1.000000
-1.000000 -1.000000
618.362000 473.483093
570.289001 149.315674
291.055634 564.693481
-1.000000 -1.000000
799.756226 440.811707
262.870880 399.637207
466.577484 124.401176
1106.044556 121.574005
270.620026 348.927856
1133.710938 331.438538
330.342957 482.785156
-1.000000 -1.000000
661.711365 194.599762
488.479431 66.301201
-1.000000 -1.000000
581.238342 389.161591
552.393860 108.446754
230.999588 413.252319
363.793793 183.310715
354.934387 418.167328
631.662903 197.410599
-1.000000 -1.000000
385.524078 517.509705
-1.000000 -1.000000
676.863037 61.527802
506.279266 100.611366
1190.140015 55.739807
-1.000000 -1.000000
532.593201 325.266510
320.115021 557.438782
-1.000000 -1.000000
-1.000000 -1.000000
383.584229 265.428711
-1.000000 -1.000000
-1.000000 -1.000000
-1.000000 -1.000000
677.965149 176.592712
197.007401 535.818298
420.229523 454.986359
1198.362671 198.983582
-1.000000 -1.000000
1146.627075 374.675262
657.480530 78.554893
-1.000000 -1.000000
1205.739624 298.070923
725.741577 158.365356
-1.000000 -1.000000
442.838470 397.119568
339.309906 279.377747
277.183960 564.323914
702.302673 111.666283
772.720520 436.325867
470.708801 266.762909
-1.000000 -1.000000
-1.000000 -1.000000
584.240662 179.494614
394.712921 496.336761
-1.000000 -1.000000
410.890747 396.411835
-1.000000 -1.000000
-1.000000 -1.000000
459.916168 369.507812
-1.000000 -1.000000
431.108673 306.160126
658.162598 177.437103
-1.000000 -1.000000
429.576813 69.818970
494.361420 48.368362
-1.000000 -1.000000
462.581879 207.929642
-1.000000 -1.000000
642.971375 468.352020
409.874207 39.351704
566.497498 190.990067
-1.000000 -1.000000
749.823425 116.523338
-1.000000 -1.000000
588.450134 428.708313
