-1.000000 -1.000000
-1.000000 -1.000000
-1.000000 -1.000000
846.251282 129.850479
-1.000000 -1.000000
311.071716 403.651855
1177.583374 209.898392
495.989471 147.777496
-1.000000 -1.000000
1210.947876 212.373276
-1.000000 -1.000000
431.765442 41.525658
-1.000000 -1.000000
-1.000000 -1.000000
397.288879 355.207916
1209.742188 214.342911
1129.248657 115.874016
706.943481 342.129639
229.762375 379.882294
1213.454712 42.626541
-1.000000 -1.000000
1104.407104 61.777073
1166.121704 233.824142
327.764832 354.678772
389.607635 216.585373
257.684875 454.018005
372.485443 259.456360
457.394745 204.651215
-1.000000 -1.000000
290.058044 249.826523
650.871033 252.578339
-1.000000 -1.000000
718.436707 255.688446
693.242126 69.974571
624.855042 274.495392
-1.000000 -1.000000
808.404114 242.509644
321.455780 308.057556
308.791504 337.577332
-1.000000 -1.000000
-1.000000 -1.000000
191.657288 468.370728
-1.000000 -1.000000
1108.632690 113.638245
255.614349 329.852783
763.111511 341.656738
-1.000000 -1.000000
344.982544 130.452713
351.613770 217.490112
192.071579 445.811951
-1.000000 -1.000000
-1.000000 -1.000000
419.682556 128.470963
-1.000000 -1.000000
279.347809 384.951324
852.568420 338.781006
-1.000000 -1.000000
311.762115 203.250015
379.325684 365.771973
380.284424 178.288803
-1.000000 -1.000000
-1.000000 -1.000000
334.407745 327.016846
847.681335 108.626038
-1.000000 -1.000000
859.590210 306.779205
427.573364 274.945038
365.152008 421.340546
399.225220 334.864227
363.130310 440.398560
-1.000000 -1.000000
477.940338 111.384003
-1.000000 -1.000000
255.218903 308.437683
738.869751 128.449509
858.466003 249.990265
658.060486 223.387833
601.616638 64.011101
707.912659 311.476227
289.824860 345.406036
-1.000000 -1.000000
713.927124 102.413269
506.243408 187.290894
-1.000000 -1.000000
440.492188 222.245956
365.008545 87.912437
457.943115 184.484573
-1.000000 -1.000000
829.145935 248.099747
-1.000000 -1.000000
699.747437 258.914886
-1.000000 -1.000000
1224.909912 153.972748
-1.000000 -1.000000
301.610962 387.577576
818.750549 210.342743
-1.000000 -1.000000
350.685425 251.505600
-1.000000 -1.000000
688.782410 314.732727
-1.000000 -1.000000
-1.000000 -1.000000
-1.000000 -1.000000
312.163330 181.107574
274.604492 439.217133
671.683105 257.501373
339.651672 296.693054
734.733887 344.088074
-1.000000 -1.000000
1158.201416 214.275223
-1.000000 -1.000000
-1.000000 -1.000000
-1.000000 -1.000000
-1.000000 -1.000000
411.348663 108.124962
745.022766 305.166595
-1.000000 -1.000000
638.903564 228.619064
359.126404 402.301208
-1.000000 -1.000000
355.884064 279.352600
841.799438 151.229004
423.699402 255.277115
-1.000000 -1.000000
718.792786 360.843628
699.787170 219.795425
-1.000000 -1.000000
-1.000000 -1.000000
-1.000000 -1.000000
-1.000000 -1.000000
1153.488281 110.065643
-1.000000 -1.000000
392.210724 80.782829
396.614502 161.816681
394.859772 134.239243
-1.000000 -1.000000
882.669128 292.590088
-1.000000 -1.000000
844.688049 208.451813
-1.000000 -1.000000
-1.000000 -1.000000
342.702484 346.156952
679.171387 220.838135
-1.000000 -1.000000
687.691467 342.226837
-1.000000 -1.000000
-1.000000 -1.000000
-1.000000 -1.000000
840.266174 309.293091
872.337708 339.990967
-1.000000 -1.000000
364.708191 65.101814
-1.000000 -1.000000
425.662079 294.919769
-1.000000 -1.000000
294.687103 423.676605
632.622864 76.633133
416.695068 352.958649
867.326721 268.652740
-1.000000 -1.000000
647.538025 284.650513
-1.000000 -1.000000
403.003540 195.495804
259.180634 349.740051
603.512939 274.867096
-1.000000 -1.000000
-1.000000 -1.000000
411.507416 151.278702
-1.000000 -1.000000
-1.000000 -1.000000
387.620148 59.923767
-1.000000 -1.000000
1131.146240 136.909973
-1.000000 -1.000000
210.951996 387.942322
673.392883 77.465378
798.861084 205.947083
1126.079590 44.344009
331.353912 266.647308
724.377136 274.341949
-1.000000 -1.000000
-1.000000 -1.000000
-1.000000 -1.000000
443.505920 140.973083
-1.000000 -1.000000
624.066345 253.984497
274.009796 406.880005
271.259644 257.239929
326.230377 137.681381
826.047363 126.562599
-1.000000 -1.000000
1126.193359 95.834366
1230.066528 131.245117
-1.000000 -1.000000
-1.000000 -1.000000
363.803986 120.534828
769.207458 360.227783
-1.000000 -1.000000
-1.000000 -1.000000
-1.000000 -1.000000
698.064148 44.736343
-1.000000 -1.000000
-1.000000 -1.000000
-1.000000 -1.000000
-1.000000 -1.000000
888.686401 312.667480
477.264954 207.033417
651.021423 301.001617
1183.981812 231.291199
245.178650 474.369995
-1.000000 -1.000000
736.341370 100.244003
-1.000000 -1.000000
-1.000000 -1.000000
368.929230 240.311951
680.888611 277.013153
-1.000000 -1.000000
-1.000000 -1.000000
564.167786 219.416458
-1.000000 -1.000000
449.291595 160.826004
-1.000000 -1.000000
-1.000000 -1.000000
-1.000000 -1.000000
-1.000000 -1.000000
-1.000000 -1.000000
1149.051636 221.970413
-1.000000 -1.000000
-1.000000 -1.000000
-1.000000 -1.000000
307.951813 358.958496
837.007019 188.515152
824.874878 110.235512
-1.000000 -1.000000
-1.000000 -1.000000
1146.610962 183.109314
293.049011 269.712097
-1.000000 -1.000000
504.476746 119.204727
-1.000000 -1.000000
-1.000000 -1.000000
-1.000000 -1.000000
-1.000000 -1.000000
-1.000000 -1.000000
-1.000000 -1.000000
-1.000000 -1.000000
183.393311 425.866760
-1.000000 -1.000000
1193.451050 47.430698
-1.000000 -1.000000
245.649368 289.106110
-1.000000 -1.000000
360.654053 194.602203
-1.000000 -1.000000
389.546753 112.318680
843.286438 272.960846
-1.000000 -1.000000
-1.000000 -1.000000
-1.000000 -1.000000
-1.000000 -1.000000
766.423523 318.002777
456.348358 111.348618
759.629944 126.833801
-1.000000 -1.000000
-1.000000 -1.000000
347.099335 151.437637
-1.000000 -1.000000
-1.000000 -1.000000
-1.000000 -1.000000
-1.000000 -1.000000
-1.000000 -1.000000
615.007385 97.944511
720.558289 226.394592
743.881165 361.608063
1151.383057 221.037445
-1.000000 -1.000000
-1.000000 -1.000000
-1.000000 -1.000000
-1.000000 -1.000000
-1.000000 -1.000000
-1.000000 -1.000000
688.822754 292.777740
-1.000000 -1.000000
552.158264 93.047035
-1.000000 -1.000000
328.281403 397.654602
-1.000000 -1.000000
-1.000000 -1.000000
479.518921 166.049026
-1.000000 -1.000000
-1.000000 -1.000000
-1.000000 -1.000000
-1.000000 -1.000000
320.175079 221.898209
626.347351 379.847900
-1.000000 -1.000000
-1.000000 -1.000000
787.446960 344.370880
676.575439 51.469082
-1.000000 -1.000000
546.011475 183.707687
745.376526 256.082703
-1.000000 -1.000000
-1.000000 -1.000000
390.637421 251.195496
636.711792 208.770706
-1.000000 -1.000000
-1.000000 -1.000000
-1.000000 -1.000000
-1.000000 -1.000000
-1.000000 -1.000000
-1.000000 -1.000000
698.288269 362.905640
-1.000000 -1.000000
599.440063 255.634171
-1.000000 -1.000000
358.696472 366.826416
596.352478 43.370220
-1.000000 -1.000000
765.528320 251.694290
-1.000000 -1.000000
495.401672 98.740585
-1.000000 -1.000000
403.870026 215.980042
-1.000000 -1.000000
-1.000000 -1.000000
-1.000000 -1.000000
587.038208 237.895416
-1.000000 -1.000000
-1.000000 -1.000000
-1.000000 -1.000000
1112.417603 134.302963
-1.000000 -1.000000
824.330750 293.525360
733.803772 148.402267
-1.000000 -1.000000
-1.000000 -1.000000
531.957703 100.039528
-1.000000 -1.000000
-1.000000 -1.000000
-1.000000 -1.000000
-1.000000 -1.000000
303.204681 320.565125
760.533752 147.106384
-1.000000 -1.000000
-1.000000 -1.000000
458.090698 232.754822
-1.000000 -1.000000
-1.000000 -1.000000
422.969482 319.445160
657.388855 349.925079
675.538635 200.600479
-1.000000 -1.000000
-1.000000 -1.000000
320.047852 287.667694
216.526047 407.132782
-1.000000 -1.000000
-1.000000 -1.000000
-1.000000 -1.000000
-1.000000 -1.000000
-1.000000 -1.000000
251.619400 427.916992
-1.000000 -1.000000
-1.000000 -1.000000
-1.000000 -1.000000
-1.000000 -1.000000
-1.000000 -1.000000
288.516602 217.381607
-1.000000 -1.000000
-1.000000 -1.000000
583.566711 276.821777
698.861877 281.084259
-1.000000 -1.000000
209.345596 367.319153
567.388184 240.467926
-1.000000 -1.000000
810.282166 339.807709
382.465515 395.422852
-1.000000 -1.000000
230.189056 345.045837
-1.000000 -1.000000
663.273987 320.458740
861.967468 286.915527
878.760254 248.808273
1212.395386 62.831909
830.759827 189.361542
630.415466 358.695892
-1.000000 -1.000000
-1.000000 -1.000000
-1.000000 -1.000000
737.182434 77.755608
-1.000000 -1.000000
652.874512 203.825394
714.639526 145.570557
341.441742 102.938011
-1.000000 -1.000000
-1.000000 -1.000000
-1.000000 -1.000000
-1.000000 -1.000000
-1.000000 -1.000000
-1.000000 -1.000000
165.256897 482.840363
-1.000000 -1.000000
-1.000000 -1.000000
-1.000000 -1.000000
-1.000000 -1.000000
-1.000000 -1.000000
440.076508 201.539703
579.359070 69.191887
758.377319 296.747894
429.320435 94.926559
-1.000000 -1.000000
-1.000000 -1.000000
-1.000000 -1.000000
347.300140 197.382935
-1.000000 -1.000000
294.169891 176.761215
-1.000000 -1.000000
1167.438477 108.794571
-1.000000 -1.000000
-1.000000 -1.000000
-1.000000 -1.000000
629.562317 335.952057
-1.000000 -1.000000
310.636200 460.360413
-1.000000 -1.000000
806.815247 297.428467
270.433044 288.495850
-1.000000 -1.000000
-1.000000 -1.000000
270.381775 235.101151
1139.615723 165.121490
336.688171 377.118561
-1.000000 -1.000000
654.792542 55.483891
-1.000000 -1.000000
-1.000000 -1.000000
580.213684 261.904633
-1.000000 -1.000000
237.175995 303.544586
348.252441 58.272663
362.172760 304.015045
624.083801 63.373817
-1.000000 -1.000000
400.405151 401.575226
-1.000000 -1.000000
-1.000000 -1.000000
-1.000000 -1.000000
-1.000000 -1.000000
-1.000000 -1.000000
531.329102 197.880539
347.701813 443.602295
-1.000000 -1.000000
-1.000000 -1.000000
375.894440 144.876312
-1.000000 -1.000000
-1.000000 -1.000000
-1.000000 -1.000000
-1.000000 -1.000000
213.508392 426.840546
434.271637 326.761627
-1.000000 -1.000000
-1.000000 -1.000000
1149.749756 203.251114
-1.000000 -1.000000
-1.000000 -1.000000
1201.827881 123.547310
-1.000000 -1.000000
-1.000000 -1.000000
448.075134 273.440552
331.946136 160.989731
297.670746 465.868195
-1.000000 -1.000000
780.191101 295.290710
470.912262 148.848648
-1.000000 -1.000000
-1.000000 -1.000000
574.210876 39.544697
408.709503 377.282776
-1.000000 -1.000000
411.468964 277.437042
-1.000000 -1.000000
-1.000000 -1.000000
460.319244 250.354324
-1.000000 -1.000000
426.080658 182.646179
-1.000000 -1.000000
-1.000000 -1.000000
-1.000000 -1.000000
-1.000000 -1.000000
-1.000000 -1.000000
446.023163 79.822174
-1.000000 -1.000000
642.245544 333.043091
-1.000000 -1.000000
550.537109 46.228134
-1.000000 -1.000000
-1.000000 -1.000000
-1.000000 -1.000000
597.265320 299.188477
