-1.000000 -1.000000
-1.000000 -1.000000
-1.000000 -1.000000
-1.000000 -1.000000
-1.000000 -1.000000
-1.000000 -1.000000
-1.000000 -1.000000
-1.000000 -1.000000
-1.000000 -1.000000
-1.000000 -1.000000
-1.000000 -1.000000
493.649200 359.245239
-1.000000 -1.000000
-1.000000 -1.000000
-1.000000 -1.000000
-1.000000 -1.000000
-1.000000 -1.000000
-1.000000 -1.000000
194.424973 603.959961
-1.000000 -1.000000
-1.000000 -1.000000
-1.000000 -1.000000
-1.000000 -1.000000
-1.000000 -1.000000
627.121887 355.007385
-1.000000 -1.000000
-1.000000 -1.000000
284.602875 520.964417
342.814056 442.508362
-1.000000 -1.000000
586.356995 490.453552
1186.420654 383.762634
-1.000000 -1.000000
599.343750 507.193268
605.359314 287.326111
-1.000000 -1.000000
476.470215 310.403076
396.974640 388.436920
-1.000000 -1.000000
295.927185 468.894104
-1.000000 -1.000000
-1.000000 -1.000000
268.735840 510.656830
454.541626 395.989166
297.078308 468.430145
-1.000000 -1.000000
271.880829 426.582520
-1.000000 -1.000000
-1.000000 -1.000000
-1.000000 -1.000000
-1.000000 -1.000000
606.626160 256.150391
-1.000000 -1.000000
-1.000000 -1.000000
-1.000000 -1.000000
-1.000000 -1.000000
-1.000000 -1.000000
-1.000000 -1.000000
-1.000000 -1.000000
-1.000000 -1.000000
-1.000000 -1.000000
1096.766602 445.642548
110.651375 617.215576
-1.000000 -1.000000
-1.000000 -1.000000
-1.000000 -1.000000
-1.000000 -1.000000
1094.856567 382.383759
-1.000000 -1.000000
-1.000000 -1.000000
260.599854 501.207733
447.087128 381.648804
-1.000000 -1.000000
212.790131 490.904816
-1.000000 -1.000000
-1.000000 -1.000000
788.493713 504.290985
299.339752 620.194336
-1.000000 -1.000000
261.895294 421.612488
-1.000000 -1.000000
-1.000000 -1.000000
354.246582 323.623138
-1.000000 -1.000000
-1.000000 -1.000000
434.601105 405.501770
-1.000000 -1.000000
-1.000000 -1.000000
-1.000000 -1.000000
-1.000000 -1.000000
-1.000000 -1.000000
339.658508 421.983124
301.278107 379.133087
-1.000000 -1.000000
-1.000000 -1.000000
245.845825 547.243408
-1.000000 -1.000000
-1.000000 -1.000000
-1.000000 -1.000000
-1.000000 -1.000000
-1.000000 -1.000000
-1.000000 -1.000000
832.280334 520.255737
-1.000000 -1.000000
344.091156 319.283661
740.151978 380.786285
-1.000000 -1.000000
-1.000000 -1.000000
-1.000000 -1.000000
346.428772 388.083496
-1.000000 -1.000000
-1.000000 -1.000000
-1.000000 -1.000000
720.125671 604.968628
-1.000000 -1.000000
-1.000000 -1.000000
385.406433 379.668793
-1.000000 -1.000000
-1.000000 -1.000000
-1.000000 -1.000000
117.036781 583.254028
-1.000000 -1.000000
-1.000000 -1.000000
-1.000000 -1.000000
498.178009 381.058350
157.708511 635.841736
-1.000000 -1.000000
-1.000000 -1.000000
-1.000000 -1.000000
-1.000000 -1.000000
-1.000000 -1.000000
666.736389 602.888489
-1.000000 -1.000000
-1.000000 -1.000000
705.857788 372.197327
-1.000000 -1.000000
-1.000000 -1.000000
-1.000000 -1.000000
628.353149 449.028198
-1.000000 -1.000000
-1.000000 -1.000000
-1.000000 -1.000000
-1.000000 -1.000000
-1.000000 -1.000000
-1.000000 -1.000000
463.338806 242.926559
-1.000000 -1.000000
503.279236 351.062408
695.559814 550.815369
-1.000000 -1.000000
785.080566 462.983337
-1.000000 -1.000000
-1.000000 -1.000000
-1.000000 -1.000000
216.224136 460.672699
-1.000000 -1.000000
-1.000000 -1.000000
-1.000000 -1.000000
-1.000000 -1.000000
-1.000000 -1.000000
-1.000000 -1.000000
-1.000000 -1.000000
-1.000000 -1.000000
-1.000000 -1.000000
302.256256 354.273987
-1.000000 -1.000000
306.524475 588.785889
403.647430 449.287140
-1.000000 -1.000000
659.917908 545.830627
-1.000000 -1.000000
-1.000000 -1.000000
-1.000000 -1.000000
531.146362 246.188034
720.478577 351.985291
-1.000000 -1.000000
-1.000000 -1.000000
-1.000000 -1.000000
-1.000000 -1.000000
-1.000000 -1.000000
-1.000000 -1.000000
-1.000000 -1.000000
-1.000000 -1.000000
809.653015 572.991577
622.733704 470.199371
401.508636 472.739563
-1.000000 -1.000000
-1.000000 -1.000000
698.313293 593.181274
665.464844 452.919067
282.351196 511.348297
-1.000000 -1.000000
-1.000000 -1.000000
-1.000000 -1.000000
443.278168 391.532471
-1.000000 -1.000000
379.718658 258.870941
-1.000000 -1.000000
-1.000000 -1.000000
-1.000000 -1.000000
486.701569 309.351929
-1.000000 -1.000000
-1.000000 -1.000000
547.514282 439.769806
819.776917 465.958740
-1.000000 -1.000000
-1.000000 -1.000000
-1.000000 -1.000000
795.914368 533.194153
-1.000000 -1.000000
-1.000000 -1.000000
-1.000000 -1.000000
-1.000000 -1.000000
-1.000000 -1.000000
-1.000000 -1.000000
615.166016 287.153381
-1.000000 -1.000000
-1.000000 -1.000000
-1.000000 -1.000000
502.633301 371.722778
638.758484 505.097565
207.427933 596.731628
684.201477 549.033752
-1.000000 -1.000000
-1.000000 -1.000000
-1.000000 -1.000000
-1.000000 -1.000000
-1.000000 -1.000000
618.247375 536.663635
417.045166 279.231750
-1.000000 -1.000000
-1.000000 -1.000000
-1.000000 -1.000000
-1.000000 -1.000000
-1.000000 -1.000000
-1.000000 -1.000000
408.866058 257.988434
-1.000000 -1.000000
-1.000000 -1.000000
-1.000000 -1.000000
307.603394 462.373230
-1.000000 -1.000000
-1.000000 -1.000000
618.301270 455.815277
653.804810 450.956482
-1.000000 -1.000000
-1.000000 -1.000000
-1.000000 -1.000000
-1.000000 -1.000000
293.128479 470.374664
392.039368 216.336243
-1.000000 -1.000000
-1.000000 -1.000000
-1.000000 -1.000000
827.623291 404.516571
-1.000000 -1.000000
-1.000000 -1.000000
-1.000000 -1.000000
639.639221 514.491272
-1.000000 -1.000000
509.067780 382.139618
-1.000000 -1.000000
-1.000000 -1.000000
-1.000000 -1.000000
-1.000000 -1.000000
-1.000000 -1.000000
-1.000000 -1.000000
-1.000000 -1.000000
657.494202 557.564148
662.288025 575.066406
-1.000000 -1.000000
-1.000000 -1.000000
-1.000000 -1.000000
-1.000000 -1.000000
669.879333 490.589966
832.553589 380.159576
-1.000000 -1.000000
805.814026 562.617249
647.926575 538.756714
166.798904 528.538452
845.862793 573.883240
442.701813 344.826904
-1.000000 -1.000000
-1.000000 -1.000000
-1.000000 -1.000000
666.830505 592.479309
-1.000000 -1.000000
388.435547 389.919678
-1.000000 -1.000000
-1.000000 -1.000000
571.517700 348.952026
814.841064 594.534485
-1.000000 -1.000000
-1.000000 -1.000000
-1.000000 -1.000000
423.046295 298.109711
-1.000000 -1.000000
261.852600 412.369385
633.453125 474.786774
716.851501 373.535919
