-1.000000 -1.000000
-1.000000 -1.000000
-1.000000 -1.000000
844.192322 129.478363
-1.000000 -1.000000
311.653717 407.001831
1176.513184 206.581055
494.131470 150.152512
-1.000000 -1.000000
1209.737549 208.889236
-1.000000 -1.000000
428.990631 44.665058
-1.000000 -1.000000
-1.000000 -1.000000
397.305786 358.201782
1208.536865 210.814865
1127.043579 113.208122
706.977478 342.263275
230.054520 384.068268
1210.576660 39.737087
-1.000000 -1.000000
1101.690552 59.850365
1165.311523 230.493317
327.933929 358.017120
388.508179 219.533783
258.753021 457.890228
371.635498 262.519135
456.076508 207.259537
-1.000000 -1.000000
289.166534 253.452423
650.104919 253.541046
-1.000000 -1.000000
717.399170 256.040375
690.811829 70.915100
624.277344 275.507416
-1.000000 -1.000000
807.406555 242.291763
321.154388 311.571686
308.697418 341.131287
-1.000000 -1.000000
-1.000000 -1.000000
193.102188 472.387360
-1.000000 -1.000000
1106.642090 111.321854
255.688370 333.540131
762.916687 341.434387
-1.000000 -1.000000
343.117462 133.725754
350.524261 220.785736
193.252014 450.038361
-1.000000 -1.000000
-1.000000 -1.000000
417.881683 131.342590
-1.000000 -1.000000
279.824646 388.655640
852.598267 338.025787
-1.000000 -1.000000
310.585785 206.629807
379.454498 368.738251
378.679810 181.454803
-1.000000 -1.000000
-1.000000 -1.000000
334.284515 330.252686
845.605347 108.363388
-1.000000 -1.000000
859.432739 306.044952
426.688293 277.697876
365.747620 424.317474
399.102875 337.836792
363.898895 443.328979
-1.000000 -1.000000
475.707581 113.733192
-1.000000 -1.000000
255.049622 312.389923
736.714050 129.005600
857.413696 249.255005
657.040710 224.290115
599.082336 65.528885
707.804443 312.022278
289.866028 349.042664
-1.000000 -1.000000
711.758606 103.332008
504.659149 189.400757
-1.000000 -1.000000
439.434082 224.907303
362.848206 91.087395
456.515625 187.132309
-1.000000 -1.000000
828.065491 247.611359
-1.000000 -1.000000
698.745361 259.396973
-1.000000 -1.000000
1223.152832 150.446487
-1.000000 -1.000000
302.106415 391.043091
817.708435 210.145111
-1.000000 -1.000000
349.890533 254.732117
-1.000000 -1.000000
688.643860 315.196930
-1.000000 -1.000000
-1.000000 -1.000000
-1.000000 -1.000000
310.819031 184.754974
275.676239 442.756927
670.864136 258.189575
339.332214 300.008148
734.591919 344.011902
-1.000000 -1.000000
1157.188354 210.962830
-1.000000 -1.000000
-1.000000 -1.000000
-1.000000 -1.000000
-1.000000 -1.000000
409.444153 111.025620
744.678162 305.128479
-1.000000 -1.000000
638.025818 229.684647
359.644684 405.313843
-1.000000 -1.000000
355.358643 282.486267
839.765320 150.825775
422.662048 258.184906
-1.000000 -1.000000
719.015442 360.856110
698.505920 220.382507
-1.000000 -1.000000
-1.000000 -1.000000
-1.000000 -1.000000
-1.000000 -1.000000
1151.376099 107.487389
-1.000000 -1.000000
389.502197 83.953918
394.981995 164.924255
393.080902 137.250793
-1.000000 -1.000000
882.230530 291.737366
-1.000000 -1.000000
843.513000 208.247070
-1.000000 -1.000000
-1.000000 -1.000000
342.768616 349.400299
678.057617 221.742752
-1.000000 -1.000000
687.792480 342.479340
-1.000000 -1.000000
-1.000000 -1.000000
-1.000000 -1.000000
840.144226 308.549530
872.309265 338.884979
-1.000000 -1.000000
362.431183 68.356644
-1.000000 -1.000000
425.034027 297.482483
-1.000000 -1.000000
295.630127 427.028778
630.127991 77.726105
416.611084 355.812408
866.401184 267.865021
-1.000000 -1.000000
646.923340 285.373108
-1.000000 -1.000000
401.724915 198.387192
259.359314 353.346588
602.877869 275.946320
-1.000000 -1.000000
-1.000000 -1.000000
409.894470 154.046890
-1.000000 -1.000000
-1.000000 -1.000000
384.970001 63.244625
-1.000000 -1.000000
1129.159424 133.902725
-1.000000 -1.000000
211.365860 392.134338
671.004028 78.538620
797.817322 205.762833
1123.477783 41.511570
330.550659 270.142303
723.720154 274.573273
-1.000000 -1.000000
-1.000000 -1.000000
-1.000000 -1.000000
441.500000 143.869125
-1.000000 -1.000000
623.379761 254.990646
274.602478 410.723114
270.498840 260.851807
324.558136 141.122009
823.952820 126.381058
-1.000000 -1.000000
1123.921265 93.234337
1228.059326 127.939095
-1.000000 -1.000000
-1.000000 -1.000000
361.665924 123.877594
769.344604 359.839539
-1.000000 -1.000000
-1.000000 -1.000000
-1.000000 -1.000000
695.365601 45.647305
-1.000000 -1.000000
-1.000000 -1.000000
-1.000000 -1.000000
-1.000000 -1.000000
888.432861 311.864258
475.912201 209.378662
650.300354 301.509491
1183.122925 227.830231
246.488739 478.093994
-1.000000 -1.000000
734.202454 101.233765
-1.000000 -1.000000
-1.000000 -1.000000
368.057007 243.234177
679.974548 277.617645
-1.000000 -1.000000
-1.000000 -1.000000
562.764587 220.750412
-1.000000 -1.000000
447.680206 163.382401
-1.000000 -1.000000
-1.000000 -1.000000
-1.000000 -1.000000
-1.000000 -1.000000
-1.000000 -1.000000
1148.175293 218.796432
-1.000000 -1.000000
360.636261 37.550667
-1.000000 -1.000000
308.128967 362.512177
835.531250 188.324814
822.629517 110.331749
-1.000000 -1.000000
-1.000000 -1.000000
1145.127686 180.264603
292.351440 273.272552
-1.000000 -1.000000
502.460327 121.164566
-1.000000 -1.000000
-1.000000 -1.000000
-1.000000 -1.000000
-1.000000 -1.000000
-1.000000 -1.000000
-1.000000 -1.000000
-1.000000 -1.000000
184.348618 430.167999
-1.000000 -1.000000
1190.649048 44.591900
-1.000000 -1.000000
245.105499 293.172333
-1.000000 -1.000000
359.058105 197.942795
-1.000000 -1.000000
387.941254 115.309952
842.432861 272.511230
-1.000000 -1.000000
-1.000000 -1.000000
-1.000000 -1.000000
-1.000000 -1.000000
766.058167 317.748016
453.934998 113.924255
757.438599 127.382019
-1.000000 -1.000000
-1.000000 -1.000000
345.301697 154.683640
-1.000000 -1.000000
-1.000000 -1.000000
-1.000000 -1.000000
-1.000000 -1.000000
-1.000000 -1.000000
612.682434 99.489288
719.227661 226.649780
744.484070 361.396973
1150.516479 217.825867
-1.000000 -1.000000
-1.000000 -1.000000
-1.000000 -1.000000
-1.000000 -1.000000
-1.000000 -1.000000
-1.000000 -1.000000
687.929626 293.312836
-1.000000 -1.000000
549.964233 94.650948
-1.000000 -1.000000
329.109955 400.902008
-1.000000 -1.000000
-1.000000 -1.000000
477.860321 168.383255
-1.000000 -1.000000
-1.000000 -1.000000
-1.000000 -1.000000
-1.000000 -1.000000
319.222931 225.297821
626.997925 380.921417
-1.000000 -1.000000
-1.000000 -1.000000
787.629700 344.028168
674.014587 52.378712
-1.000000 -1.000000
544.685303 185.312302
744.726257 256.287079
-1.000000 -1.000000
-1.000000 -1.000000
389.897675 254.246323
635.579163 209.886658
-1.000000 -1.000000
-1.000000 -1.000000
-1.000000 -1.000000
-1.000000 -1.000000
-1.000000 -1.000000
-1.000000 -1.000000
698.450745 362.998871
-1.000000 -1.000000
599.203918 256.896759
-1.000000 -1.000000
358.704590 369.839478
593.439758 45.006527
-1.000000 -1.000000
764.646118 251.725250
-1.000000 -1.000000
492.760834 100.436646
-1.000000 -1.000000
402.716766 218.795029
-1.000000 -1.000000
-1.000000 -1.000000
-1.000000 -1.000000
586.471619 239.371155
-1.000000 -1.000000
-1.000000 -1.000000
-1.000000 -1.000000
1110.286743 131.385956
-1.000000 -1.000000
824.510498 292.736542
732.617676 148.726700
-1.000000 -1.000000
-1.000000 -1.000000
529.560791 101.812416
-1.000000 -1.000000
-1.000000 -1.000000
-1.000000 -1.000000
-1.000000 -1.000000
302.924988 324.318481
758.614746 147.506546
-1.000000 -1.000000
-1.000000 -1.000000
457.421417 234.263794
-1.000000 -1.000000
-1.000000 -1.000000
422.722168 322.342682
657.958008 350.480103
674.340210 201.903076
-1.000000 -1.000000
-1.000000 -1.000000
319.533295 291.235718
216.850967 411.525787
-1.000000 -1.000000
-1.000000 -1.000000
-1.000000 -1.000000
-1.000000 -1.000000
-1.000000 -1.000000
252.391464 432.088470
-1.000000 -1.000000
-1.000000 -1.000000
-1.000000 -1.000000
-1.000000 -1.000000
-1.000000 -1.000000
287.454010 221.134262
-1.000000 -1.000000
-1.000000 -1.000000
583.101257 278.037628
698.168274 281.092468
-1.000000 -1.000000
209.506302 371.916931
566.427185 241.914062
-1.000000 -1.000000
810.438965 339.332581
382.945129 398.299591
-1.000000 -1.000000
230.102005 349.463837
-1.000000 -1.000000
663.340759 321.008240
860.841858 286.211151
877.728394 248.024933
1209.569824 59.931084
829.016907 189.202301
630.580139 359.546356
-1.000000 -1.000000
-1.000000 -1.000000
-1.000000 -1.000000
734.596924 78.789001
-1.000000 -1.000000
651.750793 204.868576
712.051941 146.272217
339.666321 105.752045
-1.000000 -1.000000
-1.000000 -1.000000
-1.000000 -1.000000
-1.000000 -1.000000
-1.000000 -1.000000
-1.000000 -1.000000
166.959579 486.768921
-1.000000 -1.000000
-1.000000 -1.000000
-1.000000 -1.000000
-1.000000 -1.000000
-1.000000 -1.000000
438.836578 204.265884
576.800232 70.558449
757.973206 296.467926
427.470703 99.301025
-1.000000 -1.000000
-1.000000 -1.000000
-1.000000 -1.000000
346.166199 200.806992
-1.000000 -1.000000
292.787079 180.396698
-1.000000 -1.000000
1165.499268 106.038315
-1.000000 -1.000000
-1.000000 -1.000000
-1.000000 -1.000000
629.437073 337.489410
-1.000000 -1.000000
312.634338 462.790619
-1.000000 -1.000000
805.877686 296.875153
270.488495 292.414062
-1.000000 -1.000000
-1.000000 -1.000000
269.188232 239.523666
1137.844849 161.963470
337.465546 379.644592
-1.000000 -1.000000
651.642273 56.162506
-1.000000 -1.000000
-1.000000 -1.000000
579.505493 263.134521
-1.000000 -1.000000
236.950745 307.395782
345.579254 61.867405
361.795105 306.897491
621.237854 64.007584
-1.000000 -1.000000
400.777771 404.464600
-1.000000 -1.000000
-1.000000 -1.000000
-1.000000 -1.000000
-1.000000 -1.000000
-1.000000 -1.000000
530.121460 199.803162
348.563080 446.576477
-1.000000 -1.000000
-1.000000 -1.000000
373.774536 148.065186
-1.000000 -1.000000
-1.000000 -1.000000
-1.000000 -1.000000
-1.000000 -1.000000
214.070679 430.941864
434.090485 329.162415
-1.000000 -1.000000
-1.000000 -1.000000
1148.738525 200.102493
-1.000000 -1.000000
-1.000000 -1.000000
1200.277344 120.093903
-1.000000 -1.000000
-1.000000 -1.000000
447.263153 275.981995
330.049744 164.683777
299.390717 467.770935
-1.000000 -1.000000
779.720459 294.842285
468.741486 151.032333
-1.000000 -1.000000
-1.000000 -1.000000
571.484436 41.369701
408.952606 379.815948
-1.000000 -1.000000
411.184021 280.199066
-1.000000 -1.000000
-1.000000 -1.000000
459.376862 252.848984
-1.000000 -1.000000
425.620850 185.375717
-1.000000 -1.000000
-1.000000 -1.000000
-1.000000 -1.000000
-1.000000 -1.000000
-1.000000 -1.000000
443.704010 82.561310
-1.000000 -1.000000
642.454407 334.229279
-1.000000 -1.000000
548.158142 49.046535
-1.000000 -1.000000
-1.000000 -1.000000
-1.000000 -1.000000
596.433411 300.086365
