-1.000000 -1.000000
-1.000000 -1.000000
-1.000000 -1.000000
844.914978 127.614441
-1.000000 -1.000000
311.549255 404.629333
1177.011963 205.350876
494.747101 147.669952
-1.000000 -1.000000
1210.218750 207.813843
-1.000000 -1.000000
429.811218 41.881271
-1.000000 -1.000000
-1.000000 -1.000000
397.363800 355.622772
1209.021484 209.735962
1127.945190 111.756851
706.958191 340.555969
230.057571 381.267303
1211.741089 38.224483
-1.000000 -1.000000
1102.845215 58.067356
1165.725220 229.280914
327.923828 355.465302
388.867737 217.000580
258.550354 455.297577
371.907318 260.007843
456.563385 204.744446
-1.000000 -1.000000
289.455811 250.802155
650.293945 251.398056
-1.000000 -1.000000
717.849182 254.216614
691.571594 68.670784
624.593384 273.401703
-1.000000 -1.000000
807.774475 240.453079
321.279358 309.052338
308.831207 338.549316
-1.000000 -1.000000
-1.000000 -1.000000
192.744766 469.851837
-1.000000 -1.000000
1107.475708 109.773376
255.748169 331.018372
763.052490 339.777191
-1.000000 -1.000000
343.676941 131.024933
350.814209 218.166412
193.090881 447.397827
-1.000000 -1.000000
-1.000000 -1.000000
418.391022 128.784683
-1.000000 -1.000000
279.638458 386.116272
852.573425 336.277679
-1.000000 -1.000000
310.886780 204.083664
379.474670 366.276642
379.213196 178.821518
-1.000000 -1.000000
-1.000000 -1.000000
334.353485 327.758301
846.386658 106.344162
-1.000000 -1.000000
859.538635 304.272644
427.005768 275.220703
365.617493 421.932617
399.183777 335.306946
363.757019 440.977478
-1.000000 -1.000000
476.405853 111.316185
-1.000000 -1.000000
255.098587 309.708557
737.513977 126.915344
857.825073 247.476517
657.377930 222.114273
599.885986 63.291706
707.793640 309.996552
289.928558 346.492615
-1.000000 -1.000000
712.563660 101.120575
505.113281 187.038193
-1.000000 -1.000000
439.787231 222.419266
363.451599 88.463570
456.996521 184.585678
-1.000000 -1.000000
828.494141 245.888977
-1.000000 -1.000000
699.151062 257.451569
-1.000000 -1.000000
1223.874756 149.196548
-1.000000 -1.000000
302.007690 388.626129
818.020203 208.168320
-1.000000 -1.000000
350.200775 252.105331
-1.000000 -1.000000
688.633972 313.203735
-1.000000 -1.000000
-1.000000 -1.000000
-1.000000 -1.000000
311.325256 181.974884
275.367737 440.334747
671.067932 256.104248
339.431183 297.489960
734.667542 342.251099
-1.000000 -1.000000
1157.628662 209.813705
-1.000000 -1.000000
-1.000000 -1.000000
-1.000000 -1.000000
-1.000000 -1.000000
409.949921 108.379311
744.873474 303.303497
-1.000000 -1.000000
638.299011 227.530655
359.516724 402.957336
-1.000000 -1.000000
355.535797 279.914124
840.544250 149.012253
423.081512 255.588867
-1.000000 -1.000000
718.940430 359.168823
699.006775 218.358917
-1.000000 -1.000000
-1.000000 -1.000000
-1.000000 -1.000000
-1.000000 -1.000000
1152.283203 105.894196
-1.000000 -1.000000
390.321594 81.255379
395.485291 162.218903
393.568054 134.643799
-1.000000 -1.000000
882.352661 289.965973
-1.000000 -1.000000
843.954468 206.342911
-1.000000 -1.000000
-1.000000 -1.000000
342.696167 346.960632
678.516113 219.667404
-1.000000 -1.000000
687.690186 340.799896
-1.000000 -1.000000
-1.000000 -1.000000
-1.000000 -1.000000
840.258728 306.816406
872.293396 337.185394
-1.000000 -1.000000
363.121307 65.636909
-1.000000 -1.000000
425.246826 295.152435
-1.000000 -1.000000
295.422516 424.655396
630.874146 75.542572
416.701935 353.267151
866.732483 266.108337
-1.000000 -1.000000
647.159668 283.413940
-1.000000 -1.000000
402.142792 195.879959
259.436157 350.818665
603.147827 273.872925
-1.000000 -1.000000
-1.000000 -1.000000
410.277374 151.596008
-1.000000 -1.000000
-1.000000 -1.000000
385.750824 60.476120
-1.000000 -1.000000
1130.010132 132.555054
-1.000000 -1.000000
211.324692 389.326111
671.732117 76.347855
798.129211 203.742767
1124.563721 39.941986
330.789734 267.581909
724.001770 272.767578
-1.000000 -1.000000
-1.000000 -1.000000
-1.000000 -1.000000
442.289429 141.229980
-1.000000 -1.000000
623.723389 252.947678
274.555084 408.039124
270.745087 258.268188
325.126038 138.396500
824.680542 124.433334
-1.000000 -1.000000
1124.792480 91.715546
1228.802002 126.723083
-1.000000 -1.000000
-1.000000 -1.000000
362.311096 121.173714
769.234680 358.279449
-1.000000 -1.000000
-1.000000 -1.000000
-1.000000 -1.000000
696.169373 43.292889
-1.000000 -1.000000
-1.000000 -1.000000
-1.000000 -1.000000
-1.000000 -1.000000
888.514893 310.124573
476.388977 207.058075
650.642822 299.698608
1183.583374 226.689270
246.186340 475.646118
-1.000000 -1.000000
735.034973 98.943245
-1.000000 -1.000000
-1.000000 -1.000000
368.354706 240.733795
680.446045 275.584198
-1.000000 -1.000000
-1.000000 -1.000000
563.133301 218.652634
-1.000000 -1.000000
448.135681 160.900543
-1.000000 -1.000000
-1.000000 -1.000000
-1.000000 -1.000000
-1.000000 -1.000000
-1.000000 -1.000000
1148.577026 217.575150
-1.000000 -1.000000
-1.000000 -1.000000
-1.000000 -1.000000
308.178070 359.851624
836.110535 186.435455
823.400024 108.320145
-1.000000 -1.000000
-1.000000 -1.000000
1145.737915 178.784531
292.604889 270.670807
-1.000000 -1.000000
503.004272 118.766922
-1.000000 -1.000000
-1.000000 -1.000000
-1.000000 -1.000000
-1.000000 -1.000000
-1.000000 -1.000000
-1.000000 -1.000000
-1.000000 -1.000000
184.150009 427.545563
-1.000000 -1.000000
1191.791138 43.049263
-1.000000 -1.000000
245.233017 290.530060
-1.000000 -1.000000
359.471222 195.264847
-1.000000 -1.000000
388.205994 112.703987
842.832397 270.348419
-1.000000 -1.000000
-1.000000 -1.000000
-1.000000 -1.000000
-1.000000 -1.000000
766.205994 315.891418
454.631134 111.393501
758.257385 125.247360
-1.000000 -1.000000
-1.000000 -1.000000
345.690460 151.998413
-1.000000 -1.000000
-1.000000 -1.000000
-1.000000 -1.000000
-1.000000 -1.000000
-1.000000 -1.000000
613.420105 97.087280
719.791504 224.819443
744.155029 359.738190
1150.923584 216.621216
-1.000000 -1.000000
-1.000000 -1.000000
-1.000000 -1.000000
-1.000000 -1.000000
-1.000000 -1.000000
-1.000000 -1.000000
688.180786 291.249298
-1.000000 -1.000000
550.608887 92.405876
-1.000000 -1.000000
328.875061 398.507202
-1.000000 -1.000000
-1.000000 -1.000000
478.414551 166.073624
-1.000000 -1.000000
-1.000000 -1.000000
-1.000000 -1.000000
-1.000000 -1.000000
319.479675 222.782593
626.669922 378.663666
-1.000000 -1.000000
-1.000000 -1.000000
787.358459 342.406647
674.787170 50.234200
-1.000000 -1.000000
545.043030 182.989716
744.676880 254.401093
-1.000000 -1.000000
-1.000000 -1.000000
390.097473 251.515396
635.869385 207.637543
-1.000000 -1.000000
-1.000000 -1.000000
-1.000000 -1.000000
-1.000000 -1.000000
-1.000000 -1.000000
-1.000000 -1.000000
698.333252 361.317566
-1.000000 -1.000000
599.078308 254.724670
-1.000000 -1.000000
358.772491 367.436981
594.302429 42.660820
-1.000000 -1.000000
764.390930 249.832199
-1.000000 -1.000000
493.686005 98.391853
-1.000000 -1.000000
403.154846 216.325424
-1.000000 -1.000000
-1.000000 -1.000000
-1.000000 -1.000000
586.448486 237.104874
-1.000000 -1.000000
-1.000000 -1.000000
-1.000000 -1.000000
1111.234863 130.025024
-1.000000 -1.000000
824.097412 291.096100
733.047913 146.686554
-1.000000 -1.000000
-1.000000 -1.000000
530.407837 99.555168
-1.000000 -1.000000
-1.000000 -1.000000
-1.000000 -1.000000
-1.000000 -1.000000
302.888336 322.293732
759.136230 145.459045
-1.000000 -1.000000
-1.000000 -1.000000
457.522858 232.454559
-1.000000 -1.000000
-1.000000 -1.000000
422.809052 319.775940
657.973816 348.879089
674.830872 199.659164
-1.000000 -1.000000
-1.000000 -1.000000
319.840698 288.669525
216.835693 408.568451
-1.000000 -1.000000
-1.000000 -1.000000
-1.000000 -1.000000
-1.000000 -1.000000
-1.000000 -1.000000
252.149246 429.132294
-1.000000 -1.000000
-1.000000 -1.000000
-1.000000 -1.000000
-1.000000 -1.000000
-1.000000 -1.000000
287.672913 218.579407
-1.000000 -1.000000
-1.000000 -1.000000
583.162781 275.944092
698.132568 279.550354
-1.000000 -1.000000
209.635193 368.869598
566.703003 239.799377
-1.000000 -1.000000
810.298218 337.712280
382.912231 395.845276
-1.000000 -1.000000
229.944260 347.153290
-1.000000 -1.000000
663.509888 319.134857
860.987854 284.409485
878.126282 246.357101
1210.725586 58.413162
829.494873 187.277130
630.697205 357.732269
-1.000000 -1.000000
-1.000000 -1.000000
-1.000000 -1.000000
735.381592 76.154442
-1.000000 -1.000000
652.064941 202.673874
713.403503 144.027710
340.087708 103.468178
-1.000000 -1.000000
-1.000000 -1.000000
-1.000000 -1.000000
-1.000000 -1.000000
-1.000000 -1.000000
-1.000000 -1.000000
166.641052 484.123688
-1.000000 -1.000000
-1.000000 -1.000000
-1.000000 -1.000000
-1.000000 -1.000000
-1.000000 -1.000000
439.231689 201.722839
577.691895 68.434357
758.184509 294.787964
427.546997 95.754372
-1.000000 -1.000000
-1.000000 -1.000000
-1.000000 -1.000000
346.287750 198.081253
-1.000000 -1.000000
293.278656 177.617722
-1.000000 -1.000000
1165.990112 104.581566
-1.000000 -1.000000
-1.000000 -1.000000
-1.000000 -1.000000
629.566528 335.112976
-1.000000 -1.000000
312.112640 460.402466
-1.000000 -1.000000
805.967834 295.027405
270.663208 289.684326
-1.000000 -1.000000
-1.000000 -1.000000
269.419586 236.973740
1138.427612 160.423370
337.320831 377.234894
-1.000000 -1.000000
652.243469 54.257576
-1.000000 -1.000000
-1.000000 -1.000000
579.665588 261.039276
-1.000000 -1.000000
237.053314 304.705261
346.346771 58.975140
361.217773 304.565430
621.964905 61.923084
-1.000000 -1.000000
400.910339 401.817261
-1.000000 -1.000000
-1.000000 -1.000000
-1.000000 -1.000000
-1.000000 -1.000000
-1.000000 -1.000000
530.623657 197.679169
348.613983 444.218842
-1.000000 -1.000000
-1.000000 -1.000000
374.443268 145.358170
-1.000000 -1.000000
-1.000000 -1.000000
-1.000000 -1.000000
-1.000000 -1.000000
213.828491 428.360107
434.088379 326.949951
-1.000000 -1.000000
-1.000000 -1.000000
1149.167969 198.904373
-1.000000 -1.000000
-1.000000 -1.000000
1200.960327 118.932510
-1.000000 -1.000000
-1.000000 -1.000000
447.524139 273.652985
330.732147 161.913162
299.032013 465.459991
-1.000000 -1.000000
780.227173 293.120789
469.577240 148.802383
-1.000000 -1.000000
-1.000000 -1.000000
572.397400 38.892277
408.928955 377.346130
-1.000000 -1.000000
411.507935 277.734528
-1.000000 -1.000000
-1.000000 -1.000000
459.426331 251.239594
-1.000000 -1.000000
425.705048 182.846558
-1.000000 -1.000000
-1.000000 -1.000000
-1.000000 -1.000000
-1.000000 -1.000000
-1.000000 -1.000000
444.436005 79.786537
-1.000000 -1.000000
642.308960 332.162689
-1.000000 -1.000000
548.867188 46.222183
-1.000000 -1.000000
-1.000000 -1.000000
-1.000000 -1.000000
596.802612 298.235931
