1192.858154 240.470062
1193.849487 649.579285
247.842773 628.036438
-1.000000 -1.000000
1118.194824 686.967468
1187.700073 618.203491
1201.406128 581.818237
-1.000000 -1.000000
1105.844482 657.271484
647.525574 426.567261
1152.364624 617.038147
505.487396 415.916168
1227.567871 261.438965
1065.090454 687.772583
1135.530762 662.140747
1183.693115 270.137817
644.396912 383.280487
1215.095947 197.936844
196.786194 656.495728
664.750366 650.415588
1075.768799 679.076355
387.906921 450.649109
1166.527832 607.921387
-1.000000 -1.000000
638.804199 416.664978
183.742462 594.376831
1129.107666 430.756897
290.917297 573.237854
352.149170 495.404205
-1.000000 -1.000000
596.109009 550.571594
1201.438110 465.766449
469.242126 305.836670
608.941895 567.918579
618.231812 347.604980
1184.338135 583.739807
489.542969 366.261719
409.111115 441.447113
566.776611 425.235107
303.958527 520.717468
367.333984 585.648621
-1.000000 -1.000000
275.143951 562.864624
465.201233 451.043182
363.239258 564.844910
224.561111 600.299438
282.968201 475.512329
738.191101 579.600098
441.810181 224.189072
313.697479 568.061157
1196.997925 166.351624
621.188904 318.175995
-1.000000 -1.000000
1124.616699 585.460571
440.303436 382.343445
-1.000000 -1.000000
174.003555 588.543030
708.031433 434.197906
1157.659668 340.430359
1121.877930 521.323181
1107.671753 499.999237
1113.888794 509.917938
113.607712 665.933716
-1.000000 -1.000000
698.770325 562.948364
554.662231 51.908779
-1.000000 -1.000000
1109.492310 460.778839
593.985352 228.472534
302.651794 553.934082
268.519745 551.984497
458.124756 436.329895
1164.547119 308.177063
221.420914 539.085815
590.353394 421.313385
1168.717407 341.543213
799.930908 573.194031
301.096466 676.500977
396.737915 406.251068
273.345520 470.664734
825.649536 676.365295
699.588745 573.201782
369.400818 373.137054
1204.909546 188.629074
731.289001 376.257080
446.286285 459.198029
1197.537964 225.290131
385.588989 441.368378
1148.654297 401.279144
-1.000000 -1.000000
1181.033813 650.516113
350.727753 473.100525
313.999176 427.480438
642.240540 546.527649
1178.716797 375.700745
251.961792 598.738281
715.802185 618.978638
407.993958 64.361069
1118.237915 167.311310
1230.578491 236.501389
725.659607 660.502441
1174.319336 298.924713
842.410645 590.010254
348.531525 590.053101
359.618439 368.496185
751.300171 445.531769
764.100830 679.954224
1155.858521 391.441498
325.417145 475.774261
359.453430 438.470673
282.607178 465.109406
1142.004395 410.993561
411.904358 368.489777
727.494690 671.597412
701.456421 380.793274
-1.000000 -1.000000
397.702606 432.597015
368.661957 363.015076
183.513901 583.703674
-1.000000 -1.000000
121.399574 631.905945
1205.259644 203.754135
372.835083 439.310516
686.898621 517.924805
509.598938 436.397003
160.299866 686.842773
438.376648 365.346802
593.255920 431.753235
703.150879 584.565674
647.955261 439.251190
453.821777 222.824539
674.367065 667.405701
242.285721 592.790955
1149.677246 368.436493
717.456909 436.023773
498.473755 310.725006
395.538574 331.313690
1133.787109 651.608337
638.327698 510.551300
717.221497 380.589172
573.942261 120.802345
1117.683594 139.890259
1133.265625 641.529602
717.754456 311.269165
-1.000000 -1.000000
480.030029 298.934052
633.454590 313.444611
516.046387 408.153778
703.612793 616.258423
1188.713135 261.598816
796.196167 531.220825
1110.979980 99.050209
1156.111694 349.965576
1132.016602 420.168427
225.918671 508.819214
710.134644 292.818634
803.796509 592.865234
617.455750 215.262512
1184.310303 295.849121
622.394287 202.933624
690.757141 215.542419
-1.000000 -1.000000
560.897339 123.446175
729.901733 681.878357
316.475159 402.883667
478.259247 323.564880
309.583435 644.943542
412.705597 503.913055
686.261047 193.597244
668.272095 609.956238
489.433838 223.418777
451.582672 382.255157
441.148407 67.775085
550.472473 322.133270
733.285767 416.833862
596.949097 219.220673
436.710724 81.247620
408.762390 74.037720
545.564575 307.221680
-1.000000 -1.000000
1162.608276 381.716461
653.518372 82.257744
497.800598 47.414246
818.840881 642.200867
633.499207 530.424500
409.374207 527.482910
741.271423 675.187744
356.377411 573.703979
705.594238 658.148132
674.824402 515.876648
288.703033 563.936157
1123.544189 501.790497
1128.020142 331.925507
1116.006104 110.220016
454.135834 445.952362
498.338776 70.808998
397.417328 309.316742
606.382141 228.539856
728.889709 578.834595
533.952759 264.550049
500.523071 364.863647
1168.902466 353.632263
733.101990 389.687592
557.554871 497.554474
830.791992 534.817932
713.501709 577.817322
595.260559 440.470367
1118.800293 650.524231
804.769287 601.962585
748.741028 583.045837
539.665894 56.039608
727.143616 93.420906
710.268982 370.989655
1171.526245 657.627686
1228.344971 543.563965
628.995422 347.465210
724.839600 348.362610
446.522949 371.663971
302.050934 564.061890
514.000305 428.019745
646.034302 566.850098
211.645264 648.623535
692.199707 613.870667
-1.000000 -1.000000
445.262299 78.804253
432.822540 69.242203
660.244080 432.501678
-1.000000 -1.000000
626.249023 598.217163
430.205994 330.316742
697.273010 236.943085
664.779602 82.345207
393.827209 69.284988
722.447266 366.696747
340.956268 470.034851
774.891785 683.394714
423.218384 309.274963
426.347107 362.773926
500.629517 321.353790
1123.819824 512.155701
317.188538 513.799988
1151.777954 642.416016
736.484680 589.520752
628.425293 516.944702
663.223816 513.695740
649.916748 410.468750
626.744324 214.756104
1130.896362 312.788757
409.174927 398.873596
315.193542 557.943054
408.993805 266.439545
558.001465 426.213531
681.847229 92.237061
167.880478 598.980530
840.124817 472.978180
183.288879 605.501587
677.338684 265.316711
-1.000000 -1.000000
647.367371 576.100098
490.145691 317.195343
520.456787 438.230377
651.746460 64.899704
619.471069 562.028198
477.741486 312.829742
-1.000000 -1.000000
613.380493 204.165985
1127.364136 576.211487
668.311157 102.279312
665.015564 621.087402
670.874573 641.102661
731.661682 362.226624
-1.000000 -1.000000
700.817810 392.181763
566.896545 435.099243
679.078308 555.258118
844.884766 448.644409
561.779602 399.485504
814.928650 633.064453
656.401917 601.243652
174.717880 576.659790
855.796448 645.330994
453.091461 397.838348
654.561707 394.022705
678.920227 83.826843
544.949951 298.593231
675.044434 656.885376
-1.000000 -1.000000
398.171143 442.408966
322.512543 627.665283
784.143494 592.471985
584.900818 401.965332
824.439148 664.403076
560.229614 389.192535
705.063782 268.597565
660.194763 102.924454
437.115295 353.530426
664.877014 92.265648
274.569794 460.205505
642.861023 535.008057
729.604492 437.368347
