-1.000000 -1.000000
-1.000000 -1.000000
-1.000000 -1.000000
-1.000000 -1.000000
-1.000000 -1.000000
-1.000000 -1.000000
-1.000000 -1.000000
-1.000000 -1.000000
-1.000000 -1.000000
-1.000000 -1.000000
-1.000000 -1.000000
484.948029 389.747925
-1.000000 -1.000000
-1.000000 -1.000000
-1.000000 -1.000000
-1.000000 -1.000000
-1.000000 -1.000000
-1.000000 -1.000000
168.095718 620.819641
-1.000000 -1.000000
-1.000000 -1.000000
-1.000000 -1.000000
-1.000000 -1.000000
-1.000000 -1.000000
618.591980 391.915741
-1.000000 -1.000000
-1.000000 -1.000000
264.680939 541.203125
327.816620 466.079834
-1.000000 -1.000000
570.392090 526.444702
1172.154907 446.640350
-1.000000 -1.000000
582.542114 544.094604
600.692566 322.281647
-1.000000 -1.000000
470.504913 339.688751
386.237244 414.400879
-1.000000 -1.000000
279.077118 489.971558
-1.000000 -1.000000
-1.000000 -1.000000
249.111130 530.661194
443.104370 424.394653
280.283752 489.585999
-1.000000 -1.000000
257.785126 446.347565
-1.000000 -1.000000
-1.000000 -1.000000
-1.000000 -1.000000
-1.000000 -1.000000
604.291016 292.416809
-1.000000 -1.000000
-1.000000 -1.000000
-1.000000 -1.000000
-1.000000 -1.000000
-1.000000 -1.000000
-1.000000 -1.000000
-1.000000 -1.000000
-1.000000 -1.000000
-1.000000 -1.000000
1079.553955 512.077393
82.246880 630.365601
-1.000000 -1.000000
-1.000000 -1.000000
-1.000000 -1.000000
-1.000000 -1.000000
1083.585205 441.325409
-1.000000 -1.000000
-1.000000 -1.000000
242.065826 520.729309
436.364624 410.051331
-1.000000 -1.000000
194.161758 507.692719
-1.000000 -1.000000
-1.000000 -1.000000
772.734802 549.844666
274.401703 641.330078
-1.000000 -1.000000
248.154739 441.198639
-1.000000 -1.000000
-1.000000 -1.000000
347.187561 347.736237
-1.000000 -1.000000
-1.000000 -1.000000
423.193726 432.786041
-1.000000 -1.000000
-1.000000 -1.000000
-1.000000 -1.000000
-1.000000 -1.000000
-1.000000 -1.000000
326.658020 444.727386
290.360657 400.318604
-1.000000 -1.000000
-1.000000 -1.000000
224.593323 565.710022
-1.000000 -1.000000
-1.000000 -1.000000
-1.000000 -1.000000
-1.000000 -1.000000
-1.000000 -1.000000
-1.000000 -1.000000
814.867859 566.876099
-1.000000 -1.000000
337.429688 343.173920
729.767761 421.882080
-1.000000 -1.000000
-1.000000 -1.000000
-1.000000 -1.000000
335.100159 411.587524
-1.000000 -1.000000
-1.000000 -1.000000
-1.000000 -1.000000
-1.000000 -1.000000
-1.000000 -1.000000
-1.000000 -1.000000
375.235809 405.270142
-1.000000 -1.000000
-1.000000 -1.000000
-1.000000 -1.000000
91.092743 596.931580
-1.000000 -1.000000
-1.000000 -1.000000
-1.000000 -1.000000
487.858459 410.830109
129.799454 651.440125
-1.000000 -1.000000
-1.000000 -1.000000
-1.000000 -1.000000
-1.000000 -1.000000
-1.000000 -1.000000
644.871765 644.768860
-1.000000 -1.000000
-1.000000 -1.000000
696.507874 412.558258
-1.000000 -1.000000
-1.000000 -1.000000
-1.000000 -1.000000
614.656128 486.072815
-1.000000 -1.000000
-1.000000 -1.000000
-1.000000 -1.000000
-1.000000 -1.000000
-1.000000 -1.000000
-1.000000 -1.000000
462.994781 272.026062
-1.000000 -1.000000
495.467194 381.908844
676.057190 592.826172
-1.000000 -1.000000
770.787231 507.660919
-1.000000 -1.000000
-1.000000 -1.000000
-1.000000 -1.000000
199.336060 478.402893
-1.000000 -1.000000
-1.000000 -1.000000
-1.000000 -1.000000
-1.000000 -1.000000
-1.000000 -1.000000
-1.000000 -1.000000
-1.000000 -1.000000
-1.000000 -1.000000
-1.000000 -1.000000
292.821259 376.246918
-1.000000 -1.000000
283.052887 611.124268
389.965393 475.157532
-1.000000 -1.000000
640.950378 586.051575
-1.000000 -1.000000
-1.000000 -1.000000
-1.000000 -1.000000
529.465027 278.059998
712.245972 393.098328
-1.000000 -1.000000
-1.000000 -1.000000
-1.000000 -1.000000
-1.000000 -1.000000
-1.000000 -1.000000
-1.000000 -1.000000
-1.000000 -1.000000
-1.000000 -1.000000
789.791565 619.654236
608.553589 507.141724
386.254028 497.872742
-1.000000 -1.000000
-1.000000 -1.000000
677.090759 635.612183
651.294495 491.831696
263.093781 532.059082
-1.000000 -1.000000
-1.000000 -1.000000
-1.000000 -1.000000
-1.000000 -1.000000
-1.000000 -1.000000
376.333496 285.919250
-1.000000 -1.000000
-1.000000 -1.000000
-1.000000 -1.000000
481.504761 338.778381
-1.000000 -1.000000
-1.000000 -1.000000
534.657166 473.371918
805.261230 511.655609
-1.000000 -1.000000
-1.000000 -1.000000
-1.000000 -1.000000
777.324890 578.509644
-1.000000 -1.000000
-1.000000 -1.000000
-1.000000 -1.000000
-1.000000 -1.000000
-1.000000 -1.000000
-1.000000 -1.000000
610.533997 322.436676
-1.000000 -1.000000
-1.000000 -1.000000
-1.000000 -1.000000
493.226288 402.568298
621.094055 543.474426
-1.000000 -1.000000
664.740051 590.393250
-1.000000 -1.000000
-1.000000 -1.000000
-1.000000 -1.000000
-1.000000 -1.000000
-1.000000 -1.000000
599.901672 574.630859
413.781799 307.116669
-1.000000 -1.000000
-1.000000 -1.000000
-1.000000 -1.000000
-1.000000 -1.000000
-1.000000 -1.000000
-1.000000 -1.000000
407.029694 286.507416
-1.000000 -1.000000
-1.000000 -1.000000
-1.000000 -1.000000
292.980927 483.514069
-1.000000 -1.000000
-1.000000 -1.000000
-1.000000 -1.000000
639.566345 489.296570
-1.000000 -1.000000
-1.000000 -1.000000
-1.000000 -1.000000
-1.000000 -1.000000
275.921722 491.314819
392.938324 240.618484
-1.000000 -1.000000
-1.000000 -1.000000
-1.000000 -1.000000
816.619629 450.855133
-1.000000 -1.000000
-1.000000 -1.000000
-1.000000 -1.000000
621.795410 552.448730
-1.000000 -1.000000
498.910461 412.744293
-1.000000 -1.000000
-1.000000 -1.000000
-1.000000 -1.000000
-1.000000 -1.000000
-1.000000 -1.000000
-1.000000 -1.000000
-1.000000 -1.000000
637.902771 598.499939
641.986816 616.903320
-1.000000 -1.000000
-1.000000 -1.000000
-1.000000 -1.000000
-1.000000 -1.000000
654.007263 530.886414
822.435608 426.657043
-1.000000 -1.000000
786.947388 609.666809
629.423889 577.712219
145.886246 543.720703
825.963745 622.624756
433.765320 372.553894
-1.000000 -1.000000
-1.000000 -1.000000
-1.000000 -1.000000
646.100220 633.738525
-1.000000 -1.000000
377.167999 415.329102
-1.000000 -1.000000
-1.000000 -1.000000
565.729065 384.337769
793.989563 641.287170
-1.000000 -1.000000
-1.000000 -1.000000
-1.000000 -1.000000
-1.000000 -1.000000
-1.000000 -1.000000
249.385223 431.559357
618.268494 511.562317
708.476318 413.682892
