-1.000000 -1.000000
-1.000000 -1.000000
-1.000000 -1.000000
-1.000000 -1.000000
-1.000000 -1.000000
-1.000000 -1.000000
-1.000000 -1.000000
-1.000000 -1.000000
-1.000000 -1.000000
-1.000000 -1.000000
1171.000732 215.663239
494.434021 161.996811
-1.000000 -1.000000
-1.000000 -1.000000
-1.000000 -1.000000
-1.000000 -1.000000
625.225525 97.740494
-1.000000 -1.000000
265.511597 455.557190
700.962463 351.785339
-1.000000 -1.000000
388.818176 224.196381
-1.000000 -1.000000
-1.000000 -1.000000
627.773132 132.194046
233.951614 402.890350
1125.218262 34.222454
330.561615 360.585327
366.389862 273.400421
-1.000000 -1.000000
614.539062 273.912231
1203.663574 52.412399
-1.000000 -1.000000
630.584961 287.608307
592.646912 66.154213
1170.212402 214.658081
467.095581 115.511032
406.232697 209.739792
-1.000000 -1.000000
328.238647 308.802582
406.500946 356.090332
-1.000000 -1.000000
312.153687 352.887421
465.310150 207.199295
397.266418 336.952972
-1.000000 -1.000000
293.687073 271.037933
-1.000000 -1.000000
-1.000000 -1.000000
-1.000000 -1.000000
-1.000000 -1.000000
586.430420 33.548420
-1.000000 -1.000000
-1.000000 -1.000000
421.351318 143.109360
-1.000000 -1.000000
222.921021 398.516724
699.822510 134.895432
-1.000000 -1.000000
-1.000000 -1.000000
1111.439453 110.128105
1120.034302 120.962906
189.974121 482.651215
-1.000000 -1.000000
-1.000000 -1.000000
-1.000000 -1.000000
-1.000000 -1.000000
1108.608276 69.469414
-1.000000 -1.000000
-1.000000 -1.000000
301.813995 346.167328
454.439728 194.056396
-1.000000 -1.000000
253.585236 345.127716
-1.000000 -1.000000
-1.000000 -1.000000
816.262878 250.058014
367.044556 452.774170
385.599396 178.165329
282.183167 267.317078
-1.000000 -1.000000
-1.000000 -1.000000
347.789795 151.220093
-1.000000 -1.000000
712.148804 71.304207
447.544098 220.319687
-1.000000 -1.000000
383.748627 214.613159
-1.000000 -1.000000
-1.000000 -1.000000
-1.000000 -1.000000
358.119476 254.596863
310.651031 218.522675
-1.000000 -1.000000
-1.000000 -1.000000
299.029236 393.411926
-1.000000 -1.000000
-1.000000 -1.000000
-1.000000 -1.000000
-1.000000 -1.000000
762.163452 347.656708
-1.000000 -1.000000
863.368835 258.467102
388.753510 364.193756
336.124054 148.218170
747.968689 137.560135
803.562805 357.708282
-1.000000 -1.000000
335.816833 261.480194
356.817261 219.358017
290.202301 260.186310
-1.000000 -1.000000
390.093689 136.161667
767.251587 358.006866
-1.000000 -1.000000
-1.000000 -1.000000
392.906189 202.618881
344.614441 140.110611
231.150040 391.745270
-1.000000 -1.000000
187.433929 448.796906
-1.000000 -1.000000
371.873016 214.190338
-1.000000 -1.000000
505.570648 183.995361
237.729645 491.367828
414.563110 127.940262
587.012817 158.231888
-1.000000 -1.000000
-1.000000 -1.000000
-1.000000 -1.000000
714.190613 365.441925
-1.000000 -1.000000
-1.000000 -1.000000
710.985840 133.839325
-1.000000 -1.000000
362.010529 103.786240
-1.000000 -1.000000
647.854187 225.464645
-1.000000 -1.000000
-1.000000 -1.000000
-1.000000 -1.000000
-1.000000 -1.000000
-1.000000 -1.000000
-1.000000 -1.000000
437.145721 48.198418
-1.000000 -1.000000
503.148590 152.751022
734.358887 312.157257
-1.000000 -1.000000
806.795105 210.083542
-1.000000 -1.000000
-1.000000 -1.000000
-1.000000 -1.000000
249.470154 313.633209
-1.000000 -1.000000
-1.000000 -1.000000
-1.000000 -1.000000
-1.000000 -1.000000
-1.000000 -1.000000
-1.000000 -1.000000
-1.000000 -1.000000
-1.000000 -1.000000
769.941467 366.683807
305.554596 191.369751
-1.000000 -1.000000
366.056519 421.418488
426.609558 270.118439
-1.000000 -1.000000
697.489136 313.770630
-1.000000 -1.000000
432.031891 141.195206
-1.000000 -1.000000
517.638123 55.687920
722.084595 111.036667
-1.000000 -1.000000
-1.000000 -1.000000
-1.000000 -1.000000
517.762024 59.385414
-1.000000 -1.000000
-1.000000 -1.000000
-1.000000 -1.000000
-1.000000 -1.000000
848.899719 312.618195
646.544128 247.789139
429.840851 294.469971
-1.000000 -1.000000
391.414246 347.241302
742.752869 351.270996
686.310303 223.090378
324.787170 351.509796
-1.000000 -1.000000
-1.000000 -1.000000
-1.000000 -1.000000
452.470764 204.519272
-1.000000 -1.000000
358.733612 76.900803
-1.000000 -1.000000
-1.000000 -1.000000
-1.000000 -1.000000
477.736694 113.567009
-1.000000 -1.000000
-1.000000 -1.000000
565.017090 232.298141
843.379150 207.439636
-1.000000 -1.000000
-1.000000 -1.000000
-1.000000 -1.000000
829.617493 277.575562
-1.000000 -1.000000
-1.000000 -1.000000
-1.000000 -1.000000
690.171326 68.363937
-1.000000 -1.000000
-1.000000 -1.000000
602.665894 64.938934
-1.000000 -1.000000
425.472504 132.002090
338.874847 348.043793
506.491760 172.465927
670.093323 278.759888
274.104828 446.076660
723.084045 312.864410
-1.000000 -1.000000
-1.000000 -1.000000
-1.000000 -1.000000
-1.000000 -1.000000
-1.000000 -1.000000
653.447449 312.840973
398.670441 93.226303
-1.000000 -1.000000
-1.000000 -1.000000
-1.000000 -1.000000
-1.000000 -1.000000
347.593719 253.177475
812.756714 358.565155
385.448395 72.314888
400.669708 128.149994
464.411163 65.052307
-1.000000 -1.000000
336.337097 299.869476
-1.000000 -1.000000
760.069702 280.495911
639.319946 233.572906
674.993958 224.049149
-1.000000 -1.000000
-1.000000 -1.000000
-1.000000 -1.000000
393.624939 168.221970
325.225494 358.902893
358.333862 33.887367
-1.000000 -1.000000
-1.000000 -1.000000
-1.000000 -1.000000
839.155579 142.939774
238.002869 410.810883
-1.000000 -1.000000
-1.000000 -1.000000
672.444885 288.056274
-1.000000 -1.000000
515.762817 182.840714
-1.000000 -1.000000
-1.000000 -1.000000
-1.000000 -1.000000
-1.000000 -1.000000
-1.000000 -1.000000
-1.000000 -1.000000
-1.000000 -1.000000
696.661682 325.341278
704.393799 340.170807
-1.000000 -1.000000
-1.000000 -1.000000
-1.000000 -1.000000
-1.000000 -1.000000
697.253662 258.727661
843.843994 116.039215
-1.000000 -1.000000
843.429443 302.582581
685.491272 310.046417
218.357498 389.070984
885.991150 306.934784
441.427277 157.360092
-1.000000 -1.000000
-1.000000 -1.000000
-1.000000 -1.000000
712.280823 356.959808
-1.000000 -1.000000
397.820679 212.797775
374.707611 401.652527
806.050720 271.863007
569.468445 131.785614
858.151367 332.740356
-1.000000 -1.000000
-1.000000 -1.000000
-1.000000 -1.000000
410.694702 112.078369
-1.000000 -1.000000
279.431458 258.219788
658.581055 252.358612
721.641296 133.578995
