1130.980713 316.376770
1199.110596 225.121338
1191.236206 635.361816
845.378357 460.292725
1189.594971 164.293594
254.105408 622.891785
1160.657959 606.519592
505.837280 405.578339
1210.876953 186.750168
1192.429199 612.992981
1159.109985 338.391846
469.681976 295.500549
640.882202 408.256378
767.142273 124.020508
354.381012 587.054443
1203.375488 578.787109
1122.727417 500.796600
672.901367 641.512695
181.704712 580.253723
1208.583862 452.307495
1122.185425 150.154266
1105.359985 446.873840
1147.846802 627.836243
283.364044 572.515198
381.745270 448.115448
185.352921 659.339539
356.380005 488.466064
452.036224 449.737396
1180.413330 592.933533
280.538208 461.671295
634.958679 537.793152
599.590698 228.914108
699.804749 556.391174
707.442627 374.260712
604.159607 555.026611
-1.000000 -1.000000
792.078613 562.877747
290.694183 523.974243
271.068634 552.176025
648.483887 427.603882
404.818634 57.620369
116.024452 658.808716
-1.000000 -1.000000
1101.710327 495.958740
222.111496 530.341064
728.370605 654.857483
1159.308350 295.391937
366.860565 358.450226
349.387360 438.922180
121.787773 638.371338
-1.000000 -1.000000
442.898010 221.364212
435.889496 370.713715
1189.753784 257.525024
231.699936 593.145935
820.517029 670.434448
1184.834351 574.064270
313.510010 418.158478
336.268250 593.330688
382.636292 409.856995
1113.212891 648.993958
-1.000000 -1.000000
297.815918 548.676392
846.132935 441.415710
726.631714 369.377472
830.534485 639.960999
407.504822 511.857483
305.359131 649.820068
360.182068 567.273071
298.982300 666.945679
1122.238647 131.913651
492.694061 364.046234
767.019775 105.594856
225.795242 512.569458
740.402710 432.653900
835.637512 576.377014
645.643127 512.305908
620.395874 346.580292
676.906555 610.683289
253.540558 552.867676
631.084106 307.554688
723.212769 405.872375
502.259094 441.554749
-1.000000 -1.000000
434.200256 462.562805
395.391785 321.591705
456.194702 429.792419
1139.080933 339.914093
811.787781 570.549683
1130.935425 652.788452
679.555237 552.737671
1132.294678 414.922607
1211.203003 559.495544
1178.949707 291.230042
251.953064 598.552673
806.017334 533.968567
1103.514038 94.918716
339.384918 473.358795
704.462219 297.680939
656.810303 607.088196
546.103516 53.885315
1210.540405 647.656799
650.392761 384.862335
316.864258 400.513367
209.110504 648.826416
653.879578 545.612305
313.679901 515.475403
698.065430 647.250122
434.925537 71.293678
1141.067261 608.459290
-1.000000 -1.000000
-1.000000 -1.000000
-1.000000 -1.000000
716.831360 82.185097
432.769348 350.804688
712.135620 609.794800
478.862366 314.343445
625.850342 511.730621
305.107513 630.468506
584.889221 424.406464
338.537872 502.968567
835.898499 479.228973
410.319611 492.675781
1173.239624 367.508118
679.783630 661.119934
683.766235 514.040771
1179.361694 238.164658
1123.068237 96.158913
566.963623 111.069038
115.962494 678.615967
1140.812866 503.060333
299.952942 457.378296
417.979401 318.975037
406.680573 397.253815
412.627777 369.974304
756.391968 143.964615
852.045532 628.992737
1172.143311 653.462036
827.363953 534.396240
653.485596 88.132965
611.461792 207.742203
304.750885 568.663635
664.609375 513.667786
716.193542 427.281342
653.477478 640.137329
684.709351 214.414261
566.026489 420.612335
-1.000000 -1.000000
810.710144 636.920593
839.804138 674.121216
1217.024414 240.137512
396.695282 303.921234
201.445129 576.552002
403.856903 529.203125
525.321472 434.663422
236.017593 638.338806
649.867249 364.397217
372.847107 587.369873
841.368469 596.318665
1135.199463 297.318939
624.767639 568.637390
738.802368 580.869019
404.004395 432.077332
222.154053 549.931335
584.413940 552.289551
1127.355591 629.731445
1102.447632 153.117737
427.327393 389.116669
704.875549 279.360809
539.809875 308.466278
418.354706 301.331726
673.306213 86.328087
1122.631226 519.120911
1153.255859 360.581116
163.144684 584.617371
688.868347 377.442139
786.184204 524.032471
1125.962646 435.537109
317.689117 483.772186
703.158875 575.823975
703.772583 402.848267
592.267151 206.750656
408.411865 77.626266
453.513092 385.801544
1214.340454 259.848328
602.707947 536.024658
221.902222 613.298645
262.224792 466.170685
348.529205 363.083893
824.989563 458.139771
1145.385742 392.336060
1121.310791 481.629547
1215.982910 541.450745
746.769836 119.513351
385.099182 60.924885
385.045593 352.677490
732.072021 673.925537
608.900024 309.745178
181.719177 600.057068
648.275635 69.029625
717.427856 348.816742
571.750000 383.403564
497.324158 308.352997
1191.373291 655.690430
622.519287 229.359116
854.755676 648.233154
471.077911 454.076385
626.169006 587.011658
1168.170410 628.703735
168.976364 677.223694
1216.198975 220.767181
741.136414 407.259552
492.847229 221.324371
796.985046 594.499390
359.329193 464.703796
652.778381 565.435059
1122.953735 169.899155
1191.135376 205.701889
557.904663 487.233795
587.638611 405.534607
454.569427 402.431152
682.894348 195.796967
720.397644 102.974220
527.098145 251.836792
-1.000000 -1.000000
603.409058 574.253723
1161.156860 580.892578
578.256409 225.793930
404.637115 268.523956
1093.645752 648.943176
263.998474 574.830139
822.350098 514.990173
824.580078 441.687012
492.072479 55.375286
696.900879 423.450439
1132.758179 572.133606
280.421814 481.120789
-1.000000 -1.000000
521.273193 374.648895
-1.000000 -1.000000
568.428406 51.936806
-1.000000 -1.000000
-1.000000 -1.000000
1111.477295 317.059448
319.342834 549.393921
527.453674 54.936073
115.605621 618.698608
537.814575 289.427155
1188.814941 455.177246
1150.145996 318.097168
220.092316 493.173462
1179.285767 339.805573
360.782074 417.844299
548.107056 117.864082
415.721924 349.609009
814.884155 595.918457
594.337585 442.576477
745.003601 103.747246
1169.652222 271.158813
1190.423950 144.608795
731.051575 624.814148
470.418976 365.106110
759.651367 433.121918
545.054504 389.237335
547.955505 421.392334
366.214996 377.961426
692.790344 298.601868
500.250946 74.246666
-1.000000 -1.000000
628.874084 207.266327
1154.028198 648.990540
629.063416 386.040314
703.136230 522.969666
709.479736 667.292297
1191.605469 549.669800
514.799805 218.215973
488.586212 286.986023
-1.000000 -1.000000
611.287354 189.208160
540.913330 327.182648
-1.000000 -1.000000
657.139771 584.599731
322.236023 571.177307
567.801880 357.425323
-1.000000 -1.000000
279.901520 617.439331
529.767578 413.409454
679.484497 254.832764
483.381073 412.317810
1165.138062 386.778717
-1.000000 -1.000000
1190.637939 184.106247
627.624268 92.315041
322.022644 437.853546
578.841614 666.049255
1093.397339 668.471069
720.717102 315.954895
753.318481 663.050110
695.652466 349.058319
697.394409 107.301666
544.289795 446.471649
724.825867 562.196533
1122.027954 592.776367
1101.842041 466.443878
383.367737 483.196136
628.880554 492.807129
734.346558 349.695465
-1.000000 -1.000000
1113.407959 570.433716
414.147400 95.580009
669.050171 71.533867
629.083679 427.215820
660.576965 661.754578
458.198853 315.695221
587.829346 528.346802
692.444885 88.161247
308.786499 589.192993
616.995300 328.431427
404.934296 251.349045
741.647827 561.885620
1140.781738 483.134094
510.835114 347.581665
473.438721 219.181885
404.176971 451.221710
584.050232 187.477005
592.113403 380.465149
1107.505249 116.293449
579.837891 507.770538
1210.413452 166.169693
419.553162 211.383728
501.956604 286.614471
1103.135010 514.650879
700.542419 231.216156
800.658997 611.181458
740.989319 451.827026
-1.000000 -1.000000
-1.000000 -1.000000
543.456726 359.778809
667.163208 105.330116
566.758789 439.358276
673.405151 308.082062
702.854187 258.242340
272.002411 529.746582
759.157349 453.193115
723.530945 297.775909
1193.343506 370.422821
453.896515 466.365417
764.425476 585.596741
1156.851196 534.159851
372.716217 549.045898
626.977600 641.226929
663.680054 495.573090
432.366852 253.254807
1152.363281 415.831177
291.908813 504.246552
161.205673 607.422119
650.737732 446.395844
682.589417 178.013748
699.832397 442.545166
1216.502197 391.194061
497.747345 327.065094
184.901443 634.523132
700.684082 126.427277
-1.000000 -1.000000
-1.000000 -1.000000
1072.617676 658.590027
-1.000000 -1.000000
295.429901 417.768951
621.514343 55.017193
490.520538 237.229431
564.134949 549.921143
682.352600 572.997559
-1.000000 -1.000000
162.852310 564.742554
558.756775 508.209290
390.061310 80.450371
769.464600 662.381592
327.352631 629.452515
474.031982 76.862450
204.265106 527.831238
-1.000000 -1.000000
637.422058 608.501160
826.896545 620.750122
855.484131 576.619873
1208.901001 471.851379
803.750549 514.674744
586.667114 645.369019
580.816406 284.630310
1113.347412 300.563538
651.213257 105.793755
745.224060 388.658173
779.319275 143.629501
649.846375 494.052490
715.708557 445.303802
376.077332 323.079620
-1.000000 -1.000000
-1.000000 -1.000000
780.878052 596.372742
559.143311 204.226868
665.873413 408.451477
454.414978 88.306084
98.005028 655.022949
545.220459 143.454269
-1.000000 -1.000000
438.347290 89.631577
616.313782 121.509552
755.089050 240.172119
435.424866 443.727875
596.984863 334.470306
732.209351 602.057678
451.028687 352.312164
1092.306763 629.723328
664.963318 255.576797
489.229309 185.794266
344.203827 418.895355
736.714844 80.318596
299.060364 395.218079
686.916565 269.275879
1175.052124 506.363647
446.265778 194.056854
740.200317 244.513107
602.667175 125.646744
587.528198 624.586609
579.963135 260.024597
248.187164 669.278320
-1.000000 -1.000000
779.648865 613.231934
241.571045 495.798492
488.792633 249.715729
1118.831543 336.788177
260.433533 446.865509
1126.439209 542.819946
299.277832 589.482910
943.261658 124.165314
674.251404 344.008759
522.741760 197.619171
-1.000000 -1.000000
568.609619 529.374451
575.845337 247.951508
208.217102 507.152893
379.391296 297.159424
333.596405 525.854309
641.490295 340.694183
1015.789001 663.880554
347.883881 630.672363
-1.000000 -1.000000
703.995056 219.077988
533.694946 233.984985
1204.016479 282.524658
1171.771240 314.826202
523.572998 453.174744
273.081268 665.753479
705.825317 143.404068
937.415039 62.065388
389.458435 377.186310
556.558472 290.978668
742.666382 206.646606
1097.080078 145.759415
687.714355 330.872986
153.985199 627.382690
388.050873 578.190674
1201.318726 425.064362
604.088318 423.737610
1161.393555 562.938721
684.044128 233.400513
350.939178 547.444092
1206.449707 523.131226
739.544617 319.035309
258.793701 502.148315
424.702759 517.029236
343.683136 385.523132
231.623138 665.904724
720.808167 267.586975
752.057129 603.902771
471.043030 387.912628
629.428406 177.983215
734.940247 172.751556
597.416687 321.323761
360.192810 610.853210
556.926147 156.586502
394.584747 512.339478
505.882965 113.709068
557.483826 307.541107
449.500122 487.083862
527.832703 312.478302
426.995728 424.616974
674.387268 330.553802
1103.407471 75.480141
459.821503 194.953049
519.177185 156.062042
600.809204 135.992035
478.425507 332.409180
477.963623 124.874924
622.485046 621.309082
447.378387 171.412735
581.020874 330.276764
546.085205 155.087891
768.165527 284.533630
-1.000000 -1.000000
564.215393 567.596008
