1178.000000 658.000000
1082.143921 470.895813
373.432770 185.500931
1244.174683 577.230469
544.660461 565.712891
1035.753296 560.775391
1078.161621 493.234497
1045.302734 559.433411
403.981445 544.886658
1172.000000 504.000000
143.137711 674.668152
905.104187 216.477402
387.062042 426.039764
267.843109 565.351318
1253.237671 546.915649
1118.028076 499.349243
520.348022 192.696823
1030.223755 620.463013
1018.933533 618.210938
555.545166 337.425171
489.814941 573.169312
489.000000 556.000000
465.734589 431.004944
521.389343 256.897339
463.000000 557.000000
227.000000 692.000000
1094.692383 538.220642
546.497070 575.604553
406.610535 192.638168
626.045532 358.175934
64.000000 693.000000
678.621338 686.090576
529.439026 356.299652
1144.746338 525.053650
127.702805 660.954041
169.000000 666.000000
142.106583 573.390259
1007.055847 640.737427
624.578918 336.025635
1231.098145 568.246521
467.000000 695.000000
165.288574 622.871155
529.656799 337.622864
349.173920 573.285400
164.941360 623.104431
223.000000 672.000000
1108.000000 492.000000
421.666595 345.208679
1029.706665 633.533752
611.270142 571.598206
251.412659 486.779175
1220.742554 573.416138
647.453491 593.828369
1232.518555 144.838348
1015.728333 214.669556
404.898804 560.333374
467.784546 449.227631
1074.560425 400.834045
220.803635 605.018921
361.989563 126.797310
520.600952 655.269043
357.785339 188.233505
397.199249 193.010315
1014.981750 369.745178
415.000000 433.000000
458.422729 115.767586
238.352234 553.274597
372.492798 209.688965
374.272308 196.006622
646.218445 576.349243
605.000000 581.000000
343.511047 559.721558
615.232361 582.421021
72.603691 632.542236
621.482117 522.544250
164.224533 623.481812
503.379059 193.359070
306.939606 490.772522
1001.862183 643.680664
1013.320129 296.041046
984.865540 679.832886
1115.145630 627.859436
677.066772 248.329285
557.472534 663.446167
1042.826172 578.641296
566.554626 663.351013
407.085663 203.109863
552.122803 350.530792
1105.400024 621.669556
1014.766296 395.055695
292.019104 558.372253
374.705292 196.488098
158.000000 656.000000
284.667175 524.399231
460.788910 181.770538
1169.705444 544.506958
538.772400 553.653870
1016.051697 341.818787
282.595673 550.483154
376.244171 341.381500
