1216.000000 210.000000
1220.000000 624.000000
272.000000 610.000000
1139.000000 672.000000
1144.000000 662.000000
1213.000000 592.000000
1227.000000 555.000000
1057.000000 688.000000
1130.000000 632.000000
667.000000 406.000000
1177.000000 591.000000
524.000000 396.000000
1252.000000 230.000000
1089.000000 663.000000
1161.000000 637.000000
1207.000000 241.000000
662.000000 362.000000
1238.000000 166.000000
222.000000 639.000000
686.000000 629.000000
1100.000000 654.000000
407.000000 433.000000
1191.000000 582.000000
1194.000000 642.000000
658.000000 395.000000
207.000000 578.000000
1153.000000 403.000000
313.000000 556.000000
373.000000 477.000000
189.000000 688.000000
616.000000 530.000000
1227.000000 438.000000
486.000000 286.000000
629.000000 547.000000
637.000000 327.000000
1209.000000 557.000000
508.000000 347.000000
428.000000 423.000000
586.000000 405.000000
326.000000 503.000000
390.000000 567.000000
1159.000000 477.000000
298.000000 545.000000
485.000000 432.000000
386.000000 546.000000
248.000000 583.000000
303.000000 459.000000
760.000000 558.000000
458.000000 205.000000
336.000000 550.000000
1220.000000 135.000000
639.000000 296.000000
744.000000 684.000000
1149.000000 560.000000
459.000000 363.000000
216.000000 679.000000
197.000000 572.000000
727.000000 412.000000
1181.000000 312.000000
1146.000000 496.000000
1131.000000 474.000000
1138.000000 485.000000
139.000000 650.000000
1183.000000 668.000000
720.000000 541.000000
569.000000 29.000000
1177.000000 678.000000
1133.000000 434.000000
611.000000 207.000000
324.000000 536.000000
290.000000 535.000000
478.000000 417.000000
1188.000000 279.000000
243.000000 523.000000
610.000000 401.000000
1192.000000 313.000000
821.000000 550.000000
325.000000 659.000000
416.000000 388.000000
293.000000 454.000000
848.000000 653.000000
721.000000 552.000000
387.000000 356.000000
1228.000000 157.000000
750.000000 354.000000
465.000000 441.000000
1221.000000 194.000000
405.000000 423.000000
1173.000000 374.000000
230.000000 686.000000
1207.000000 625.000000
370.000000 456.000000
333.000000 411.000000
662.000000 525.000000
1202.000000 347.000000
274.000000 582.000000
738.000000 598.000000
421.000000 43.000000
1140.000000 137.000000
1255.000000 206.000000
748.000000 638.000000
1198.000000 269.000000
865.000000 568.000000
370.000000 572.000000
377.000000 351.000000
772.000000 424.000000
787.000000 658.000000
1180.000000 364.000000
346.000000 458.000000
378.000000 421.000000
303.000000 448.000000
1166.000000 384.000000
430.000000 350.000000
750.000000 650.000000
720.000000 358.000000
201.000000 693.000000
416.000000 414.000000
387.000000 345.000000
207.000000 567.000000
607.000000 181.000000
146.000000 615.000000
1228.000000 172.000000
393.000000 421.000000
708.000000 497.000000
529.000000 418.000000
185.000000 670.000000
455.000000 347.000000
613.000000 411.000000
724.000000 563.000000
667.000000 418.000000
469.000000 204.000000
696.000000 646.000000
264.000000 576.000000
1173.000000 340.000000
737.000000 414.000000
516.000000 291.000000
412.000000 314.000000
1159.000000 626.000000
658.000000 489.000000
737.000000 358.000000
589.000000 98.000000
1139.000000 108.000000
1157.000000 616.000000
737.000000 289.000000
220.000000 695.000000
496.000000 279.000000
650.000000 292.000000
534.000000 388.000000
725.000000 594.000000
1212.000000 231.000000
817.000000 508.000000
1132.000000 68.000000
1179.000000 322.000000
1156.000000 393.000000
247.000000 492.000000
729.000000 269.000000
826.000000 570.000000
633.000000 193.000000
1208.000000 266.000000
639.000000 181.000000
709.000000 193.000000
96.000000 695.000000
575.000000 102.000000
752.000000 660.000000
335.000000 385.000000
495.000000 304.000000
333.000000 626.000000
433.000000 485.000000
704.000000 170.000000
689.000000 588.000000
504.000000 202.000000
469.000000 363.000000
455.000000 47.000000
569.000000 302.000000
752.000000 394.000000
613.000000 197.000000
449.000000 60.000000
422.000000 54.000000
563.000000 287.000000
426.000000 69.000000
1187.000000 354.000000
667.000000 57.000000
511.000000 26.000000
841.000000 620.000000
653.000000 510.000000
430.000000 510.000000
762.000000 653.000000
378.000000 556.000000
728.000000 637.000000
695.000000 494.000000
311.000000 546.000000
1148.000000 476.000000
1151.000000 304.000000
1137.000000 79.000000
474.000000 427.000000
513.000000 48.000000
414.000000 290.000000
622.000000 207.000000
750.000000 557.000000
551.000000 245.000000
518.000000 346.000000
1192.000000 325.000000
752.000000 367.000000
577.000000 478.000000
853.000000 512.000000
734.000000 556.000000
615.000000 421.000000
1143.000000 625.000000
828.000000 580.000000
770.000000 561.000000
552.000000 32.000000
744.000000 68.000000
729.000000 348.000000
1197.000000 632.000000
1255.000000 515.000000
647.000000 327.000000
743.000000 326.000000
465.000000 353.000000
325.000000 546.000000
533.000000 408.000000
668.000000 546.000000
234.000000 632.000000
714.000000 592.000000
854.000000 681.000000
459.000000 57.000000
445.000000 49.000000
679.000000 411.000000
891.000000 673.000000
647.000000 578.000000
449.000000 312.000000
715.000000 214.000000
680.000000 57.000000
406.000000 50.000000
741.000000 344.000000
360.000000 453.000000
797.000000 661.000000
441.000000 290.000000
443.000000 345.000000
518.000000 301.000000
1148.000000 486.000000
336.000000 497.000000
1175.000000 617.000000
758.000000 568.000000
648.000000 496.000000
684.000000 492.000000
668.000000 389.000000
643.000000 192.000000
1154.000000 284.000000
426.000000 381.000000
337.000000 540.000000
425.000000 250.000000
576.000000 406.000000
696.000000 68.000000
192.000000 582.000000
861.000000 450.000000
208.000000 588.000000
695.000000 244.000000
1128.000000 695.000000
670.000000 556.000000
506.000000 297.000000
539.000000 419.000000
665.000000 39.000000
639.000000 541.000000
496.000000 294.000000
86.000000 694.000000
629.000000 182.000000
1152.000000 550.000000
684.000000 77.000000
686.000000 600.000000
692.000000 619.000000
751.000000 340.000000
853.000000 671.000000
720.000000 371.000000
586.000000 415.000000
700.000000 533.000000
866.000000 425.000000
582.000000 379.000000
837.000000 610.000000
678.000000 581.000000
196.000000 561.000000
879.000000 622.000000
474.000000 380.000000
667.000000 373.000000
692.000000 58.000000
562.000000 277.000000
696.000000 636.000000
598.000000 411.000000
418.000000 424.000000
345.000000 609.000000
806.000000 570.000000
602.000000 381.000000
847.000000 642.000000
580.000000 368.000000
723.000000 244.000000
674.000000 77.000000
455.000000 333.000000
680.000000 67.000000
293.000000 444.000000
663.000000 515.000000
748.000000 416.000000
