-1.000000 -1.000000
-1.000000 -1.000000
-1.000000 -1.000000
847.494507 202.557312
-1.000000 -1.000000
306.531067 460.105316
1175.950439 288.874237
500.733612 211.227722
-1.000000 -1.000000
1208.230713 291.923370
-1.000000 -1.000000
441.039215 106.626999
-1.000000 -1.000000
-1.000000 -1.000000
394.489105 413.128540
1207.018555 293.842590
1127.449097 194.466354
705.797607 407.338531
226.435211 434.191010
1210.294312 127.439987
-1.000000 -1.000000
1103.833008 142.965363
1165.019531 311.729614
324.758392 410.931671
391.956238 275.637115
250.388535 509.080170
373.828125 317.859253
459.656616 265.745209
-1.000000 -1.000000
292.681763 305.738373
652.136597 317.760437
-1.000000 -1.000000
718.129456 322.692352
697.215393 141.366547
625.953308 338.800201
-1.000000 -1.000000
808.553040 312.380066
320.205109 364.685974
307.011841 393.455658
-1.000000 -1.000000
-1.000000 -1.000000
184.558197 520.398987
-1.000000 -1.000000
1107.699707 192.812561
254.804657 383.228760
760.973022 408.938416
-1.000000 -1.000000
352.411011 189.697525
355.525635 274.612854
185.741745 499.308716
-1.000000 -1.000000
-1.000000 -1.000000
425.891998 190.175034
-1.000000 -1.000000
276.330872 439.852081
851.260193 408.383972
-1.000000 -1.000000
316.373566 259.247223
377.047333 422.757111
383.684631 238.389252
-1.000000 -1.000000
-1.000000 -1.000000
332.952423 384.014313
848.575928 182.674942
-1.000000 -1.000000
858.721497 377.335449
427.666870 333.882812
359.751221 478.865570
396.813934 393.155670
357.423767 496.558258
-1.000000 -1.000000
482.971893 174.109604
-1.000000 -1.000000
255.003098 363.826477
740.042114 197.678436
856.034119 319.410126
659.882446 289.975891
606.535645 131.830917
707.196655 377.986603
288.684235 399.916656
605.651245 88.573891
717.626221 172.794067
508.310272 248.953033
-1.000000 -1.000000
443.423828 281.964417
373.870392 148.078354
460.810455 245.762451
-1.000000 -1.000000
828.871826 317.351288
-1.000000 -1.000000
698.898193 324.335114
1128.654541 105.331017
1222.200562 235.186996
-1.000000 -1.000000
298.066254 442.863800
819.675476 281.673889
-1.000000 -1.000000
353.201904 308.436371
681.696838 65.273491
687.669128 379.467773
-1.000000 -1.000000
-1.000000 -1.000000
-1.000000 -1.000000
317.358032 239.270615
268.964020 494.084229
672.153748 322.426392
339.623138 352.869537
732.197632 409.151642
-1.000000 -1.000000
1156.830566 292.772003
-1.000000 -1.000000
-1.000000 -1.000000
-1.000000 -1.000000
-1.000000 -1.000000
418.628815 170.134171
742.884521 371.704498
-1.000000 -1.000000
640.468262 293.569458
354.963226 459.892975
-1.000000 -1.000000
357.862000 336.103607
841.321167 223.247391
425.267578 314.616150
-1.000000 -1.000000
717.286316 425.959778
699.611267 286.358765
-1.000000 -1.000000
-1.000000 -1.000000
-1.000000 -1.000000
-1.000000 -1.000000
1150.004639 191.192078
-1.000000 -1.000000
398.251129 142.246948
402.043610 221.893311
401.348785 194.818130
-1.000000 -1.000000
880.107239 363.742767
-1.000000 -1.000000
843.472229 280.136597
-1.000000 -1.000000
-1.000000 -1.000000
341.108276 403.023926
680.119019 288.330658
-1.000000 -1.000000
686.989563 407.426361
-1.000000 -1.000000
-1.000000 -1.000000
-1.000000 -1.000000
839.220032 378.398376
870.692078 409.153534
-1.000000 -1.000000
373.828522 127.396103
-1.000000 -1.000000
425.753052 352.702972
-1.000000 -1.000000
290.580994 479.140106
637.832092 144.615891
413.383362 411.237976
864.389954 338.337036
-1.000000 -1.000000
648.318970 348.990234
-1.000000 -1.000000
407.459747 255.534653
257.945618 402.678040
604.876709 338.545441
-1.000000 -1.000000
-1.000000 -1.000000
418.532227 211.057297
679.956421 45.292484
-1.000000 -1.000000
395.429291 123.051956
-1.000000 -1.000000
1129.203369 214.142441
-1.000000 -1.000000
208.077988 441.332733
678.285461 147.505997
799.559265 275.727722
1125.266357 126.066177
333.243500 323.240540
724.276001 341.144836
-1.000000 -1.000000
-1.000000 -1.000000
-1.000000 -1.000000
447.395752 202.974457
-1.000000 -1.000000
624.483276 319.104187
270.462067 461.515076
274.566498 312.450531
334.309296 196.476135
827.121033 200.475464
1138.911255 81.885414
1124.436157 174.951447
1226.732788 214.331360
-1.000000 -1.000000
-1.000000 -1.000000
370.566345 181.051376
767.377808 427.279114
584.797241 92.404541
-1.000000 -1.000000
-1.000000 -1.000000
702.948120 115.745964
-1.000000 -1.000000
-1.000000 -1.000000
-1.000000 -1.000000
-1.000000 -1.000000
885.982300 383.740143
479.120697 268.263306
650.599182 364.840759
1183.025635 309.695770
237.854111 528.303284
-1.000000 -1.000000
738.540039 171.923645
-1.000000 -1.000000
-1.000000 -1.000000
371.447937 297.212280
678.572144 341.780304
-1.000000 -1.000000
-1.000000 -1.000000
566.294739 282.177399
-1.000000 -1.000000
452.903259 220.992004
-1.000000 -1.000000
-1.000000 -1.000000
493.914551 53.315987
-1.000000 -1.000000
-1.000000 -1.000000
1148.191650 299.911163
-1.000000 -1.000000
373.402222 94.721672
-1.000000 -1.000000
305.315674 415.386658
835.732239 260.549957
825.709534 185.338593
-1.000000 -1.000000
-1.000000 -1.000000
1145.065552 261.678436
295.251160 325.475311
-1.000000 -1.000000
510.250977 181.500870
-1.000000 -1.000000
-1.000000 -1.000000
-1.000000 -1.000000
-1.000000 -1.000000
-1.000000 -1.000000
-1.000000 -1.000000
-1.000000 -1.000000
176.922714 479.683929
-1.000000 -1.000000
1190.496216 131.940842
-1.000000 -1.000000
245.364349 344.738739
-1.000000 -1.000000
363.822906 252.287872
-1.000000 -1.000000
398.556396 172.892334
839.979065 342.144653
-1.000000 -1.000000
-1.000000 -1.000000
-1.000000 -1.000000
-1.000000 -1.000000
763.943787 384.506531
460.941071 174.943710
760.200073 196.617981
-1.000000 -1.000000
-1.000000 -1.000000
353.904083 210.209518
664.174316 69.596176
-1.000000 -1.000000
-1.000000 -1.000000
-1.000000 -1.000000
-1.000000 -1.000000
619.491394 166.550262
719.933411 292.570587
743.588562 426.565887
1150.486450 299.004242
-1.000000 -1.000000
-1.000000 -1.000000
-1.000000 -1.000000
-1.000000 -1.000000
-1.000000 -1.000000
-1.000000 -1.000000
685.861206 358.116425
-1.000000 -1.000000
557.159180 156.431107
-1.000000 -1.000000
326.338806 453.998657
-1.000000 -1.000000
-1.000000 -1.000000
482.910461 227.020554
-1.000000 -1.000000
-1.000000 -1.000000
-1.000000 -1.000000
-1.000000 -1.000000
324.968414 277.866333
623.368591 444.587921
-1.000000 -1.000000
699.455017 82.635895
787.173645 412.633331
681.546082 120.988968
-1.000000 -1.000000
549.269226 246.179962
745.972595 323.925568
-1.000000 -1.000000
1096.764160 162.793442
394.583771 309.722748
639.173096 273.985626
-1.000000 -1.000000
-1.000000 -1.000000
-1.000000 -1.000000
-1.000000 -1.000000
-1.000000 -1.000000
-1.000000 -1.000000
697.570862 428.122711
-1.000000 -1.000000
602.528625 318.244690
-1.000000 -1.000000
353.694000 423.304749
600.829529 112.102287
370.169525 67.991722
763.776489 320.136810
1157.567139 169.998184
498.808594 158.089661
-1.000000 -1.000000
408.390778 275.250336
-1.000000 -1.000000
-1.000000 -1.000000
-1.000000 -1.000000
590.648743 300.599457
-1.000000 -1.000000
-1.000000 -1.000000
-1.000000 -1.000000
1110.032104 211.207520
-1.000000 -1.000000
824.283386 360.623810
737.444519 216.851181
-1.000000 -1.000000
-1.000000 -1.000000
534.962708 163.566040
-1.000000 -1.000000
-1.000000 -1.000000
-1.000000 -1.000000
-1.000000 -1.000000
301.814301 375.862885
761.301575 216.163193
701.792969 63.668804
-1.000000 -1.000000
462.759308 285.933105
-1.000000 -1.000000
-1.000000 -1.000000
419.870026 382.738831
658.641907 414.598755
676.989624 269.997742
397.921570 71.636269
1148.485840 102.991196
319.637695 344.539490
211.650391 462.017059
-1.000000 -1.000000
-1.000000 -1.000000
-1.000000 -1.000000
1215.266846 60.014660
-1.000000 -1.000000
244.949493 483.606567
-1.000000 -1.000000
-1.000000 -1.000000
-1.000000 -1.000000
-1.000000 -1.000000
-1.000000 -1.000000
294.159302 269.866425
-1.000000 -1.000000
446.326202 38.590374
584.391235 340.089294
700.219910 344.521271
-1.000000 -1.000000
205.970886 421.983551
569.794861 303.305542
-1.000000 -1.000000
806.765930 408.778412
378.310394 453.495300
-1.000000 -1.000000
231.201874 393.667847
-1.000000 -1.000000
664.344971 384.964142
856.563416 358.176849
876.230347 318.306885
1209.586182 147.293869
821.121399 261.895538
627.760132 423.206848
560.359131 99.639961
-1.000000 -1.000000
-1.000000 -1.000000
738.871887 150.183929
-1.000000 -1.000000
658.444275 271.073364
715.503296 214.043594
351.001526 160.675507
-1.000000 -1.000000
-1.000000 -1.000000
-1.000000 -1.000000
-1.000000 -1.000000
-1.000000 -1.000000
-1.000000 -1.000000
161.125015 528.335876
-1.000000 -1.000000
-1.000000 -1.000000
-1.000000 -1.000000
-1.000000 -1.000000
-1.000000 -1.000000
443.047180 262.122131
583.667847 133.581711
756.966064 362.833893
436.963898 163.410461
-1.000000 -1.000000
-1.000000 -1.000000
-1.000000 -1.000000
350.282501 254.828979
-1.000000 -1.000000
299.037506 234.827698
657.863220 42.634083
1172.025146 189.543991
-1.000000 -1.000000
-1.000000 -1.000000
-1.000000 -1.000000
626.044861 402.032501
563.204773 78.660141
304.966156 508.615051
-1.000000 -1.000000
805.311340 364.315521
269.548462 344.671509
458.195374 58.132023
-1.000000 -1.000000
271.958771 293.436951
1137.420898 241.242493
338.246765 425.988953
-1.000000 -1.000000
657.596008 122.538979
-1.000000 -1.000000
-1.000000 -1.000000
582.533447 322.537048
-1.000000 -1.000000
236.821991 358.923492
356.236206 121.234665
360.738983 360.167633
627.449463 127.128098
-1.000000 -1.000000
396.382080 457.856323
-1.000000 -1.000000
-1.000000 -1.000000
-1.000000 -1.000000
-1.000000 -1.000000
-1.000000 -1.000000
533.386597 259.798889
337.176300 499.523010
-1.000000 -1.000000
-1.000000 -1.000000
379.966492 205.144852
-1.000000 -1.000000
-1.000000 -1.000000
-1.000000 -1.000000
675.603149 101.236916
209.104416 481.555359
429.687775 390.452332
1201.097412 101.160393
-1.000000 -1.000000
1149.569336 281.922974
-1.000000 -1.000000
-1.000000 -1.000000
1206.063232 203.596054
720.559814 79.966415
-1.000000 -1.000000
446.916840 335.384918
337.045502 220.441833
290.796234 509.449432
-1.000000 -1.000000
778.786255 361.476501
470.784271 205.750763
-1.000000 -1.000000
-1.000000 -1.000000
578.528992 107.781776
405.057098 434.741180
-1.000000 -1.000000
413.934906 335.868500
-1.000000 -1.000000
-1.000000 -1.000000
462.165588 307.889984
-1.000000 -1.000000
431.241089 243.667587
651.335510 100.216072
-1.000000 -1.000000
-1.000000 -1.000000
-1.000000 -1.000000
-1.000000 -1.000000
454.972717 143.101196
-1.000000 -1.000000
645.650513 397.407074
-1.000000 -1.000000
559.454590 118.910744
-1.000000 -1.000000
-1.000000 -1.000000
-1.000000 -1.000000
595.103210 361.474701
