1192.733032 241.878372
1191.872192 653.015991
239.605972 626.974487
-1.000000 -1.000000
1115.737427 689.994873
1185.989624 621.416626
1200.142334 584.932495
-1.000000 -1.000000
1103.356812 660.251099
643.761536 426.683624
1150.523438 620.159546
500.051056 414.621613
1227.753296 262.533295
1061.896606 690.408508
1133.221436 665.488281
1183.781860 271.774780
640.445007 382.673218
1214.848389 199.234146
188.499359 655.021484
659.878418 651.667236
1072.895996 681.824402
381.119171 449.282806
1164.812500 611.341980
1166.053711 670.741943
634.803589 416.022186
174.780945 592.771423
1128.583740 432.740417
282.821442 572.301392
345.097321 493.948120
-1.000000 -1.000000
590.908936 551.078735
1201.274902 468.304749
463.605713 303.262268
603.871338 568.468140
614.518127 346.642456
1182.763550 586.684875
484.449860 364.551270
402.606567 440.000153
562.348145 424.590790
296.626160 519.132019
360.219025 585.015625
-1.000000 -1.000000
267.393982 561.462341
459.605164 449.741669
356.276306 564.027100
216.024841 598.969177
275.047089 473.966095
734.600647 581.185669
436.578705 221.119843
305.930756 567.054565
1196.993774 167.645386
617.612915 316.557556
-1.000000 -1.000000
1123.288330 588.709534
434.590515 380.442596
-1.000000 -1.000000
164.796188 586.916321
704.279724 434.204437
1157.333252 342.272095
1120.688354 524.413696
1106.527466 502.378601
1113.006836 512.948425
104.467773 664.121460
-1.000000 -1.000000
695.195801 563.869812
552.141541 48.385704
-1.000000 -1.000000
1108.300781 462.806610
590.535583 226.602722
294.598602 552.707336
260.283508 550.774780
452.524017 434.985962
1164.244385 309.632751
212.714325 537.568359
586.285767 420.683350
1168.348755 343.472260
796.498596 574.664124
293.461365 675.787842
390.393219 404.437744
265.063568 468.777100
821.707886 678.134949
695.728394 574.437744
362.626831 370.979401
1204.962036 189.948318
727.955750 375.991119
439.954285 458.308929
1197.510254 226.405685
378.809113 439.789459
1148.251099 403.691589
-1.000000 -1.000000
1179.144287 653.954468
343.738251 471.567139
306.697845 425.457764
637.463013 547.016663
1178.082520 377.804077
243.582794 597.858093
711.758057 620.631531
403.298798 58.897095
1118.518311 167.937073
1230.648804 238.766388
721.524292 661.800598
1174.444458 300.231598
839.629822 592.212646
340.869415 589.289612
352.708801 366.387817
748.470276 446.271057
759.988586 681.773010
1155.762817 393.696686
318.356262 474.051880
352.358002 436.939209
274.756897 463.175354
1141.661377 413.366608
405.927948 366.310455
723.122253 673.221313
697.903259 379.983734
-1.000000 -1.000000
390.935547 430.895050
362.489929 360.543732
174.394684 582.003662
587.366882 200.949371
112.155510 629.948120
1205.138306 205.018921
366.377289 437.383759
683.289551 518.663147
504.200684 435.725677
151.882507 685.120361
432.315308 363.538147
588.953186 431.081696
698.726746 585.780579
643.773560 438.849701
448.660553 219.813446
669.596619 668.822205
233.682877 591.484375
1149.006104 370.262695
714.286133 435.953308
494.074493 308.550659
389.245270 329.020020
1131.665405 654.705566
633.666138 510.549957
714.173767 380.244598
571.025452 117.375870
1117.775146 139.959808
1130.979736 644.609131
715.105774 310.443909
-1.000000 -1.000000
474.769409 296.493958
629.599731 312.126068
510.876953 406.709045
699.007935 617.400513
1189.083740 262.869049
792.894043 532.140564
1111.102661 99.235359
1155.676880 351.847443
1131.561890 422.149170
217.430557 506.851166
707.454834 291.567047
800.532593 594.561035
613.573669 213.131744
1184.192261 297.438995
619.695374 200.946838
688.904114 214.043015
-1.000000 -1.000000
556.903381 120.440491
725.589417 683.453979
309.170624 400.340302
472.610382 321.352570
301.789673 644.193237
406.207397 502.865479
684.244324 191.295792
663.578003 611.101562
484.021301 219.906235
445.586731 380.353699
437.406586 63.576565
546.431641 320.465851
729.852234 416.798309
593.122131 216.532761
431.006897 76.464241
404.116974 70.012642
541.268860 305.544098
407.951019 84.950783
1162.465942 384.050659
650.574158 78.832306
493.890320 43.630081
815.199463 644.413025
628.707764 530.965820
402.861572 526.786804
736.107056 676.656311
348.753876 573.174133
701.006348 659.424377
670.548706 516.239319
280.603302 562.711365
1122.656128 504.405548
1127.769897 333.584961
1116.374878 110.608444
448.601715 444.745392
495.005798 66.226601
391.510498 306.219360
602.587708 226.463593
724.963074 580.127380
529.952576 262.793060
495.183960 363.264343
1168.403687 355.657684
729.766907 389.379974
552.591309 497.452026
828.121338 536.107910
709.583191 579.013489
590.905945 440.457489
1116.421631 653.618286
801.762512 603.899536
744.744324 584.388855
535.753845 51.610634
725.663391 91.021385
707.100586 370.374725
1169.158936 661.171082
1227.523438 546.102844
625.244385 346.726776
722.018677 347.801788
440.873749 369.839569
294.031830 562.724548
508.969269 426.722900
641.622803 567.648499
202.667938 647.516479
687.866943 615.137939
-1.000000 -1.000000
441.036285 73.782204
427.351013 65.376556
656.337280 432.273010
-1.000000 -1.000000
621.722046 599.356689
424.948303 328.101501
694.597839 235.146881
662.732910 79.064911
387.816925 65.035652
719.376587 366.205444
333.479675 468.517090
770.569397 685.149048
417.605804 306.564270
420.149780 360.757111
496.224396 319.039093
1123.018555 514.902283
309.186523 512.666809
1149.294800 645.641479
732.805725 591.186340
623.813782 517.036438
659.450317 513.874634
645.833191 410.068512
623.905823 212.213409
1130.596191 314.092072
402.796631 397.168884
307.484070 556.893616
402.928772 263.928101
552.584839 425.294250
678.959351 89.840378
158.984009 597.433594
837.704773 474.108276
174.505753 603.821106
674.406921 264.361938
-1.000000 -1.000000
643.441406 577.227905
484.715363 314.943207
515.506348 437.522095
648.702393 61.402554
614.832275 562.550659
473.328827 310.943848
-1.000000 -1.000000
609.710449 201.704987
1125.661743 579.320435
666.128601 99.210007
660.421204 622.330750
666.122253 642.219971
728.709900 361.678009
-1.000000 -1.000000
697.405518 391.997681
562.225647 434.486145
674.766479 555.011597
842.915710 449.275238
557.444641 398.519073
811.535339 634.879700
651.645508 602.281555
165.127930 575.058838
852.764343 647.452881
447.802094 396.205170
647.395630 393.650665
675.733276 81.185509
540.724304 296.712402
670.106018 658.422058
574.752930 430.675293
391.566589 440.825531
314.588898 627.179077
780.964783 594.136902
579.826050 400.907104
820.739929 666.475403
555.686523 388.123901
702.029053 267.219360
656.992004 99.475609
431.292328 350.990295
662.499207 89.213081
266.538391 458.359039
638.266968 536.150818
726.281006 437.744263
