1127.346802 319.522156
1195.337158 228.486664
1187.527222 638.794678
841.889526 462.810822
1185.877930 167.834305
249.206284 624.378845
1156.831177 609.847534
501.908325 407.198212
1207.145142 190.238541
1188.622437 616.386414
1155.235107 341.484436
465.796173 296.836334
637.175049 410.211945
763.954285 126.286018
349.883942 588.680969
1199.588623 582.086670
1119.213867 504.133972
668.936157 644.113403
176.555939 581.533569
1205.155640 455.516022
1118.576172 153.403625
1101.810181 449.700989
1143.917480 631.195740
278.612640 573.993286
377.431030 449.580444
180.250870 660.711548
352.032715 489.793671
448.089325 451.201752
1176.518433 596.349304
275.836853 463.030060
631.000793 539.844116
596.268005 230.831360
696.154175 558.586121
703.938171 376.230286
600.076843 557.072754
-1.000000 -1.000000
788.300232 565.236206
286.336761 525.257996
266.280914 553.600403
644.626587 429.677307
401.301697 58.747066
110.464226 660.206543
-1.000000 -1.000000
1098.010620 498.961365
216.997101 531.710510
724.500244 657.393005
1155.556030 298.567719
362.499603 359.809845
344.787842 440.328918
116.266174 639.500793
-1.000000 -1.000000
439.247986 222.826859
431.828583 372.175293
1185.898193 260.841064
226.588440 594.599365
816.733826 673.200500
1181.013184 577.335388
308.645874 419.660889
331.446014 595.052002
378.582062 411.207062
1109.333496 652.277405
-1.000000 -1.000000
292.979126 550.152710
842.650085 443.732452
723.267700 371.434509
826.771057 642.571838
403.328644 513.481262
300.674713 651.537842
355.888367 568.856995
294.146393 668.959839
1118.638062 135.059738
488.972656 365.821503
763.851807 107.760437
220.816772 513.662354
736.945740 435.038452
832.121704 579.160950
641.668823 514.176819
616.916687 348.470551
672.915894 612.911926
248.377579 554.348450
627.517395 309.365143
719.502686 407.922485
498.390808 443.463074
-1.000000 -1.000000
429.939087 464.159058
391.053955 323.040863
452.206238 431.225616
1135.336060 342.985474
808.038635 573.224670
1127.160156 656.107544
675.923645 555.009521
1128.725220 417.854767
1207.485840 562.688354
1175.173706 294.344849
246.955383 600.167542
802.271423 536.262878
1100.076416 98.225258
334.775146 474.835663
701.149536 299.662750
652.833008 609.499695
542.898071 55.538780
1206.883301 651.022522
646.616577 386.748993
312.282715 401.582886
203.712463 650.448547
649.980652 547.988831
309.085083 516.912048
694.207581 649.980286
431.358826 72.554398
1137.243774 611.795471
-1.000000 -1.000000
-1.000000 -1.000000
-1.000000 -1.000000
713.964539 84.451134
428.654755 352.272552
708.395996 612.262451
474.690765 315.925873
621.820801 513.701233
300.285004 632.107178
581.390076 426.257416
334.100983 504.358307
832.611145 481.818085
405.985413 494.210510
1169.557861 370.788849
675.751099 663.774780
680.144043 516.215393
1175.596680 241.457367
1119.766846 99.637054
563.808960 112.986702
110.352043 680.054504
1137.500610 506.380615
295.333710 458.705139
414.209290 320.535217
402.244141 398.963409
408.466187 371.390564
753.419495 146.292145
848.505859 631.560486
1168.440796 656.927490
823.894287 536.792908
650.148376 90.036667
607.984985 209.523499
299.845215 570.150269
660.839661 515.547668
712.445435 429.404480
649.496399 642.657532
681.702454 216.404022
562.467285 422.419128
-1.000000 -1.000000
806.923706 639.539307
836.072571 677.131653
1213.415771 243.576920
392.581970 304.988800
196.343582 577.809387
399.525787 531.049072
521.331421 436.528198
230.709915 639.858337
645.861572 366.416931
368.634827 588.938354
837.860168 599.124512
1131.557373 300.458344
620.554626 570.792969
734.867126 583.261719
399.532013 433.513794
217.004395 551.352295
580.172607 554.412170
1123.560425 632.818542
1098.816284 156.372025
423.050537 390.777283
701.451233 281.196167
536.392456 310.122345
414.489655 302.452911
670.035217 88.388214
1118.994751 522.626953
1149.548462 363.722382
157.653564 585.887573
685.187317 379.511963
782.452271 526.387085
1122.474487 438.293243
313.261017 485.161194
699.212646 578.153870
699.852905 404.839600
588.662598 208.486557
404.655212 78.902985
449.651093 387.332916
1210.550415 263.276031
598.622681 537.967529
216.693924 614.812988
257.280670 467.477600
343.963104 364.398376
821.525635 460.548340
1141.555298 395.827271
1117.778564 484.845734
1212.331177 544.503540
743.608521 121.698357
381.295227 62.120647
380.840607 354.069214
728.165466 676.614258
605.403198 311.366058
176.456619 601.342590
644.986328 70.963615
713.744934 350.916016
567.814575 385.064728
493.495697 309.785461
1187.603149 659.076660
618.738464 231.297821
851.282166 650.872986
467.308746 455.396057
622.261597 589.347717
1164.150269 632.187805
163.589325 679.006042
1212.841675 224.147003
737.676941 409.289429
489.018768 222.593613
793.453125 597.127197
354.830933 466.316010
649.208862 567.906372
1119.446411 173.181442
1187.393311 208.953247
554.085938 489.542542
583.839539 407.245667
450.887299 404.245544
679.900940 197.631683
717.887268 105.122292
523.768494 253.583832
-1.000000 -1.000000
599.432190 576.496765
1157.211060 584.382751
574.984497 227.720001
400.727234 269.967804
1089.660767 652.031738
259.084686 576.303345
818.989197 517.310364
821.196350 443.739624
488.898987 56.818184
693.131165 425.476227
1128.830322 575.202087
275.570587 482.528412
-1.000000 -1.000000
516.765320 376.616913
-1.000000 -1.000000
564.810181 53.942951
-1.000000 -1.000000
-1.000000 -1.000000
1107.841797 320.156921
314.429871 550.826538
524.026245 56.517429
110.107018 619.788330
534.132996 291.055023
1185.341675 458.408142
1146.360474 321.291595
215.148468 494.220062
1175.199585 342.922424
356.283813 419.588837
544.783936 119.677895
411.193481 351.223541
811.518066 598.749756
591.141052 444.634644
741.952576 105.536797
1165.737671 274.332428
1186.642090 148.140778
727.410095 627.663818
466.952362 366.139679
756.314941 435.554504
541.451355 390.875092
543.677795 423.142090
361.887207 379.307892
688.606018 300.884918
497.293304 75.724754
-1.000000 -1.000000
625.811707 209.108429
1150.078369 652.390198
625.383911 387.713013
699.565308 525.491455
705.576355 670.040100
1187.721436 552.848938
511.117310 219.610886
484.777283 288.329041
-1.000000 -1.000000
607.804016 190.955551
537.453552 328.983582
-1.000000 -1.000000
653.530884 587.303894
317.703674 572.796387
563.814697 359.503357
-1.000000 -1.000000
274.688019 619.294495
525.378967 415.133942
675.994202 256.895203
479.631927 414.604004
1161.324829 390.151611
-1.000000 -1.000000
1186.924805 187.774658
624.548096 93.914902
317.177856 439.333923
574.637024 668.209229
1089.394409 671.710022
717.415771 317.889160
749.270935 665.538208
692.044250 351.110474
694.143982 109.530029
540.309937 448.435852
720.653992 564.499878
1118.286011 596.058838
1098.036743 469.386139
378.539337 484.953949
624.760010 494.676819
730.947449 351.828369
-1.000000 -1.000000
1109.510498 573.135254
409.988342 96.988167
665.621338 73.250694
625.129700 429.049927
656.500122 664.364868
453.887085 317.662781
583.477051 530.244141
689.298584 90.395424
304.177521 590.831543
613.690369 330.204956
402.073486 252.478836
737.644104 564.298340
1137.437622 486.485046
507.866760 349.920197
469.563232 220.571564
399.998047 452.757141
580.432495 189.152588
588.125610 382.750854
1103.390137 119.620888
575.604675 509.791229
1206.684692 169.798721
416.054199 213.410736
498.916260 288.023163
1099.443970 517.821716
697.423584 233.560532
796.876831 614.029297
737.554626 454.258942
-1.000000 -1.000000
-1.000000 -1.000000
540.171082 362.382355
663.871155 107.419006
563.029053 441.249146
669.151978 310.294403
699.483032 260.041870
267.338074 531.438416
755.953247 455.639709
720.326782 299.705872
1189.745972 374.368530
449.698120 468.170868
761.984070 588.336426
1152.755859 537.516846
368.632355 550.671997
622.679810 643.717957
659.949219 497.366119
428.537354 254.327103
1148.674927 418.875854
287.503967 505.538483
155.619431 608.675720
646.430908 448.478058
679.862244 179.709366
695.518433 444.861938
1212.878906 394.628204
493.983337 328.669067
179.594299 635.804077
697.686279 129.096878
-1.000000 -1.000000
-1.000000 -1.000000
1068.484253 661.815491
-1.000000 -1.000000
290.604004 419.241333
618.818298 58.639370
486.830139 238.804993
559.671631 551.848450
678.486633 575.322021
-1.000000 -1.000000
157.261353 566.112488
554.714722 510.353973
386.067078 81.928421
765.592041 664.952271
322.844208 630.942810
470.950500 78.193947
199.095306 529.154236
-1.000000 -1.000000
632.705505 610.694397
822.932739 623.267883
851.997925 579.170227
1205.331665 475.147858
800.038879 516.935547
582.537354 647.166321
577.459229 286.360962
1110.025757 303.143097
647.861816 107.757088
741.778442 390.633850
775.824402 146.016129
645.194214 495.862152
711.892578 447.703705
371.553253 324.647583
-1.000000 -1.000000
-1.000000 -1.000000
777.266602 598.938049
555.390137 205.840286
660.375000 410.378540
451.469635 89.737419
92.337646 656.398315
541.585327 144.367416
-1.000000 -1.000000
434.350555 91.173691
612.707092 123.471680
752.257568 242.941376
430.841278 445.246490
594.247742 337.732574
728.573181 604.660400
446.870239 352.990082
1088.577271 632.617859
661.262939 257.514069
485.850250 188.068741
339.402618 420.249847
733.891602 82.461273
294.564697 396.214203
683.440857 272.098022
1170.141479 509.608978
442.596222 196.148865
737.020325 246.412491
598.631958 127.599434
583.634521 626.423279
577.116028 263.280762
243.319519 671.272156
-1.000000 -1.000000
775.330383 616.295044
236.957367 496.966064
485.767670 251.911179
1115.312866 339.999542
255.600632 448.201782
1122.829834 548.163391
294.213867 591.111938
943.715942 126.562515
670.314392 346.278137
519.208984 199.338989
-1.000000 -1.000000
564.150940 531.327148
572.341125 249.733551
203.139206 508.456451
375.226868 298.452698
327.810944 527.340637
637.559387 342.090271
1011.646790 666.879517
343.336060 632.355591
-1.000000 -1.000000
701.080017 221.165253
529.988953 235.334518
1200.567139 285.844269
1167.760620 318.164001
519.593872 454.977173
268.618744 667.793091
703.059509 145.789993
936.330383 64.478081
385.932098 378.599579
552.787659 292.124268
739.547546 209.398773
1093.129395 148.829834
684.802551 332.634491
148.711655 628.551453
383.977173 579.496948
1197.927490 427.845123
600.847351 425.918854
1157.305420 566.278320
680.782410 235.919327
346.510468 548.977905
1201.813232 526.507996
736.179626 320.429749
254.558411 503.416351
420.856812 518.316528
338.581787 386.697540
226.590897 667.800659
717.654358 269.899994
748.698669 606.719116
467.744995 389.770844
626.471252 179.583511
732.030396 172.882721
593.863831 323.911774
355.698669 612.615662
553.894165 158.670853
390.279053 513.980835
502.126160 114.979378
554.123047 308.999207
444.630737 489.836243
522.343933 314.225769
421.652008 425.997681
671.007629 332.105896
1100.022095 78.682594
457.392181 195.592148
515.787964 156.674362
596.252991 138.918945
474.204041 334.287140
473.730682 125.934006
618.335144 623.493408
445.149750 169.508636
577.322998 331.895264
542.126587 157.305634
764.925293 286.485565
-1.000000 -1.000000
560.616760 570.655396
