1200.130493 181.064041
1209.536011 589.149902
266.729919 601.724426
-1.000000 -1.000000
1135.133057 628.998535
1203.068970 558.579529
1216.141357 522.504700
-1.000000 -1.000000
1123.098267 599.944031
656.219666 388.222168
1168.347778 558.870056
514.225891 383.115936
1235.497437 201.451202
1082.664185 631.440186
1151.913452 603.853577
1191.619507 211.507614
652.265564 344.944366
1221.710571 137.935043
217.441437 631.425842
682.177734 608.560120
1093.428589 622.436646
398.286469 421.273407
1182.668579 549.368042
-1.000000 -1.000000
647.402344 378.943298
202.160126 570.523010
1140.031982 374.900879
307.540863 545.673462
363.885284 467.187592
-1.000000 -1.000000
610.125671 513.009033
1213.113770 407.508728
473.163574 274.566223
623.532654 529.543701
623.945862 310.112122
1199.353760 524.503723
495.554016 333.053467
418.797211 411.361420
575.117920 389.292450
317.257446 494.123840
383.061371 555.782288
-1.000000 -1.000000
290.764557 536.221863
474.381531 419.538391
378.296661 535.356018
242.446106 574.801208
294.930542 449.470734
752.179810 536.038574
441.747345 192.582062
329.828125 539.933960
1202.601929 106.568100
625.880554 281.564423
-1.000000 -1.000000
1139.334839 528.444641
446.686981 352.199066
-1.000000 -1.000000
192.223907 565.050293
717.828979 393.879150
1166.968140 283.069000
-1.000000 -1.000000
1120.308594 444.112732
1126.676758 453.429993
136.442474 643.224792
-1.000000 -1.000000
712.549988 521.630737
-1.000000 -1.000000
-1.000000 -1.000000
1120.970825 405.992767
-1.000000 -1.000000
-1.000000 -1.000000
284.495178 525.647888
467.114349 405.015137
1173.089233 251.450470
236.837479 514.644043
598.540405 384.973755
1178.327271 284.015381
814.140564 528.158875
322.247650 646.470032
404.107574 377.595093
285.432831 444.891418
-1.000000 -1.000000
714.042969 531.166321
376.248444 344.295013
1210.837158 128.537247
738.792419 334.695557
457.017426 427.656586
1204.490723 166.269562
395.215027 412.455475
1159.030151 343.932861
-1.000000 -1.000000
-1.000000 -1.000000
362.902039 444.448883
323.844666 400.730469
655.870178 507.612579
1189.260498 317.540253
270.404938 572.370361
-1.000000 -1.000000
401.190582 33.115376
1123.043213 110.404800
1238.198608 175.926086
742.706055 616.696838
1182.812744 241.579926
856.490479 542.670776
365.744659 560.145691
366.579803 340.466034
760.693604 403.232697
781.559753 633.822144
1166.212402 333.819611
336.679901 448.699585
369.836029 410.422913
293.336243 439.462555
1152.672607 354.180298
417.943115 339.017242
745.067322 626.594910
709.492737 341.116913
-1.000000 -1.000000
407.272186 403.111267
374.530151 335.011414
201.056595 559.867676
-1.000000 -1.000000
142.503708 610.175537
1212.030640 144.139877
381.896088 410.535370
-1.000000 -1.000000
518.806213 402.581848
183.833603 662.162964
445.360168 334.495789
601.927002 395.489777
-1.000000 -1.000000
657.558105 400.350037
454.582642 191.237274
692.318787 624.957825
260.720062 566.353210
1159.982300 311.482788
727.193237 394.918304
502.624542 277.562592
400.765137 301.646271
1149.671753 593.399597
650.864136 472.294464
724.496887 340.150665
570.980469 83.935280
1122.250488 82.792038
1149.740601 583.321106
722.414124 270.380493
-1.000000 -1.000000
484.288940 267.122650
639.330811 275.514526
525.233276 374.803314
719.817688 574.248657
1196.708374 202.954407
809.291016 486.849487
1114.187622 41.503136
1166.121826 292.591980
1143.117676 363.415283
239.900436 485.340027
714.294922 252.997360
818.515442 547.202515
618.809814 178.251892
1193.086060 237.926727
622.880005 164.700150
691.174072 175.049484
-1.000000 -1.000000
557.883301 86.423485
748.164673 636.985413
325.248108 376.607269
482.866608 291.118561
329.303680 616.149963
425.084381 473.883362
686.875427 152.984619
684.054993 569.074890
490.476166 191.325089
458.827881 351.509583
434.938202 34.717098
554.231384 287.278748
742.546570 375.756531
597.814514 182.666595
430.962250 48.953964
402.379517 42.387115
549.435120 272.627869
-1.000000 -1.000000
1172.790649 324.021942
651.180969 41.585838
-1.000000 -1.000000
835.484985 595.358643
646.853394 491.656281
423.180328 496.034515
-1.000000 -1.000000
371.882141 543.801514
723.042053 614.951050
687.565369 476.681091
304.617371 536.935303
-1.000000 -1.000000
1136.684570 275.604492
1119.414307 52.509350
463.253601 414.428802
492.918732 36.258587
401.754303 279.996643
608.404175 191.236984
743.498596 535.908264
536.065247 229.950684
507.236145 331.701721
1178.445435 296.477325
741.620728 348.450653
569.527527 461.524261
843.509644 489.577606
729.107239 535.424866
-1.000000 -1.000000
-1.000000 -1.000000
819.207764 555.900269
-1.000000 -1.000000
-1.000000 -1.000000
724.706543 49.961018
717.984436 330.846313
1187.353271 598.174316
1241.539917 484.638000
635.823975 309.913971
-1.000000 -1.000000
453.110687 340.232697
317.819916 536.526855
523.266541 394.822205
659.868958 527.090271
233.596283 622.245361
707.886169 572.237854
-1.000000 -1.000000
439.214996 46.237621
426.583710 36.889328
670.043396 393.916016
-1.000000 -1.000000
641.674377 558.284180
434.898651 300.149475
699.416931 195.943268
661.493958 41.446564
387.162140 38.102825
729.886414 325.881348
352.984558 441.462830
793.720642 637.116821
426.780518 279.864563
433.518005 331.896240
505.211334 288.503601
-1.000000 -1.000000
331.862518 485.568756
1168.939087 583.942017
750.904358 545.991699
641.636780 478.546936
675.605286 474.706543
659.299133 372.351105
627.680847 177.302444
1139.700684 256.687653
418.202606 368.485443
331.030701 530.011169
411.469299 235.099350
566.720520 391.054749
679.690186 49.923347
-1.000000 -1.000000
850.768860 426.875580
201.599091 581.396423
680.586853 225.409866
-1.000000 -1.000000
661.245178 535.784546
495.370514 284.780121
529.958130 403.891907
648.398254 24.705717
640.708679 524.023193
-1.000000 -1.000000
-1.000000 -1.000000
614.380859 165.995941
1141.964111 519.109375
665.400513 61.190769
681.581482 579.641296
687.953979 599.579102
738.312012 320.312134
-1.000000 -1.000000
709.011353 351.462830
575.526855 399.204041
692.922180 515.962891
855.723572 403.198090
568.330750 364.298584
831.202087 586.420898
671.437195 560.273987
193.082367 553.039612
871.647095 597.476868
459.179932 365.381042
-1.000000 -1.000000
676.675476 42.727859
548.608765 265.049316
693.278320 614.203857
-1.000000 -1.000000
407.535339 413.082977
341.770874 598.364136
799.074768 547.655029
594.640503 366.545776
841.863586 617.108826
566.678467 354.664978
708.614380 229.347916
658.275452 62.361851
442.577423 324.053802
662.116089 51.733212
286.774109 434.613159
655.908875 496.078766
739.975159 395.633209
