1132.999146 321.844421
1201.987427 231.047150
1191.160278 642.950256
846.372375 463.358948
1193.198608 170.264252
253.851532 619.426758
1159.528931 613.187378
507.273590 404.413971
1214.234253 192.759521
1192.404297 620.173950
1160.558350 344.039917
472.172943 293.848572
642.364685 408.617859
771.517090 125.806488
354.078094 584.899963
1203.666992 585.655640
1123.690063 507.871582
671.133301 643.511475
181.332428 576.556824
1210.847900 458.405945
1125.807251 155.304520
1106.651367 451.656036
1145.907959 634.802856
283.395477 569.794495
382.938019 446.345764
185.113144 655.317261
357.790192 485.784210
453.613403 448.347137
1179.365356 600.273560
281.213257 459.004822
634.075989 537.973389
603.138489 229.515198
700.044861 557.811096
709.030518 374.937500
602.726624 555.415833
-1.000000 -1.000000
791.386414 564.532959
292.297943 520.705627
270.999390 549.529114
649.399292 428.484589
410.187775 55.334957
113.895554 655.499084
-1.000000 -1.000000
1101.915405 501.803162
221.271622 527.883972
727.429199 656.801392
1161.704956 300.706543
368.365936 356.742035
349.170013 437.146301
120.319252 633.507080
-1.000000 -1.000000
446.703674 221.085602
437.497955 369.035736
1191.515259 263.373383
230.399887 590.033325
818.602844 673.100647
1184.351074 580.681580
313.706451 416.625641
334.562256 591.469604
385.461578 407.450226
1111.488159 655.417114
-1.000000 -1.000000
297.924316 546.155090
847.303772 443.706421
728.776367 370.678253
828.948975 642.210449
408.881012 510.096649
305.169708 647.010132
360.967987 565.040283
298.031189 665.919922
1125.887329 136.216858
495.232849 364.819397
771.417969 106.750977
225.458939 508.819733
742.408020 435.194824
836.586548 580.442444
645.196716 512.208374
622.976807 348.232971
675.432861 611.120544
251.863571 550.533264
632.712891 307.663605
723.869629 406.741302
503.962189 442.161591
-1.000000 -1.000000
434.104370 461.715271
396.576477 320.585938
457.911896 428.387054
1140.696777 345.558807
811.209656 573.840759
1130.328491 659.521606
679.937988 554.812683
1133.677612 420.456604
1211.738159 566.041321
1181.255127 296.488861
250.518219 596.598999
805.668823 535.580872
1107.500488 100.161507
339.111023 471.601044
708.139099 298.560425
655.364563 608.697571
551.282654 53.366409
1210.599243 654.792542
651.331604 385.495575
317.732117 397.657959
206.722992 646.190796
653.544983 547.374878
313.536835 513.437378
697.242188 650.297913
439.939667 69.610359
1139.720093 614.985229
-1.000000 -1.000000
-1.000000 -1.000000
-1.000000 -1.000000
723.032043 83.688889
434.070831 349.086029
711.573059 611.719666
480.214142 313.542419
625.222717 512.771179
303.988068 627.252075
587.167725 424.362091
338.487122 500.849518
838.094666 482.834595
410.808319 490.394928
1174.719238 374.169342
677.581726 663.389343
684.264404 515.020508
1182.051392 243.784180
1127.467651 101.598106
572.114014 111.461884
113.614296 675.409180
1142.646729 509.599152
301.090942 454.415955
422.108582 318.163849
407.074249 396.264038
413.878235 368.319611
762.098022 146.284180
852.008606 631.377930
1171.366333 660.879272
828.457581 536.394409
657.193237 88.176430
614.819397 207.954102
304.113007 566.178833
664.574890 513.431458
716.727295 428.436829
651.335510 641.640015
689.520996 215.288879
567.777527 420.306396
-1.000000 -1.000000
809.064392 640.134766
838.289001 678.485291
1220.663330 246.301529
398.648071 301.404572
201.358429 572.831665
404.249695 529.009705
525.266541 434.328613
234.315353 634.911133
650.619812 365.446045
373.512299 585.124817
842.243896 600.543884
1137.508057 302.457916
622.787903 569.542847
738.412476 583.055969
404.327667 430.009583
221.158859 547.696777
582.958923 553.025269
1125.643188 635.872131
1105.934814 158.576843
427.895935 388.277527
708.034912 279.168365
543.830017 307.734985
421.275360 298.734741
677.108521 87.324097
1123.425537 527.322571
1154.819458 366.580475
161.748444 581.032593
689.631775 378.420929
785.758728 526.480225
1127.320312 440.571442
318.434326 481.321960
702.148865 577.678772
704.138977 403.548706
595.217041 206.832108
413.015442 75.987823
456.459839 384.251404
1216.992310 265.975433
602.087402 535.837036
220.197357 610.049683
261.702850 463.618652
348.967560 361.313141
826.234802 460.682953
1146.158569 399.845093
1122.039062 488.081207
1217.364746 546.753540
751.371704 120.507370
390.156891 59.450737
387.804535 350.423065
729.754456 676.480164
611.930542 308.880981
181.036606 596.428467
652.402100 68.793571
718.102417 350.257172
572.264160 383.226654
499.671814 307.087769
1191.003052 663.085938
624.026611 230.591431
854.618347 651.093262
473.334015 452.457672
625.736267 589.105957
1166.041260 636.062012
167.169769 674.658691
1220.459961 226.727341
742.924072 408.060303
495.652496 219.482666
797.513550 597.634888
359.368866 464.126465
654.159119 567.856323
1126.920654 175.145264
1194.067627 211.355927
558.380493 488.628876
589.215881 404.927155
457.133057 402.954132
688.101990 195.911621
728.979614 104.058502
531.723450 252.264008
-1.000000 -1.000000
602.357849 575.313965
1159.804810 588.067566
582.667725 226.423447
406.711365 269.916656
1091.760132 654.625061
263.496033 571.738342
824.463806 516.873413
826.725281 441.786774
497.786346 54.072758
697.005310 424.298340
1132.000610 578.691833
280.849304 478.753479
-1.000000 -1.000000
520.218018 376.908356
-1.000000 -1.000000
571.763000 52.905334
-1.000000 -1.000000
1133.276611 679.051025
1113.239258 322.569244
318.671387 546.637756
531.713440 53.584801
114.853325 613.636658
539.936401 288.178223
1190.942993 461.290588
1152.061768 323.838074
221.008011 489.055115
1180.570679 345.598541
362.369934 417.432037
552.500549 118.187325
415.380951 348.312103
816.559631 600.100952
597.058167 443.831940
750.795715 101.812683
1171.357910 276.380890
1194.164307 150.440491
731.074341 628.933411
474.660675 364.311829
762.028809 435.995026
549.668579 387.730591
548.235718 420.980133
367.911804 376.390015
691.923889 300.476501
506.256592 73.564980
670.437805 430.792114
633.877625 207.573532
1152.076904 655.995056
630.794800 385.778687
703.972412 526.143799
707.588135 670.468506
1190.878052 556.565674
517.580811 216.512711
491.434570 284.768829
-1.000000 -1.000000
614.794189 188.810333
545.190063 327.226593
1049.684937 678.794189
658.748047 588.231384
322.881348 569.208862
569.000793 360.847504
-1.000000 -1.000000
276.045959 616.088135
528.276428 412.623688
683.107239 256.570892
486.275208 415.380402
1165.934814 393.753387
-1.000000 -1.000000
1194.186523 190.475266
635.075806 89.700363
322.643311 436.557129
577.449036 664.887085
1090.429688 674.479004
723.651733 317.830811
750.581848 664.516418
697.537415 352.531250
702.298889 109.415642
544.749634 447.056000
722.828369 563.399353
1120.310425 598.813782
1102.722778 471.513580
380.069122 481.705994
626.589050 493.131226
736.892456 350.748596
-1.000000 -1.000000
1112.440186 577.204224
417.530487 95.018623
672.742737 69.349876
629.556091 428.100586
658.135193 663.556213
459.984741 313.946594
584.490540 529.966797
696.795959 89.930779
311.411865 588.316772
621.275085 328.929474
411.168427 250.536728
741.394409 563.451172
1141.912598 489.656769
515.482361 353.939667
475.944977 218.711899
404.416779 449.628204
585.943970 187.145767
592.677124 382.527313
1108.294067 121.650444
577.505920 508.956726
1214.177734 172.694595
425.666443 217.535675
509.421570 284.817474
1103.611816 521.629028
705.140137 234.332764
799.117554 616.096130
742.584534 454.834625
-1.000000 -1.000000
-1.000000 -1.000000
547.408081 364.442871
671.150574 107.201180
567.895630 439.740234
672.755798 309.321808
705.730957 257.443726
271.519226 528.800598
761.579102 456.174408
727.801514 298.794830
1194.938110 378.475403
454.158661 466.854767
759.610168 587.494690
1153.667114 541.151733
372.915161 545.826843
622.199219 641.610474
664.513489 494.792999
436.640076 252.413193
1153.718872 420.886230
292.838989 500.825073
160.087875 602.273560
650.101074 448.004944
689.393127 177.233231
698.294495 444.080200
1218.881348 399.332855
499.591797 326.540405
185.485794 630.568542
705.912537 129.607162
-1.000000 -1.000000
-1.000000 -1.000000
1070.046753 664.388489
-1.000000 -1.000000
294.934692 416.897736
630.221008 58.444073
494.747772 237.519699
562.239746 550.314575
681.894714 575.871216
-1.000000 -1.000000
161.650391 561.090820
556.953064 508.831543
393.660400 79.365005
768.526794 664.353943
326.103180 627.793945
483.297913 74.559540
202.599548 526.083435
-1.000000 -1.000000
633.849976 609.695007
826.497192 622.665161
856.471497 580.591553
1211.001709 478.205261
804.329224 515.958313
585.743591 644.561707
582.330872 285.323944
1116.963867 303.401825
653.316040 107.152428
747.759705 389.060974
783.478577 145.733154
646.520874 493.149506
717.674744 447.790680
376.884583 322.111877
-1.000000 -1.000000
-1.000000 -1.000000
779.249268 598.870911
561.453796 203.977356
663.187622 408.868652
463.155060 87.213371
95.237022 651.937378
548.618530 140.214188
-1.000000 -1.000000
442.530975 88.971603
621.979797 122.568825
760.932251 244.736923
434.403656 442.233032
602.057373 345.786102
731.847961 605.943604
453.618713 345.459839
1090.632812 634.935425
666.132141 256.325287
492.916077 190.936447
342.699524 417.156677
743.020752 80.383591
299.160248 394.481537
689.286926 274.956329
1166.824341 512.341064
449.104218 199.779129
742.969177 247.952026
604.365601 126.839432
588.499329 624.200073
584.341919 264.831696
248.069199 668.598389
556.843140 677.063782
778.363892 617.805237
244.039627 492.183594
497.863281 254.352798
1120.716675 342.502747
261.167877 443.793915
1127.010986 555.168945
296.368683 587.843933
962.812317 125.743301
677.002075 348.077026
527.535095 196.616714
-1.000000 -1.000000
564.617798 529.842102
578.448486 247.086075
206.993927 505.432648
380.035767 298.039276
332.931427 524.870239
643.306030 343.385254
1011.944885 669.676025
346.684357 630.561523
-1.000000 -1.000000
709.226135 218.069489
537.025879 231.878922
1204.976685 288.391235
1173.164917 320.593018
524.326843 453.737610
274.674652 665.035828
709.822327 147.274445
955.587585 62.682854
392.801392 375.854065
559.449097 288.170166
744.476929 214.752182
1092.678345 151.683548
695.317688 332.499603
152.027908 622.257385
391.634155 573.442078
1204.343506 429.621216
606.944153 424.346252
1153.705566 568.710693
687.257751 236.426773
351.478668 544.930847
1201.574707 532.136902
742.795227 319.597992
263.071472 499.101929
427.798950 513.580200
345.449890 382.582062
229.888885 665.094727
727.003418 273.668976
752.240295 608.023071
477.014404 391.612213
634.199341 176.318069
740.467834 161.897751
600.980835 324.567505
358.676331 611.230408
562.330933 158.943344
391.204620 510.106323
513.344482 112.306137
562.343628 307.150421
447.524078 490.787994
521.821533 312.158447
424.778473 422.404083
677.023926 330.778717
1108.016113 80.383430
470.621918 194.819992
525.210938 152.805649
597.715454 149.479477
479.548370 332.838013
479.036804 121.054855
616.157715 621.309631
456.741852 157.408127
583.006409 328.649292
546.789795 165.995926
771.202026 281.475403
-1.000000 -1.000000
566.166870 571.262451
