-1.000000 -1.000000
-1.000000 -1.000000
-1.000000 -1.000000
854.649719 318.446899
-1.000000 -1.000000
294.109741 536.737366
1177.880493 427.456451
511.582703 301.453003
-1.000000 -1.000000
1209.121826 431.726685
1159.507812 164.723892
462.259491 195.917740
-1.000000 -1.000000
-1.000000 -1.000000
386.850952 494.042023
1207.843018 433.680145
1132.676514 329.389984
701.129761 511.114319
217.271851 504.042755
1216.180664 271.454681
-1.000000 -1.000000
1111.810791 278.153778
1166.499023 449.184418
316.576538 486.989441
396.591309 356.662750
232.122391 580.914307
375.476044 398.126129
464.987854 351.510742
-1.000000 -1.000000
297.070984 379.623932
653.779724 417.434357
586.174988 113.652794
718.748291 427.539551
709.843567 248.324081
626.171875 436.888885
-1.000000 -1.000000
810.110596 424.131195
316.514374 440.237946
301.292877 468.280304
-1.000000 -1.000000
-1.000000 -1.000000
165.603699 586.968201
-1.000000 -1.000000
1112.650757 326.986786
250.593124 453.193451
756.180298 517.719971
1155.675537 121.387566
367.885406 269.524261
362.341003 352.048523
168.563324 567.005859
-1.000000 -1.000000
427.612335 123.294357
439.136230 275.100647
-1.000000 -1.000000
267.182373 512.331116
847.487488 523.653564
-1.000000 -1.000000
324.611877 334.508514
369.527740 502.080811
391.674255 319.635956
-1.000000 -1.000000
-1.000000 -1.000000
327.621521 461.341095
855.436401 299.587250
-1.000000 -1.000000
855.954590 493.480530
427.868530 416.558502
345.952850 558.620117
390.376678 474.245087
342.399475 575.260620
-1.000000 -1.000000
495.670166 262.653687
-1.000000 -1.000000
252.277100 435.337677
747.777039 304.006653
855.063782 433.077606
662.983276 391.364838
620.522827 230.782715
703.816589 482.463654
283.736145 472.058350
625.187317 190.467850
728.186401 279.224976
514.109131 337.856964
-1.000000 -1.000000
448.598236 365.972748
392.358307 230.108124
467.256409 331.691071
1139.206299 167.547150
830.101440 429.491241
-1.000000 -1.000000
698.970276 426.736969
1137.433472 243.077789
1224.968018 377.200317
1177.529785 113.362129
288.149353 516.181396
822.670105 395.065796
-1.000000 -1.000000
356.904510 385.829376
699.123596 172.936844
683.875427 481.293854
-1.000000 -1.000000
-1.000000 -1.000000
-1.000000 -1.000000
326.579895 316.216583
253.625854 567.198059
673.205505 422.796112
338.075714 429.192627
726.558411 514.350891
-1.000000 -1.000000
1158.644287 430.535095
-1.000000 -1.000000
-1.000000 -1.000000
-1.000000 -1.000000
-1.000000 -1.000000
433.970886 255.346573
738.623108 477.692841
-1.000000 -1.000000
643.286865 392.667175
343.632568 539.459290
-1.000000 -1.000000
359.274902 414.323639
846.531006 338.144104
428.119659 397.577820
-1.000000 -1.000000
711.088623 530.215515
701.372681 389.545349
1167.160156 91.097984
-1.000000 -1.000000
-1.000000 -1.000000
-1.000000 -1.000000
1153.024048 329.012207
316.303802 373.687073
414.759430 225.807953
413.261414 304.125305
415.215454 277.548981
-1.000000 -1.000000
876.406921 480.977386
-1.000000 -1.000000
844.502319 394.292297
-1.000000 -1.000000
-1.000000 -1.000000
335.512909 480.526886
682.301331 390.948486
-1.000000 -1.000000
682.523560 510.687195
-1.000000 -1.000000
-1.000000 -1.000000
-1.000000 -1.000000
836.251282 492.408295
866.644348 525.072815
-1.000000 -1.000000
392.841644 211.709839
236.727371 498.916718
425.574188 433.986603
-1.000000 -1.000000
277.655548 554.216980
651.584534 245.482590
405.251556 493.116394
862.192383 452.618011
1134.256470 124.435921
647.922363 447.941254
-1.000000 -1.000000
415.429474 338.357697
252.445663 472.825165
605.704773 435.420197
-1.000000 -1.000000
-1.000000 -1.000000
431.751404 294.333221
698.438232 154.282791
-1.000000 -1.000000
414.151398 208.226593
-1.000000 -1.000000
1133.630249 347.825317
-1.000000 -1.000000
199.142731 509.772400
691.305176 252.841034
802.454895 386.868103
1132.853394 263.905243
335.916046 398.944061
724.109863 446.205902
-1.000000 -1.000000
-1.000000 -1.000000
-1.000000 -1.000000
458.298706 288.980164
-1.000000 -1.000000
624.221130 417.838348
259.674652 533.518677
279.199982 385.281433
349.914703 275.354126
834.155640 316.681641
1149.019897 219.518661
1130.057129 310.141541
1229.107056 358.653442
-1.000000 -1.000000
-1.000000 -1.000000
385.592926 262.455719
762.038696 536.061890
603.392883 193.923416
218.886719 523.776489
-1.000000 -1.000000
717.557617 222.757523
-1.000000 -1.000000
-1.000000 -1.000000
-1.000000 -1.000000
608.911621 111.622284
881.167847 500.599945
484.071259 354.620605
648.986023 464.048462
1185.417725 448.125946
218.545914 599.009888
-1.000000 -1.000000
747.321106 279.563721
477.331970 117.182068
-1.000000 -1.000000
375.773987 375.225189
675.535522 442.380432
-1.000000 -1.000000
-1.000000 -1.000000
571.272583 375.396698
-1.000000 -1.000000
461.818329 305.479279
-1.000000 -1.000000
-1.000000 -1.000000
515.899048 146.603546
-1.000000 -1.000000
-1.000000 -1.000000
1150.508667 436.541046
564.185364 111.688377
395.762848 176.396484
-1.000000 -1.000000
297.432281 490.678101
837.522766 374.968018
832.905762 301.929108
-1.000000 -1.000000
-1.000000 -1.000000
1147.838989 397.574982
298.259918 399.158173
-1.000000 -1.000000
524.871826 270.258148
-1.000000 -1.000000
-1.000000 -1.000000
-1.000000 -1.000000
-1.000000 -1.000000
-1.000000 -1.000000
-1.000000 -1.000000
-1.000000 -1.000000
160.766632 547.406494
-1.000000 -1.000000
1196.457886 275.263428
-1.000000 -1.000000
244.175217 416.089203
-1.000000 -1.000000
371.198730 330.011505
-1.000000 -1.000000
416.138733 255.877335
836.861023 454.417633
-1.000000 -1.000000
-1.000000 -1.000000
1165.599976 93.689163
-1.000000 -1.000000
758.679932 490.618530
473.057922 264.051453
767.274536 303.548828
-1.000000 -1.000000
-1.000000 -1.000000
368.415771 289.468140
685.973877 175.022614
-1.000000 -1.000000
-1.000000 -1.000000
-1.000000 -1.000000
-1.000000 -1.000000
631.934509 267.678589
721.046875 396.078522
738.764771 532.564880
1152.713013 435.980896
498.930939 112.372078
-1.000000 -1.000000
-1.000000 -1.000000
-1.000000 -1.000000
-1.000000 -1.000000
-1.000000 -1.000000
681.564697 459.595673
-1.000000 -1.000000
570.151672 248.348999
-1.000000 -1.000000
317.506653 529.843994
-1.000000 -1.000000
669.869202 132.230988
491.535339 313.653442
-1.000000 -1.000000
-1.000000 -1.000000
-1.000000 -1.000000
-1.000000 -1.000000
332.843933 353.329681
614.038391 544.452881
-1.000000 -1.000000
716.298767 190.211945
782.509094 523.380188
696.060974 224.984039
-1.000000 -1.000000
556.092529 338.324890
745.880188 430.886993
-1.000000 -1.000000
1106.981323 297.604736
400.885132 390.573914
644.593933 373.469269
-1.000000 -1.000000
-1.000000 -1.000000
-1.000000 -1.000000
-1.000000 -1.000000
-1.000000 -1.000000
-1.000000 -1.000000
691.751282 531.798340
-1.000000 -1.000000
606.286438 412.810760
-1.000000 -1.000000
342.879395 500.635834
614.932129 212.303024
393.393799 156.656265
762.765015 428.510162
1154.336914 308.867584
511.053650 244.813995
457.488617 116.144661
416.177185 357.449249
-1.000000 -1.000000
612.359436 300.936401
-1.000000 -1.000000
596.272949 394.682129
-1.000000 -1.000000
403.793457 112.161064
-1.000000 -1.000000
1114.310669 344.670929
687.763245 105.553230
823.287170 470.919891
748.065491 322.706146
-1.000000 -1.000000
-1.000000 -1.000000
546.063416 253.483566
-1.000000 -1.000000
-1.000000 -1.000000
-1.000000 -1.000000
693.731323 131.837326
298.218994 448.313110
767.865479 323.060181
718.377502 171.931366
-1.000000 -1.000000
467.978271 368.888153
-1.000000 -1.000000
-1.000000 -1.000000
411.906494 472.420929
657.044678 515.832581
679.617432 373.119476
420.660126 157.626343
1157.298828 242.388596
317.314972 420.330811
199.753571 532.501404
-1.000000 -1.000000
-1.000000 -1.000000
-1.000000 -1.000000
1222.047852 207.174988
-1.000000 -1.000000
228.550110 555.660461
-1.000000 -1.000000
-1.000000 -1.000000
-1.000000 -1.000000
-1.000000 -1.000000
-1.000000 -1.000000
304.932129 338.209259
-1.000000 -1.000000
474.340698 132.355240
585.025696 434.622253
702.160706 446.509125
-1.000000 -1.000000
197.592926 490.466125
574.098206 396.696655
-1.000000 -1.000000
799.471375 520.927979
366.738708 534.738525
-1.000000 -1.000000
230.854141 454.692047
-1.000000 -1.000000
663.984436 485.215546
851.538696 474.570129
875.128113 432.717316
1216.030151 290.973480
819.776245 375.826569
619.840088 523.227112
585.290649 197.920822
1111.778931 128.661804
-1.000000 -1.000000
748.737183 259.183960
-1.000000 -1.000000
665.007263 372.909973
723.861023 318.869110
371.438263 236.478088
-1.000000 -1.000000
-1.000000 -1.000000
-1.000000 -1.000000
542.216003 92.592674
-1.000000 -1.000000
-1.000000 -1.000000
145.242477 587.788208
540.548584 45.220074
-1.000000 -1.000000
-1.000000 -1.000000
-1.000000 -1.000000
753.825317 137.147079
449.061157 346.819183
595.923828 221.863876
755.143066 468.397003
452.124664 254.373108
-1.000000 -1.000000
654.905090 133.235367
469.074799 81.646095
357.546844 332.315979
-1.000000 -1.000000
308.534393 310.917908
678.429321 146.198486
1185.522339 328.467743
427.809235 91.831116
-1.000000 -1.000000
-1.000000 -1.000000
618.977966 502.334564
580.850952 175.955917
289.372162 582.546692
-1.000000 -1.000000
802.688599 473.896698
266.405579 417.076691
477.426544 147.391785
1117.462891 165.074188
276.456696 366.774231
1140.106567 372.674133
332.189087 501.813690
-1.000000 -1.000000
672.661072 222.574692
504.532013 91.351768
-1.000000 -1.000000
586.786865 415.542633
564.766113 135.850967
234.454681 429.675201
375.156586 204.897293
358.539978 437.528503
640.936768 223.581604
-1.000000 -1.000000
385.391205 537.161316
-1.000000 -1.000000
690.357422 93.028755
520.066711 126.810989
1201.550537 102.511185
-1.000000 -1.000000
538.356445 349.703033
317.076569 576.435608
-1.000000 -1.000000
-1.000000 -1.000000
391.801758 286.390533
-1.000000 -1.000000
-1.000000 -1.000000
-1.000000 -1.000000
686.749023 206.903671
196.297943 551.762390
420.036011 479.500305
1207.466187 245.683884
-1.000000 -1.000000
1153.402588 419.279755
671.341919 108.693237
-1.000000 -1.000000
1215.699585 342.780182
736.083252 189.028137
282.918304 421.411530
445.955750 420.310455
347.918915 299.286987
276.102722 581.642700
713.107239 141.476929
775.121521 468.476715
476.867645 288.934326
-1.000000 -1.000000
733.064026 109.208626
594.176331 205.707947
395.142120 516.752136
534.774475 45.219662
416.446777 417.898865
-1.000000 -1.000000
-1.000000 -1.000000
466.208496 389.228638
-1.000000 -1.000000
438.853363 328.526733
671.401855 207.394943
-1.000000 -1.000000
442.559265 94.114914
508.699921 77.761353
-1.000000 -1.000000
474.257355 231.352020
-1.000000 -1.000000
647.777527 497.767151
425.266235 69.303635
577.683167 219.515335
-1.000000 -1.000000
761.889282 150.894913
-1.000000 -1.000000
589.935181 454.571899
