1244.000000 533.000000
1065.172363 457.942352
534.064514 551.683960
972.929138 688.984070
453.058777 684.312744
1020.257446 543.694641
1061.527832 482.301392
476.361053 541.963440
390.855347 532.651428
1134.656860 678.548584
127.366196 665.891357
893.590515 203.550598
375.262390 413.523438
253.933044 554.930908
363.162018 171.630386
1233.312256 528.826416
518.565857 341.024506
1012.219177 608.834961
1000.610291 606.677307
1223.890625 557.801331
47.438194 685.417847
1090.224121 482.595520
545.735474 323.153412
511.379395 242.485977
510.834106 178.302841
211.965057 681.973083
1076.662720 521.180054
153.337112 657.003418
453.423248 417.572632
615.078125 343.255585
531.702332 563.512024
665.374023 669.969543
1167.744751 683.516418
143.441208 646.252136
111.990501 652.076355
1105.000000 478.000000
127.462509 564.500366
1028.761108 543.277222
351.204285 115.601791
1211.427734 548.503662
362.935822 195.750168
150.227371 613.516479
518.521423 322.078552
335.980591 561.732422
149.835449 613.738647
477.464355 560.077332
378.712524 431.115631
1081.015625 635.169128
1011.891541 621.691711
620.203308 474.371002
237.643799 476.910980
1201.383423 553.811890
634.659363 577.748962
402.781189 419.737610
1003.318909 201.311646
391.857178 547.917542
455.924652 435.878296
1058.388794 385.164032
206.363434 594.918274
609.178101 506.834564
507.466034 641.586975
348.270538 174.135025
181.914322 573.566650
1000.336609 355.210175
209.691345 661.791016
450.126831 101.057549
224.332962 543.496704
1123.191406 522.522949
364.320404 182.423950
633.529968 560.604126
592.247559 566.179199
330.129974 548.489319
602.516357 567.185425
56.665886 624.535645
450.596252 543.324585
149.145676 614.066895
494.221680 178.998535
1217.660522 138.528000
984.000000 695.000000
999.985107 277.819305
970.845032 658.603516
1094.963623 615.109253
667.334229 232.695511
544.159424 649.184143
1025.222534 567.447937
553.152710 648.815552
397.483582 189.359756
541.412781 336.202728
1086.609497 609.173462
999.845154 379.891144
278.073761 547.732849
364.787354 182.791794
388.002045 179.408493
270.907562 514.150757
451.593292 167.519302
1160.000000 642.000000
526.259460 539.222900
1001.972290 327.077728
269.162811 539.980042
364.851929 328.384979
