-1.000000 -1.000000
-1.000000 -1.000000
-1.000000 -1.000000
847.030396 133.911667
-1.000000 -1.000000
309.826385 403.851166
1177.393555 216.594513
496.808044 149.203232
-1.000000 -1.000000
1210.731567 219.212494
-1.000000 -1.000000
433.449707 42.425915
-1.000000 -1.000000
-1.000000 -1.000000
396.381531 355.872314
1209.522461 221.159866
1129.778931 122.284271
706.240784 345.320129
228.601471 379.622803
1214.520264 49.371853
-1.000000 -1.000000
1105.545044 67.641632
1165.878906 240.357422
326.846954 354.947235
389.746887 217.268661
255.918884 453.738068
372.396393 260.020721
457.701294 205.733780
-1.000000 -1.000000
290.033936 249.808762
650.820251 255.043701
-1.000000 -1.000000
718.337524 258.850128
694.569946 72.961853
624.579224 276.918823
-1.000000 -1.000000
808.335510 246.231049
321.031891 308.193298
308.062012 337.686127
-1.000000 -1.000000
-1.000000 -1.000000
189.662079 467.646698
-1.000000 -1.000000
1109.012573 119.575493
254.883881 329.596985
762.474792 345.223145
-1.000000 -1.000000
346.025452 130.822556
351.715332 217.937576
190.345413 445.136993
-1.000000 -1.000000
-1.000000 -1.000000
420.652191 129.288177
-1.000000 -1.000000
278.248322 384.776733
851.829285 342.874939
-1.000000 -1.000000
311.953064 203.388580
378.281708 366.385559
380.788849 178.856522
-1.000000 -1.000000
-1.000000 -1.000000
333.829102 327.319946
848.453308 112.714119
-1.000000 -1.000000
859.087219 310.962738
427.360931 275.829224
363.730774 421.858734
398.576782 335.501282
361.643372 441.002258
-1.000000 -1.000000
478.919952 112.673119
-1.000000 -1.000000
254.623138 308.222107
739.698486 131.676254
858.315552 253.919098
658.157715 225.914719
602.961853 66.171051
707.343811 314.533691
288.939789 345.268707
-1.000000 -1.000000
714.966003 105.469833
506.578888 188.952026
-1.000000 -1.000000
440.694458 223.228531
366.182556 88.526451
458.422852 185.643692
-1.000000 -1.000000
828.957092 252.090744
-1.000000 -1.000000
699.614197 261.857758
-1.000000 -1.000000
1225.058716 160.983383
-1.000000 -1.000000
300.483307 387.707672
818.906738 214.021255
-1.000000 -1.000000
350.658936 251.928345
-1.000000 -1.000000
688.088196 317.491852
-1.000000 -1.000000
-1.000000 -1.000000
-1.000000 -1.000000
312.692352 181.268112
273.050903 439.096954
671.637939 260.214691
339.254761 297.103394
734.021729 347.497803
-1.000000 -1.000000
1157.933838 220.847214
-1.000000 -1.000000
-1.000000 -1.000000
-1.000000 -1.000000
-1.000000 -1.000000
412.404236 108.767677
744.500732 308.505646
-1.000000 -1.000000
639.084106 231.251312
357.789825 402.769104
-1.000000 -1.000000
355.652985 279.782013
842.510498 155.266647
423.592499 256.198334
-1.000000 -1.000000
717.980957 364.145996
699.810608 222.724792
-1.000000 -1.000000
-1.000000 -1.000000
-1.000000 -1.000000
-1.000000 -1.000000
1154.037964 116.381180
-1.000000 -1.000000
393.563446 81.465752
397.296814 162.585114
395.861786 134.839828
-1.000000 -1.000000
882.070679 296.821808
-1.000000 -1.000000
844.864380 212.469727
-1.000000 -1.000000
-1.000000 -1.000000
341.880402 346.561859
679.089783 223.541855
-1.000000 -1.000000
686.773071 345.251770
-1.000000 -1.000000
-1.000000 -1.000000
-1.000000 -1.000000
839.728760 313.372864
871.629639 344.257965
-1.000000 -1.000000
365.990112 65.588699
-1.000000 -1.000000
425.409729 295.796387
-1.000000 -1.000000
293.284821 423.774261
633.858032 79.084084
415.893036 353.471039
866.973938 272.729645
-1.000000 -1.000000
646.944885 287.065887
-1.000000 -1.000000
403.329224 196.260910
258.263916 349.507385
603.363342 277.326141
-1.000000 -1.000000
-1.000000 -1.000000
412.358765 152.094131
-1.000000 -1.000000
-1.000000 -1.000000
389.061127 60.477592
-1.000000 -1.000000
1131.512939 143.413910
-1.000000 -1.000000
209.621948 387.609650
674.614319 80.439278
798.980347 209.475906
1127.100098 50.946133
331.222168 266.891632
724.206970 277.531921
-1.000000 -1.000000
-1.000000 -1.000000
-1.000000 -1.000000
444.533569 141.945862
-1.000000 -1.000000
624.033264 256.329285
272.765808 406.669342
271.181396 257.237610
327.267700 137.977310
826.842590 130.559235
-1.000000 -1.000000
1126.974731 101.924309
1230.214478 138.560486
-1.000000 -1.000000
-1.000000 -1.000000
364.796600 120.982254
768.103027 363.967224
-1.000000 -1.000000
-1.000000 -1.000000
-1.000000 -1.000000
699.412598 47.689316
-1.000000 -1.000000
-1.000000 -1.000000
-1.000000 -1.000000
-1.000000 -1.000000
887.980042 317.038879
477.648499 208.326797
650.630859 303.588440
1183.741211 237.973938
243.234726 473.966827
-1.000000 -1.000000
737.354126 103.351776
-1.000000 -1.000000
-1.000000 -1.000000
368.961609 240.831451
680.641174 279.803711
-1.000000 -1.000000
-1.000000 -1.000000
564.416321 221.378143
-1.000000 -1.000000
449.942963 161.937714
-1.000000 -1.000000
-1.000000 -1.000000
-1.000000 -1.000000
-1.000000 -1.000000
-1.000000 -1.000000
1148.784668 228.493317
-1.000000 -1.000000
-1.000000 -1.000000
-1.000000 -1.000000
307.013153 359.094666
837.309875 192.520370
825.718811 114.072052
-1.000000 -1.000000
-1.000000 -1.000000
1146.609009 189.668106
292.910583 269.714081
-1.000000 -1.000000
505.599518 120.923897
-1.000000 -1.000000
-1.000000 -1.000000
-1.000000 -1.000000
-1.000000 -1.000000
-1.000000 -1.000000
-1.000000 -1.000000
-1.000000 -1.000000
181.785172 424.989532
-1.000000 -1.000000
1194.493774 54.210159
-1.000000 -1.000000
245.228256 288.850006
-1.000000 -1.000000
360.955841 195.230042
-1.000000 -1.000000
390.578735 112.907120
843.179199 277.125671
-1.000000 -1.000000
-1.000000 -1.000000
-1.000000 -1.000000
-1.000000 -1.000000
765.772583 321.510956
457.315979 112.549545
760.427429 129.957428
-1.000000 -1.000000
-1.000000 -1.000000
348.026642 151.821075
-1.000000 -1.000000
-1.000000 -1.000000
-1.000000 -1.000000
-1.000000 -1.000000
-1.000000 -1.000000
616.218628 100.343300
720.485168 229.436813
743.016907 365.108490
1151.140747 227.560303
-1.000000 -1.000000
-1.000000 -1.000000
-1.000000 -1.000000
-1.000000 -1.000000
-1.000000 -1.000000
-1.000000 -1.000000
688.264282 295.663971
-1.000000 -1.000000
553.314758 94.932816
-1.000000 -1.000000
327.138153 397.959198
-1.000000 -1.000000
-1.000000 -1.000000
480.230164 167.576889
-1.000000 -1.000000
-1.000000 -1.000000
-1.000000 -1.000000
-1.000000 -1.000000
320.305298 222.069717
625.340393 382.263550
-1.000000 -1.000000
-1.000000 -1.000000
786.058411 348.190704
678.060791 54.247032
-1.000000 -1.000000
546.543823 185.427719
745.081787 259.368103
-1.000000 -1.000000
-1.000000 -1.000000
390.454681 251.958054
636.692322 211.271637
-1.000000 -1.000000
-1.000000 -1.000000
-1.000000 -1.000000
-1.000000 -1.000000
-1.000000 -1.000000
-1.000000 -1.000000
697.378235 366.070984
-1.000000 -1.000000
599.504639 258.152771
-1.000000 -1.000000
357.706238 367.369232
597.717773 45.432041
-1.000000 -1.000000
765.082397 255.136765
-1.000000 -1.000000
496.449341 100.256599
-1.000000 -1.000000
404.081421 216.786682
-1.000000 -1.000000
-1.000000 -1.000000
-1.000000 -1.000000
587.192322 240.042435
-1.000000 -1.000000
-1.000000 -1.000000
-1.000000 -1.000000
1112.767212 140.580643
-1.000000 -1.000000
823.804321 297.532440
734.746460 151.674484
-1.000000 -1.000000
-1.000000 -1.000000
533.287048 101.904732
-1.000000 -1.000000
-1.000000 -1.000000
-1.000000 -1.000000
-1.000000 -1.000000
302.573608 320.528259
761.069275 150.362625
-1.000000 -1.000000
-1.000000 -1.000000
458.255859 233.795853
-1.000000 -1.000000
-1.000000 -1.000000
422.549835 320.011322
657.228027 352.820251
675.549316 203.185791
-1.000000 -1.000000
-1.000000 -1.000000
319.624481 287.777679
214.985519 406.722595
-1.000000 -1.000000
-1.000000 -1.000000
-1.000000 -1.000000
-1.000000 -1.000000
-1.000000 -1.000000
250.241196 427.621185
-1.000000 -1.000000
-1.000000 -1.000000
-1.000000 -1.000000
-1.000000 -1.000000
-1.000000 -1.000000
288.604736 217.630173
-1.000000 -1.000000
-1.000000 -1.000000
583.473694 279.094543
698.248596 284.339661
-1.000000 -1.000000
208.045029 367.140167
567.440918 242.479187
-1.000000 -1.000000
809.326233 343.680634
381.149292 396.284210
-1.000000 -1.000000
229.932465 343.229218
-1.000000 -1.000000
662.848450 323.102386
861.419800 291.060150
878.523621 252.746185
1213.375000 69.554245
831.086304 193.325684
629.833374 361.719940
-1.000000 -1.000000
-1.000000 -1.000000
-1.000000 -1.000000
738.234558 80.799858
-1.000000 -1.000000
652.599609 206.278763
715.118713 148.695221
342.789978 102.917068
-1.000000 -1.000000
-1.000000 -1.000000
-1.000000 -1.000000
-1.000000 -1.000000
-1.000000 -1.000000
-1.000000 -1.000000
164.255569 479.790985
-1.000000 -1.000000
-1.000000 -1.000000
-1.000000 -1.000000
-1.000000 -1.000000
-1.000000 -1.000000
440.339600 202.575867
580.964600 71.228302
757.842896 300.172241
430.438568 96.135559
-1.000000 -1.000000
-1.000000 -1.000000
-1.000000 -1.000000
347.338654 197.801804
-1.000000 -1.000000
294.745148 176.883621
-1.000000 -1.000000
1167.471680 115.239693
-1.000000 -1.000000
-1.000000 -1.000000
-1.000000 -1.000000
628.836548 339.421021
-1.000000 -1.000000
309.506714 460.612213
-1.000000 -1.000000
806.188477 301.380554
270.603455 288.356750
-1.000000 -1.000000
-1.000000 -1.000000
270.233337 235.365936
1139.756104 171.673615
335.321014 378.209656
-1.000000 -1.000000
656.324646 58.127167
-1.000000 -1.000000
-1.000000 -1.000000
579.962097 264.218109
-1.000000 -1.000000
236.634689 303.115356
349.477570 58.786884
361.562073 304.521515
625.435852 65.691895
-1.000000 -1.000000
399.150574 402.393555
-1.000000 -1.000000
-1.000000 -1.000000
-1.000000 -1.000000
-1.000000 -1.000000
-1.000000 -1.000000
531.464539 199.367249
345.360718 444.023132
-1.000000 -1.000000
-1.000000 -1.000000
376.745880 145.394424
-1.000000 -1.000000
-1.000000 -1.000000
-1.000000 -1.000000
-1.000000 -1.000000
212.095932 426.342224
433.788940 327.404541
-1.000000 -1.000000
-1.000000 -1.000000
1149.641235 209.754395
-1.000000 -1.000000
-1.000000 -1.000000
1202.066406 130.180954
-1.000000 -1.000000
-1.000000 -1.000000
447.932251 274.225128
332.554413 161.213928
295.686249 466.042847
-1.000000 -1.000000
779.673035 298.886078
471.849945 150.351608
-1.000000 -1.000000
-1.000000 -1.000000
576.250488 41.712101
407.638885 378.112274
-1.000000 -1.000000
411.002991 278.306335
-1.000000 -1.000000
-1.000000 -1.000000
460.188202 252.081604
-1.000000 -1.000000
426.261505 183.629395
-1.000000 -1.000000
-1.000000 -1.000000
-1.000000 -1.000000
-1.000000 -1.000000
-1.000000 -1.000000
447.714874 80.978584
-1.000000 -1.000000
641.352295 336.175446
-1.000000 -1.000000
552.182251 47.602341
-1.000000 -1.000000
-1.000000 -1.000000
-1.000000 -1.000000
596.687683 301.351318
