-1.000000 -1.000000
-1.000000 -1.000000
-1.000000 -1.000000
-1.000000 -1.000000
-1.000000 -1.000000
-1.000000 -1.000000
-1.000000 -1.000000
-1.000000 -1.000000
-1.000000 -1.000000
-1.000000 -1.000000
-1.000000 -1.000000
-1.000000 -1.000000
-1.000000 -1.000000
-1.000000 -1.000000
-1.000000 -1.000000
-1.000000 -1.000000
-1.000000 -1.000000
-1.000000 -1.000000
-1.000000 -1.000000
-1.000000 -1.000000
-1.000000 -1.000000
-1.000000 -1.000000
-1.000000 -1.000000
-1.000000 -1.000000
-1.000000 -1.000000
-1.000000 -1.000000
-1.000000 -1.000000
-1.000000 -1.000000
-1.000000 -1.000000
-1.000000 -1.000000
-1.000000 -1.000000
-1.000000 -1.000000
-1.000000 -1.000000
-1.000000 -1.000000
-1.000000 -1.000000
-1.000000 -1.000000
-1.000000 -1.000000
-1.000000 -1.000000
-1.000000 -1.000000
-1.000000 -1.000000
-1.000000 -1.000000
-1.000000 -1.000000
-1.000000 -1.000000
362.064270 584.153198
-1.000000 -1.000000
-1.000000 -1.000000
-1.000000 -1.000000
-1.000000 -1.000000
-1.000000 -1.000000
-1.000000 -1.000000
-1.000000 -1.000000
-1.000000 -1.000000
-1.000000 -1.000000
-1.000000 -1.000000
-1.000000 -1.000000
-1.000000 -1.000000
-1.000000 -1.000000
-1.000000 -1.000000
-1.000000 -1.000000
-1.000000 -1.000000
-1.000000 -1.000000
-1.000000 -1.000000
-1.000000 -1.000000
-1.000000 -1.000000
-1.000000 -1.000000
-1.000000 -1.000000
-1.000000 -1.000000
-1.000000 -1.000000
-1.000000 -1.000000
-1.000000 -1.000000
137.182068 669.547607
356.023499 570.262512
-1.000000 -1.000000
87.509781 652.183105
-1.000000 -1.000000
-1.000000 -1.000000
-1.000000 -1.000000
-1.000000 -1.000000
-1.000000 -1.000000
-1.000000 -1.000000
-1.000000 -1.000000
-1.000000 -1.000000
-1.000000 -1.000000
-1.000000 -1.000000
-1.000000 -1.000000
-1.000000 -1.000000
-1.000000 -1.000000
-1.000000 -1.000000
-1.000000 -1.000000
-1.000000 -1.000000
-1.000000 -1.000000
-1.000000 -1.000000
-1.000000 -1.000000
-1.000000 -1.000000
-1.000000 -1.000000
-1.000000 -1.000000
-1.000000 -1.000000
-1.000000 -1.000000
-1.000000 -1.000000
-1.000000 -1.000000
-1.000000 -1.000000
-1.000000 -1.000000
-1.000000 -1.000000
-1.000000 -1.000000
-1.000000 -1.000000
659.919739 596.474792
-1.000000 -1.000000
-1.000000 -1.000000
-1.000000 -1.000000
251.142822 565.430176
-1.000000 -1.000000
-1.000000 -1.000000
-1.000000 -1.000000
-1.000000 -1.000000
-1.000000 -1.000000
-1.000000 -1.000000
294.444611 562.355530
-1.000000 -1.000000
-1.000000 -1.000000
-1.000000 -1.000000
-1.000000 -1.000000
-1.000000 -1.000000
-1.000000 -1.000000
-1.000000 -1.000000
411.671936 570.728333
-1.000000 -1.000000
-1.000000 -1.000000
-1.000000 -1.000000
-1.000000 -1.000000
-1.000000 -1.000000
-1.000000 -1.000000
-1.000000 -1.000000
-1.000000 -1.000000
-1.000000 -1.000000
-1.000000 -1.000000
-1.000000 -1.000000
-1.000000 -1.000000
-1.000000 -1.000000
534.950867 662.720398
-1.000000 -1.000000
-1.000000 -1.000000
-1.000000 -1.000000
-1.000000 -1.000000
-1.000000 -1.000000
-1.000000 -1.000000
-1.000000 -1.000000
-1.000000 -1.000000
-1.000000 -1.000000
-1.000000 -1.000000
-1.000000 -1.000000
694.887878 693.005249
-1.000000 -1.000000
-1.000000 -1.000000
-1.000000 -1.000000
98.173546 624.364441
-1.000000 -1.000000
-1.000000 -1.000000
-1.000000 -1.000000
-1.000000 -1.000000
-1.000000 -1.000000
-1.000000 -1.000000
-1.000000 -1.000000
-1.000000 -1.000000
-1.000000 -1.000000
211.971298 528.281921
-1.000000 -1.000000
-1.000000 -1.000000
300.742432 633.681885
-1.000000 -1.000000
-1.000000 -1.000000
-1.000000 -1.000000
-1.000000 -1.000000
-1.000000 -1.000000
-1.000000 -1.000000
646.130859 567.435303
-1.000000 -1.000000
-1.000000 -1.000000
-1.000000 -1.000000
-1.000000 -1.000000
-1.000000 -1.000000
-1.000000 -1.000000
-1.000000 -1.000000
-1.000000 -1.000000
-1.000000 -1.000000
-1.000000 -1.000000
-1.000000 -1.000000
-1.000000 -1.000000
-1.000000 -1.000000
-1.000000 -1.000000
571.979248 670.002991
-1.000000 -1.000000
-1.000000 -1.000000
-1.000000 -1.000000
-1.000000 -1.000000
-1.000000 -1.000000
-1.000000 -1.000000
-1.000000 -1.000000
-1.000000 -1.000000
-1.000000 -1.000000
-1.000000 -1.000000
-1.000000 -1.000000
-1.000000 -1.000000
-1.000000 -1.000000
452.945312 642.852722
-1.000000 -1.000000
-1.000000 -1.000000
-1.000000 -1.000000
-1.000000 -1.000000
-1.000000 -1.000000
-1.000000 -1.000000
-1.000000 -1.000000
-1.000000 -1.000000
-1.000000 -1.000000
-1.000000 -1.000000
-1.000000 -1.000000
-1.000000 -1.000000
-1.000000 -1.000000
-1.000000 -1.000000
-1.000000 -1.000000
-1.000000 -1.000000
-1.000000 -1.000000
-1.000000 -1.000000
-1.000000 -1.000000
-1.000000 -1.000000
-1.000000 -1.000000
-1.000000 -1.000000
-1.000000 -1.000000
-1.000000 -1.000000
-1.000000 -1.000000
-1.000000 -1.000000
-1.000000 -1.000000
-1.000000 -1.000000
-1.000000 -1.000000
-1.000000 -1.000000
-1.000000 -1.000000
-1.000000 -1.000000
346.505127 447.993469
-1.000000 -1.000000
-1.000000 -1.000000
-1.000000 -1.000000
-1.000000 -1.000000
-1.000000 -1.000000
-1.000000 -1.000000
-1.000000 -1.000000
559.606384 666.982361
-1.000000 -1.000000
-1.000000 -1.000000
-1.000000 -1.000000
-1.000000 -1.000000
-1.000000 -1.000000
-1.000000 -1.000000
-1.000000 -1.000000
-1.000000 -1.000000
-1.000000 -1.000000
747.145508 634.027283
-1.000000 -1.000000
-1.000000 -1.000000
-1.000000 -1.000000
-1.000000 -1.000000
-1.000000 -1.000000
-1.000000 -1.000000
-1.000000 -1.000000
-1.000000 -1.000000
-1.000000 -1.000000
-1.000000 -1.000000
-1.000000 -1.000000
-1.000000 -1.000000
-1.000000 -1.000000
-1.000000 -1.000000
-1.000000 -1.000000
-1.000000 -1.000000
-1.000000 -1.000000
-1.000000 -1.000000
-1.000000 -1.000000
-1.000000 -1.000000
751.937012 609.839478
-1.000000 -1.000000
-1.000000 -1.000000
-1.000000 -1.000000
-1.000000 -1.000000
-1.000000 -1.000000
-1.000000 -1.000000
-1.000000 -1.000000
-1.000000 -1.000000
-1.000000 -1.000000
-1.000000 -1.000000
-1.000000 -1.000000
-1.000000 -1.000000
-1.000000 -1.000000
-1.000000 -1.000000
-1.000000 -1.000000
-1.000000 -1.000000
-1.000000 -1.000000
-1.000000 -1.000000
-1.000000 -1.000000
-1.000000 -1.000000
-1.000000 -1.000000
-1.000000 -1.000000
-1.000000 -1.000000
-1.000000 -1.000000
