1132.406494 303.837219
1199.611694 211.873734
1195.742798 620.802856
848.410889 450.514832
1189.411621 151.355713
260.912018 619.042114
1165.317871 592.581970
508.588440 400.068359
1210.786621 173.450714
1196.746338 598.577637
1160.756348 325.478088
471.012726 291.029449
643.452515 401.266266
766.293518 116.030258
360.264404 582.409485
1207.318970 564.675110
1125.786743 487.517120
678.637573 632.497620
188.108994 577.376038
1210.934570 438.755798
1121.694092 137.996323
1107.831421 434.535400
1152.881348 613.671570
289.290710 568.672546
385.469513 443.826569
192.525711 656.374329
360.699921 484.384369
455.447357 444.689636
1184.961670 578.601074
284.762695 458.415833
639.495789 530.341125
599.943115 222.880020
703.876099 547.792786
709.577393 366.601929
609.160645 547.717834
-1.000000 -1.000000
796.415466 553.541687
295.510590 520.563477
276.812897 548.450378
651.414490 420.375244
402.973236 54.129887
124.395439 656.029785
-1.000000 -1.000000
1105.045776 483.141815
227.987015 527.120361
733.785339 645.268860
1160.216064 283.007996
369.414062 354.576447
353.495026 434.949615
129.642273 636.217285
-1.000000 -1.000000
443.268555 216.784439
438.492279 366.267883
1190.845215 244.409042
238.316895 589.642273
826.259827 660.048645
1189.108154 560.063843
317.416107 414.530823
342.640015 588.771240
385.314789 406.090271
1118.592529 635.263794
-1.000000 -1.000000
303.350006 544.703186
849.074463 431.968140
728.632385 361.579376
835.973328 629.580017
411.718292 507.021912
311.959198 645.443176
365.544922 562.637207
306.197021 661.863708
1121.688721 120.051018
494.854401 358.439911
766.186462 97.761337
231.340256 509.908691
742.813538 424.122223
839.622681 565.971619
649.904907 505.098541
622.065186 339.258728
682.425842 602.473816
259.826111 549.266541
632.568054 301.134247
725.772400 398.097992
505.554077 435.626953
-1.000000 -1.000000
438.263000 457.465881
397.597900 317.357178
459.261688 424.789185
1140.699097 327.120605
816.132996 560.478577
1135.788940 638.903687
683.611145 544.111145
1134.655029 402.013611
1214.965698 545.416321
1180.128662 278.310669
258.701080 594.582703
810.252686 524.818237
1102.653076 82.935509
344.003723 469.238464
705.238708 290.445740
662.263611 598.726379
544.302551 48.660229
1215.145630 632.945679
652.990784 377.785645
320.512238 397.200562
216.963989 645.060425
658.378113 537.394653
319.011597 511.386017
703.459351 637.600403
433.280243 67.393646
1145.780273 594.626465
-1.000000 -1.000000
-1.000000 -1.000000
-1.000000 -1.000000
714.992249 74.967209
435.213440 346.555969
717.338867 600.807068
480.607483 309.445923
630.131653 504.289398
311.856079 626.273132
587.474976 418.031952
343.556610 498.763550
838.725464 469.359039
414.675537 488.000031
1175.333374 353.982269
685.974121 651.930725
687.767700 506.186951
1179.948242 225.126953
1122.095337 83.953125
565.503784 105.432831
-1.000000 -1.000000
1143.576782 489.833252
303.984436 454.025208
418.999908 314.550232
409.924072 392.780518
415.239197 365.832550
755.212585 135.818451
856.809021 618.377380
1177.073120 638.929565
831.163757 524.941528
652.482483 81.852142
611.435974 201.683777
310.440948 564.415771
668.753540 506.291656
719.351624 419.332794
659.391418 631.369141
684.537720 207.623993
568.740845 414.396271
-1.000000 -1.000000
816.209595 626.484741
845.379150 662.839600
1217.333008 226.850769
398.724213 300.107147
207.780701 573.570435
408.578613 523.805786
528.944397 428.860687
243.444946 634.638672
651.974060 357.247894
378.431000 582.668579
845.512207 585.845764
1136.432129 285.042511
630.139954 560.865295
743.412781 571.710693
407.799255 427.692017
228.161819 546.747498
589.229614 545.002991
1132.409668 615.825684
1102.054321 140.898041
430.358398 384.483643
705.480774 272.581665
540.632996 303.243774
419.889221 297.693542
672.394409 79.451675
1126.009033 505.643036
1155.191040 347.393494
169.914932 581.830750
691.206787 369.815979
790.362061 514.828979
1128.592896 422.680084
322.221222 480.104340
707.713379 567.095642
706.406616 395.292938
592.598999 200.730499
406.956757 73.916702
455.639069 381.137451
1215.121704 246.609070
607.372742 528.885925
228.801086 609.987915
266.810059 462.989288
351.530945 359.197845
827.921143 448.503113
1147.637085 378.866516
1124.291016 468.483917
1219.353394 527.802673
745.830994 111.820183
383.365356 57.319260
386.794464 349.212677
738.386536 664.105225
609.976501 303.716919
188.297363 597.108826
647.001343 63.170914
719.663818 341.092621
574.676270 377.206177
498.827179 303.352325
1196.143677 641.050842
623.600952 222.895706
859.916382 637.597290
474.290161 448.949402
630.881042 578.414673
1173.262451 614.332520
177.125015 673.577637
1216.272461 207.532120
743.424377 399.405151
493.595398 216.982254
801.482239 584.579895
363.770844 459.955383
656.662659 556.997925
1122.417358 157.681961
1191.450195 192.573059
561.722839 480.408905
590.369934 399.372345
456.919434 397.069153
682.475891 189.210419
716.507141 96.177498
526.995850 246.131348
-1.000000 -1.000000
608.501282 566.615601
1165.541870 567.052979
578.330322 219.740112
406.104401 263.544891
1099.020630 635.323730
270.028595 571.359253
825.484436 505.604645
827.101257 433.129486
490.060638 51.015282
700.228455 415.960541
1136.969971 558.332886
284.798950 477.779053
-1.000000 -1.000000
528.181152 367.439484
-1.000000 -1.000000
567.170959 46.066750
-1.000000 -1.000000
-1.000000 -1.000000
1112.845093 304.625702
325.071808 545.284668
525.945190 50.116531
123.082024 616.670654
538.996216 284.412537
1191.161743 441.579376
1151.732422 305.390961
225.124466 490.611603
1180.774292 326.827362
364.316589 413.062866
547.007019 112.221962
418.702179 345.234039
819.015442 585.658447
597.067505 435.741669
743.772217 96.993805
1170.834839 258.310913
1190.069580 131.662476
736.259583 615.017395
471.499054 359.907379
761.933655 424.359100
547.205261 383.698639
551.051575 415.380890
368.868042 373.912537
694.524658 291.227325
498.224945 69.745148
-1.000000 -1.000000
628.327148 201.068390
1158.907837 634.710205
631.233154 379.153900
706.781433 513.973816
715.287781 657.397827
1195.775513 535.515686
515.180176 213.415390
489.737732 282.499817
-1.000000 -1.000000
610.990906 183.333328
541.717834 321.642639
-1.000000 -1.000000
661.329041 575.153137
327.697327 566.766418
570.580688 350.258850
-1.000000 -1.000000
287.443359 612.573059
533.730103 407.768738
679.870605 247.607758
485.883759 405.596710
1167.132080 373.599304
-1.000000 -1.000000
1190.484985 170.949646
625.468445 87.033669
325.982056 434.207855
585.046631 658.728455
1098.821167 654.755310
721.768311 308.093140
759.363708 653.440063
697.259827 340.418915
695.746033 100.036583
547.769165 439.996155
729.423950 553.491394
1126.964478 579.592407
1104.176636 454.014832
389.512756 477.989014
633.402527 485.534943
736.062012 341.929016
-1.000000 -1.000000
1117.496338 556.285400
413.349945 91.620033
668.005371 65.740784
632.067627 419.855530
666.876038 652.851440
460.022797 310.837433
593.264038 520.991028
691.326721 80.992096
314.120789 584.549805
617.473450 321.648926
405.094604 246.807281
746.063354 553.086792
1143.534668 469.866211
511.825714 340.931122
474.197083 214.596039
408.037018 446.598297
584.637268 181.833298
594.716675 373.328430
1107.445068 104.273460
584.341492 500.327301
1210.147827 152.983170
421.092712 201.379639
501.665344 281.941620
1106.436035 501.254242
700.569031 223.701920
805.794128 600.739929
743.624390 442.968323
-1.000000 -1.000000
-1.000000 -1.000000
545.177795 352.294464
666.008667 98.455833
569.602173 432.818878
675.334900 300.873108
703.381775 251.276703
277.116760 525.903748
761.637390 444.302368
724.116760 290.178497
1195.127441 356.344452
457.720245 460.901398
769.328064 576.119263
1162.391724 520.927612
378.479706 544.920349
634.029907 633.052429
667.317017 488.250458
432.576996 248.524734
1154.619995 403.084473
297.393707 500.933502
167.458878 605.462097
654.142029 438.713654
681.703491 171.626968
703.877747 434.666016
1218.434448 376.602173
499.252319 321.800323
191.757538 631.496643
698.947510 118.411156
-1.000000 -1.000000
-1.000000 -1.000000
1077.996826 645.149231
-1.000000 -1.000000
299.467834 414.124756
617.686340 43.791485
490.946747 232.342422
568.768860 542.184998
686.827209 564.170410
-1.000000 -1.000000
169.410431 562.067749
563.072327 501.427307
388.973572 76.628212
774.953674 652.514343
334.918213 623.540039
470.832489 72.975906
210.285553 524.708374
-1.000000 -1.000000
644.056091 600.385193
832.031372 610.499878
859.442810 566.005432
1211.246216 458.241150
807.636047 505.622742
592.485168 637.633972
581.767395 277.938385
1114.438721 288.622192
650.644348 99.119629
747.158936 380.723602
777.905579 135.566818
654.947510 487.144806
718.686523 437.043182
378.409546 319.003021
-1.000000 -1.000000
-1.000000 -1.000000
785.490051 586.575134
559.616211 198.782318
671.187012 401.249207
451.906067 84.072655
106.319832 652.635437
545.084839 139.041687
-1.000000 -1.000000
437.292480 85.428123
615.143005 114.936127
754.395691 231.173187
439.351868 438.794525
598.656616 324.443176
737.382935 592.397095
452.745453 348.679474
1097.797974 616.291931
665.815369 248.624100
489.089996 179.806885
349.043427 415.143036
734.820862 73.099052
302.867035 391.397156
687.351929 260.955963
1182.967651 492.871490
446.363312 188.730499
740.972839 235.279053
602.781921 118.941322
592.766663 616.992188
580.047607 252.641373
253.974701 664.329407
-1.000000 -1.000000
784.502930 602.956177
247.230499 493.066925
487.833801 243.450089
1120.370972 324.197662
264.475311 444.167328
1129.931396 527.447937
305.824738 585.161743
932.380127 115.661880
674.738342 335.956635
521.938293 192.377014
-1.000000 -1.000000
573.906006 521.798462
576.738892 242.881058
213.648392 504.541229
381.653778 292.442596
337.244995 521.172180
643.335938 332.692169
1022.239990 651.358154
354.936035 624.848083
-1.000000 -1.000000
703.698730 212.156189
533.584717 228.660797
1206.878906 269.424652
1173.475952 302.102203
527.422729 447.360413
280.272430 660.885620
705.053894 135.867996
925.814941 54.278713
391.875610 372.938446
557.273071 286.008301
742.710388 197.613724
1097.206543 133.373703
686.813477 323.533630
161.416351 624.788574
392.746887 573.657898
1203.452148 411.143860
606.598816 417.122375
1168.990723 549.673218
684.346313 225.414886
356.521881 543.105774
1210.973389 508.377167
740.656128 310.698517
262.925293 499.029602
428.730865 512.391541
346.239838 382.301331
238.278915 661.278503
720.774597 258.757294
756.494629 594.166382
472.401245 381.968719
628.752686 172.313904
733.999084 168.750900
598.754944 313.496399
367.191162 604.658203
556.422791 150.756317
399.934937 507.638916
503.855835 108.901581
558.064514 302.243713
454.563202 480.122406
530.751282 306.996887
429.461182 419.954102
675.306885 323.594482
1102.350098 63.532520
456.977173 191.559998
518.118835 151.227417
601.199402 129.241165
480.546082 327.282990
477.193237 121.252632
630.280945 613.386475
445.642578 172.395203
582.466125 324.931519
546.506409 148.315079
768.893250 277.177551
-1.000000 -1.000000
568.539001 559.998413
