-1.000000 -1.000000
-1.000000 -1.000000
-1.000000 -1.000000
-1.000000 -1.000000
-1.000000 -1.000000
-1.000000 -1.000000
-1.000000 -1.000000
-1.000000 -1.000000
-1.000000 -1.000000
-1.000000 -1.000000
1169.948853 247.861664
498.155457 171.594589
-1.000000 -1.000000
-1.000000 -1.000000
-1.000000 -1.000000
-1.000000 -1.000000
630.816406 112.321503
-1.000000 -1.000000
258.012115 458.722961
697.589905 369.006042
-1.000000 -1.000000
390.286377 230.945862
-1.000000 -1.000000
-1.000000 -1.000000
632.084473 145.992233
228.514420 405.061737
1129.388672 65.903717
326.753601 365.837219
366.300232 279.069763
-1.000000 -1.000000
613.729675 287.798431
1207.766235 83.704521
-1.000000 -1.000000
629.412354 302.070374
599.097229 78.980927
1169.040771 246.762939
472.486237 124.586784
408.266632 216.975098
-1.000000 -1.000000
326.847534 313.501129
403.469604 362.824890
-1.000000 -1.000000
308.902283 357.418335
467.298431 215.999878
394.676392 343.542755
-1.000000 -1.000000
293.427948 274.666321
-1.000000 -1.000000
-1.000000 -1.000000
-1.000000 -1.000000
-1.000000 -1.000000
593.849976 45.745670
-1.000000 -1.000000
-1.000000 -1.000000
425.916534 150.662979
-1.000000 -1.000000
217.586197 400.312531
703.428528 150.955109
-1.000000 -1.000000
-1.000000 -1.000000
1113.078491 138.822815
1122.290649 152.006241
181.024750 484.157471
-1.000000 -1.000000
-1.000000 -1.000000
-1.000000 -1.000000
-1.000000 -1.000000
1112.476318 97.870155
-1.000000 -1.000000
-1.000000 -1.000000
298.439819 350.263580
457.300964 202.415466
-1.000000 -1.000000
250.493286 347.738739
-1.000000 -1.000000
-1.000000 -1.000000
816.009888 270.214935
360.216217 459.302826
388.884338 184.609299
282.004517 270.800720
-1.000000 -1.000000
-1.000000 -1.000000
352.000214 156.856812
-1.000000 -1.000000
718.075256 88.711037
448.891083 228.915955
-1.000000 -1.000000
385.492737 220.974915
-1.000000 -1.000000
-1.000000 -1.000000
-1.000000 -1.000000
358.470062 260.370697
312.310303 222.717804
-1.000000 -1.000000
-1.000000 -1.000000
294.046326 397.501678
-1.000000 -1.000000
-1.000000 -1.000000
-1.000000 -1.000000
-1.000000 -1.000000
758.970581 366.512390
-1.000000 -1.000000
863.008301 279.964722
384.934570 370.863647
340.493530 153.623917
751.620239 155.371506
799.898743 378.243134
-1.000000 -1.000000
336.287354 266.311584
358.335022 224.949799
290.767395 263.564148
-1.000000 -1.000000
394.746124 142.875061
763.738708 377.528748
-1.000000 -1.000000
-1.000000 -1.000000
395.037781 209.381714
349.423401 145.685638
226.354355 393.765961
-1.000000 -1.000000
179.846542 449.540985
-1.000000 -1.000000
373.881775 220.221863
-1.000000 -1.000000
508.422089 194.250259
228.493988 494.432831
419.181122 135.687027
590.630005 170.884384
-1.000000 -1.000000
-1.000000 -1.000000
-1.000000 -1.000000
710.348755 383.202332
-1.000000 -1.000000
-1.000000 -1.000000
714.699463 150.641312
-1.000000 -1.000000
367.827545 109.882454
-1.000000 -1.000000
648.690979 240.189545
-1.000000 -1.000000
-1.000000 -1.000000
-1.000000 -1.000000
-1.000000 -1.000000
-1.000000 -1.000000
-1.000000 -1.000000
444.466125 56.238338
-1.000000 -1.000000
506.517548 162.763626
731.794556 329.736755
-1.000000 -1.000000
807.684143 229.617920
-1.000000 -1.000000
-1.000000 -1.000000
-1.000000 -1.000000
247.488922 316.139374
-1.000000 -1.000000
-1.000000 -1.000000
-1.000000 -1.000000
-1.000000 -1.000000
-1.000000 -1.000000
-1.000000 -1.000000
-1.000000 -1.000000
-1.000000 -1.000000
765.879333 386.562073
308.056305 195.393234
-1.000000 -1.000000
360.416229 427.550201
426.498657 277.702057
-1.000000 -1.000000
695.215149 330.237457
-1.000000 -1.000000
436.222290 149.117401
-1.000000 -1.000000
525.241455 66.125404
726.085510 127.677933
-1.000000 -1.000000
-1.000000 -1.000000
-1.000000 -1.000000
525.640076 69.554344
-1.000000 -1.000000
-1.000000 -1.000000
-1.000000 -1.000000
-1.000000 -1.000000
846.382874 334.185303
646.467590 262.517578
428.871185 302.595917
-1.000000 -1.000000
388.534668 353.898804
739.616333 369.944397
687.006592 238.772537
322.079315 356.161469
-1.000000 -1.000000
-1.000000 -1.000000
-1.000000 -1.000000
455.072876 212.763397
-1.000000 -1.000000
364.722107 83.092911
-1.000000 -1.000000
-1.000000 -1.000000
-1.000000 -1.000000
482.683502 122.740166
-1.000000 -1.000000
-1.000000 -1.000000
566.232056 244.666046
844.269165 227.891724
-1.000000 -1.000000
-1.000000 -1.000000
-1.000000 -1.000000
828.954529 298.322479
-1.000000 -1.000000
-1.000000 -1.000000
-1.000000 -1.000000
695.826355 84.683777
-1.000000 -1.000000
-1.000000 -1.000000
608.901733 78.120438
-1.000000 -1.000000
430.119812 139.454285
336.079163 353.073486
509.771301 182.862167
669.459167 294.070496
266.976349 450.459747
720.956848 330.184357
-1.000000 -1.000000
-1.000000 -1.000000
-1.000000 -1.000000
-1.000000 -1.000000
-1.000000 -1.000000
651.878174 328.360809
405.758453 100.457886
-1.000000 -1.000000
-1.000000 -1.000000
-1.000000 -1.000000
-1.000000 -1.000000
347.861816 258.698090
808.746216 379.093506
392.365173 78.803818
405.305817 135.794449
471.527618 74.027481
-1.000000 -1.000000
334.971741 305.162781
-1.000000 -1.000000
-1.000000 -1.000000
639.585205 248.079239
676.012695 239.351379
-1.000000 -1.000000
-1.000000 -1.000000
-1.000000 -1.000000
396.922546 175.002075
321.580780 363.740295
366.788330 39.790604
-1.000000 -1.000000
-1.000000 -1.000000
-1.000000 -1.000000
842.235535 163.559357
232.281937 413.368835
-1.000000 -1.000000
-1.000000 -1.000000
671.671448 304.218079
-1.000000 -1.000000
518.594971 193.628830
-1.000000 -1.000000
-1.000000 -1.000000
-1.000000 -1.000000
-1.000000 -1.000000
-1.000000 -1.000000
-1.000000 -1.000000
-1.000000 -1.000000
694.035095 341.823334
701.138428 356.680420
-1.000000 -1.000000
-1.000000 -1.000000
-1.000000 -1.000000
-1.000000 -1.000000
696.823242 274.543732
847.189209 136.791382
-1.000000 -1.000000
841.093750 323.853699
683.704285 326.367462
212.951706 391.197327
883.465759 329.437500
445.727203 165.579407
-1.000000 -1.000000
-1.000000 -1.000000
-1.000000 -1.000000
707.906860 374.561615
-1.000000 -1.000000
400.236786 219.533813
369.282806 408.414917
-1.000000 -1.000000
573.682800 143.896103
854.909241 354.189331
-1.000000 -1.000000
-1.000000 -1.000000
-1.000000 -1.000000
415.811676 118.796120
-1.000000 -1.000000
279.329376 261.986877
658.335938 266.985626
725.643921 150.689285
