1126.817871 317.728516
1194.713501 226.518234
1187.283447 636.107666
842.075745 461.796967
1185.066406 165.842361
251.244537 625.619019
1156.974854 607.322266
502.866180 407.735962
1206.327881 188.150055
1188.447266 613.719849
1154.818115 339.604736
466.767181 297.858704
637.774414 410.228943
763.754395 126.204086
351.574097 589.561707
1199.346802 579.553284
1118.842651 501.743744
670.102234 643.244446
178.751907 583.085938
1204.193237 453.388306
1117.810791 151.772919
1101.279907 448.052246
1144.221191 628.628967
280.476959 575.105957
378.852875 450.495850
182.239990 662.309143
353.467865 490.985565
449.151337 451.926117
1176.609131 593.735596
277.574677 464.323547
632.192810 539.775696
596.534546 231.145203
696.766785 558.075134
704.256165 376.155823
601.383850 556.999084
-1.000000 -1.000000
789.007629 564.495056
287.740570 526.611938
268.267426 554.723083
645.368408 429.539337
401.792297 60.415718
113.124397 661.759827
-1.000000 -1.000000
1097.874878 496.989105
219.316910 532.934265
725.297485 656.511963
1154.840332 296.905548
363.952850 360.906158
346.719543 441.236633
118.826340 641.497009
-1.000000 -1.000000
439.896881 223.635620
433.113037 372.979004
1185.479126 258.887848
228.879440 595.876404
817.602966 671.932251
1181.044189 574.819153
310.754974 420.603516
333.552338 595.846924
379.490112 412.433960
1109.739624 649.890991
-1.000000 -1.000000
294.824127 551.271912
842.758362 443.021301
723.459473 371.229706
827.642700 641.555359
404.494415 514.232239
302.448029 652.535767
357.293243 569.758240
296.211761 669.403992
1117.882324 133.738968
489.697357 366.234802
763.646912 107.900681
222.935516 515.326660
737.051331 434.361267
832.280273 577.705261
642.788269 514.346375
617.284363 348.333099
674.130005 612.601379
250.887100 555.417053
628.077087 309.694794
720.068604 407.787720
499.350769 443.559448
-1.000000 -1.000000
431.439362 464.754211
392.633514 323.890106
453.201172 432.016113
1134.805908 341.090057
808.657837 571.920349
1127.129761 653.706665
676.558289 554.417175
1128.305786 415.824066
1207.120483 560.244690
1174.483154 292.658051
249.238571 601.039062
802.950684 535.648315
1099.267334 96.668159
336.616150 475.775055
701.132019 299.658813
654.053711 608.945557
542.972473 56.479076
1206.611572 648.470398
647.426636 386.858612
314.134064 402.999481
206.317688 651.599243
651.070190 547.453613
310.936432 518.029724
695.074280 648.754822
431.865204 73.900719
1137.345947 609.325500
-1.000000 -1.000000
-1.000000 -1.000000
-1.000000 -1.000000
713.259521 84.485085
430.003906 353.096771
709.145874 611.545837
475.972290 316.690369
623.024109 513.569824
302.335876 633.281738
581.799683 426.415741
335.911804 505.312408
832.367615 480.716797
407.412994 495.100647
1168.986450 368.555084
676.928650 662.716248
680.745361 515.948792
1174.950684 239.590820
1118.854370 97.886856
563.722656 113.469490
113.019379 681.532104
1136.475098 504.112335
296.945892 459.983490
414.999268 321.318481
403.781036 399.695160
409.765259 372.360779
752.899780 146.066742
848.725769 630.392700
1168.416748 654.207764
824.025208 536.001099
650.371216 90.609787
608.328552 209.965988
301.768433 571.199585
661.631592 515.623657
713.130310 429.094910
650.767090 641.970947
681.367737 216.587799
563.076172 422.713806
-1.000000 -1.000000
807.796570 638.438782
836.836914 675.422974
1212.421265 241.576965
394.000458 306.272705
198.477081 579.396545
400.946228 531.414917
522.758118 436.938385
233.203323 641.054260
646.744690 366.379700
369.999023 589.825317
838.008911 597.679810
1130.864136 298.876740
622.062134 570.478027
735.551575 582.467834
401.224487 434.511902
219.418671 552.552490
581.543762 554.273376
1123.655884 630.631958
1098.154297 154.706223
424.545929 391.410095
701.464294 281.484192
536.483398 310.859711
415.507294 303.816589
670.260864 88.635178
1118.780884 520.021362
1149.036255 361.748352
160.274261 587.440979
685.691895 379.401581
783.106262 525.562256
1122.004517 436.456604
314.885834 486.323029
700.292786 577.526550
700.571472 404.758453
589.299866 208.981979
405.524628 80.281326
450.639496 387.900848
1209.886475 261.270996
599.859253 538.046997
219.141800 616.077454
259.296692 468.785645
345.770508 365.419098
821.625549 459.677673
1141.133911 393.395447
1117.366333 482.575226
1211.729614 542.459106
743.350098 121.849899
382.179077 63.638279
381.718323 355.509552
729.103882 675.550537
605.693787 311.877472
178.750137 602.898682
645.078003 71.742050
714.373535 350.731354
568.929749 385.506989
494.473206 310.565704
1187.525757 656.409790
619.560364 231.387344
851.615112 649.610596
468.209503 456.080444
623.318787 588.706055
1164.720825 629.543152
166.107666 679.943726
1211.471436 222.250107
737.715576 409.096741
490.068817 223.946579
794.073181 595.973206
356.604553 466.910400
649.658997 567.202332
1118.516113 171.486267
1186.591675 207.194427
555.090332 489.429962
584.541992 407.633240
451.479614 404.375641
679.545044 198.046616
716.492859 105.351288
523.790588 253.856125
-1.000000 -1.000000
600.718872 576.257751
1157.206177 581.945251
575.138733 227.982361
401.894348 270.603424
1090.168579 649.886780
261.205414 577.455811
818.760437 516.598022
821.111511 443.289612
488.973877 58.085270
694.081421 425.395325
1128.863281 572.829773
277.448761 483.719757
-1.000000 -1.000000
519.639709 376.402374
-1.000000 -1.000000
565.358826 54.362492
-1.000000 -1.000000
-1.000000 -1.000000
1107.265503 318.524811
316.363556 552.021057
524.531372 57.717731
112.520988 621.820496
534.809692 291.866943
1184.356567 456.274750
1145.938477 319.356354
217.068359 495.974030
1174.792969 341.056244
358.059174 419.970978
545.120483 120.153969
413.162933 351.986664
811.849487 597.280762
591.263611 444.619080
741.517578 106.193214
1165.498535 272.434723
1185.828247 146.189331
728.054443 626.392456
467.090759 366.955078
756.249634 434.796326
541.597046 391.752167
545.248657 423.493286
363.384613 380.283905
689.670410 300.622101
496.975281 76.995636
-1.000000 -1.000000
625.458496 209.486633
1150.220459 649.752197
625.935730 388.031372
699.997437 524.487915
706.331299 668.768005
1187.682129 550.341064
511.792206 220.683945
485.592957 289.461334
-1.000000 -1.000000
607.999023 191.550095
537.408875 329.505188
-1.000000 -1.000000
654.046021 585.974182
319.132019 573.723083
564.564026 359.056061
-1.000000 -1.000000
277.083984 620.044983
527.127808 415.709473
676.108643 257.060791
480.322540 414.320679
1160.693359 388.042908
-1.000000 -1.000000
1186.062988 185.586609
624.068970 95.336952
318.699097 440.179718
575.953430 668.192627
1089.818237 669.355408
717.430725 317.754456
750.317993 664.679932
692.400146 350.427612
693.854797 109.421013
541.417297 448.437317
721.714661 563.911499
1118.592163 593.839111
1097.455078 467.624420
380.924591 485.480164
626.329895 494.822693
731.174988 351.751556
-1.000000 -1.000000
1109.457275 570.907043
411.436310 98.099976
665.846497 74.224197
626.074524 428.838776
657.725586 663.477478
455.388397 317.827301
585.225769 530.291992
689.297852 90.365013
305.689362 591.592529
613.532532 330.441650
402.081085 253.448792
738.275513 563.575073
1135.967651 484.204895
507.558258 349.184357
470.705139 221.785782
401.475647 453.582245
581.217041 189.856430
589.176208 382.271027
1103.395264 118.035927
576.831055 509.510254
1205.828369 167.653595
417.103577 211.594559
498.615265 288.995361
1099.421021 515.639832
697.176941 233.312164
797.664795 612.525940
737.678650 453.398621
-1.000000 -1.000000
-1.000000 -1.000000
540.339172 361.528931
664.001892 107.588898
563.421753 441.318420
670.573303 310.190216
699.580078 260.349304
269.143677 532.211609
755.794556 454.796143
720.162842 299.644775
1189.005859 371.559875
451.073639 468.485992
759.991455 586.993835
1153.446411 535.204102
370.126801 552.047791
624.582581 643.303406
660.561401 497.531616
429.022644 255.004898
1148.348511 416.851868
289.077057 506.971191
157.779099 610.619080
647.685791 448.122620
679.139099 180.331207
697.098206 444.512390
1211.960449 392.053101
494.920319 329.235382
181.417999 637.335571
697.194153 128.649963
-1.000000 -1.000000
-1.000000 -1.000000
1068.971680 659.498047
-1.000000 -1.000000
292.742554 420.119110
617.658447 57.088936
487.638519 239.648102
560.819885 551.616211
679.382568 574.618469
-1.000000 -1.000000
160.170486 567.381897
555.664490 510.269196
387.403473 82.964630
766.280273 663.974243
324.997925 631.374756
470.886169 79.579224
201.525894 530.342346
-1.000000 -1.000000
634.989258 610.375916
823.570923 622.334595
852.084473 577.874084
1204.422729 472.903351
800.430298 516.378418
583.712463 647.297791
577.769531 286.911499
1108.969604 302.211792
648.229004 108.107353
741.740234 390.457031
775.534241 145.824493
647.266968 496.238556
712.408875 447.181244
373.528778 325.019379
-1.000000 -1.000000
-1.000000 -1.000000
778.520325 598.029114
556.283081 206.713699
662.723755 410.407288
451.272766 90.829010
95.232681 657.819153
542.497742 145.627670
-1.000000 -1.000000
435.542450 92.098671
612.576721 123.966278
751.398987 241.979370
432.626160 446.014160
594.130188 335.300995
729.196228 603.484680
447.854645 355.041016
1088.700317 630.545105
661.782593 257.915710
486.487976 187.654404
341.615265 421.117706
733.184937 82.691414
296.204498 397.762695
683.602844 271.118561
1171.958496 507.333252
443.245178 196.107391
737.229126 245.643311
599.298218 128.073914
584.646667 626.276428
576.783508 261.531586
244.918869 671.816467
-1.000000 -1.000000
775.924438 614.680420
238.830688 498.638245
485.287720 251.639618
1114.579346 338.157867
257.296173 449.664551
1122.445435 543.812561
296.539368 591.958984
937.706055 126.509567
670.358887 345.544830
519.807129 200.219238
-1.000000 -1.000000
565.828003 530.936401
572.558228 250.036560
205.409103 509.748444
376.939911 298.989716
330.302551 528.163635
638.425842 342.304077
1012.303040 664.717712
345.293640 632.868774
-1.000000 -1.000000
700.547424 221.514633
530.194153 236.006927
1199.316895 283.959015
1167.449585 316.363190
520.875000 455.385529
269.880066 668.091187
702.840576 145.374756
930.119629 64.964325
387.338623 379.482574
553.211487 293.301910
739.343628 207.480392
1093.127563 147.378998
683.803223 332.641113
151.267075 630.568665
384.822571 580.747131
1196.884155 425.954681
600.961548 425.749817
1158.354004 564.220337
680.747253 235.309128
347.766205 549.971069
1202.241943 523.654846
736.297607 320.464050
254.938629 504.824951
421.757660 519.369324
341.339966 388.259216
228.361267 668.451050
717.162781 268.872437
748.767212 605.484436
467.751678 389.865356
626.158752 180.428696
731.119873 176.137405
594.206299 322.809357
357.858765 612.501282
554.180359 158.375504
391.774261 514.789612
501.804230 115.960815
554.044983 310.095398
446.687469 489.289886
524.155334 314.790314
423.578094 426.976471
671.404053 332.194916
1099.114990 77.263649
455.695465 197.551010
515.672363 158.574783
597.521057 138.311340
475.550232 334.867096
475.222015 128.475281
620.682007 623.468079
444.399628 174.544281
577.894531 333.018311
543.454163 156.249496
764.712952 286.698975
-1.000000 -1.000000
561.267639 570.116638
