-1.000000 -1.000000
-1.000000 -1.000000
-1.000000 -1.000000
-1.000000 -1.000000
-1.000000 -1.000000
-1.000000 -1.000000
-1.000000 -1.000000
-1.000000 -1.000000
-1.000000 -1.000000
-1.000000 -1.000000
-1.000000 -1.000000
507.692383 259.150696
-1.000000 -1.000000
-1.000000 -1.000000
-1.000000 -1.000000
-1.000000 -1.000000
-1.000000 -1.000000
-1.000000 -1.000000
238.767822 525.822388
-1.000000 -1.000000
-1.000000 -1.000000
-1.000000 -1.000000
-1.000000 -1.000000
-1.000000 -1.000000
642.403687 244.853043
-1.000000 -1.000000
-1.000000 -1.000000
317.605438 438.086121
366.635040 354.774658
-1.000000 -1.000000
612.398071 384.030121
1215.050903 230.555481
-1.000000 -1.000000
626.847229 399.524200
615.206970 177.550354
-1.000000 -1.000000
486.605774 211.604416
414.371796 296.502045
-1.000000 -1.000000
323.591400 385.173004
386.779663 421.715576
-1.000000 -1.000000
301.063416 427.947723
473.385132 299.850311
324.644653 384.549652
-1.000000 -1.000000
294.157074 344.513855
-1.000000 -1.000000
-1.000000 -1.000000
-1.000000 -1.000000
-1.000000 -1.000000
613.138428 144.987747
-1.000000 -1.000000
-1.000000 -1.000000
-1.000000 -1.000000
-1.000000 -1.000000
-1.000000 -1.000000
-1.000000 -1.000000
-1.000000 -1.000000
-1.000000 -1.000000
1117.278687 277.252106
1126.646729 294.382690
158.237396 545.492188
-1.000000 -1.000000
-1.000000 -1.000000
-1.000000 -1.000000
-1.000000 -1.000000
1119.993652 236.668381
-1.000000 -1.000000
-1.000000 -1.000000
291.131378 420.205566
464.539307 285.926056
-1.000000 -1.000000
243.241241 413.531586
-1.000000 -1.000000
-1.000000 -1.000000
815.560547 382.635315
342.043243 534.861877
-1.000000 -1.000000
283.097504 340.145599
-1.000000 -1.000000
-1.000000 -1.000000
364.809174 233.552551
-1.000000 -1.000000
-1.000000 -1.000000
453.478882 311.628265
-1.000000 -1.000000
-1.000000 -1.000000
-1.000000 -1.000000
-1.000000 -1.000000
-1.000000 -1.000000
360.291016 335.267792
318.272369 294.802002
-1.000000 -1.000000
-1.000000 -1.000000
281.654755 466.893982
-1.000000 -1.000000
-1.000000 -1.000000
-1.000000 -1.000000
-1.000000 -1.000000
752.651306 474.994568
-1.000000 -1.000000
862.333374 396.382996
-1.000000 -1.000000
353.470795 229.856552
759.754395 263.670746
792.731140 490.687317
-1.000000 -1.000000
-1.000000 -1.000000
363.844788 300.514404
-1.000000 -1.000000
-1.000000 -1.000000
-1.000000 -1.000000
756.043945 487.242828
-1.000000 -1.000000
-1.000000 -1.000000
401.954987 288.436707
-1.000000 -1.000000
-1.000000 -1.000000
-1.000000 -1.000000
160.550751 510.296356
-1.000000 -1.000000
-1.000000 -1.000000
-1.000000 -1.000000
515.437622 282.170929
205.292374 559.740845
-1.000000 -1.000000
-1.000000 -1.000000
-1.000000 -1.000000
-1.000000 -1.000000
-1.000000 -1.000000
701.690430 487.818573
-1.000000 -1.000000
-1.000000 -1.000000
723.820679 256.263519
-1.000000 -1.000000
385.105530 189.218658
-1.000000 -1.000000
651.071838 339.253357
-1.000000 -1.000000
-1.000000 -1.000000
-1.000000 -1.000000
-1.000000 -1.000000
-1.000000 -1.000000
-1.000000 -1.000000
465.906769 142.577698
-1.000000 -1.000000
516.605164 251.120285
726.913330 435.372437
-1.000000 -1.000000
809.993652 341.923309
-1.000000 -1.000000
-1.000000 -1.000000
-1.000000 -1.000000
243.526428 381.686401
-1.000000 -1.000000
-1.000000 -1.000000
-1.000000 -1.000000
-1.000000 -1.000000
-1.000000 -1.000000
-1.000000 -1.000000
-1.000000 -1.000000
-1.000000 -1.000000
757.628906 495.869568
316.761139 267.625854
-1.000000 -1.000000
345.604736 502.548676
427.030396 357.447876
-1.000000 -1.000000
690.387207 432.886536
-1.000000 -1.000000
-1.000000 -1.000000
-1.000000 -1.000000
536.531494 141.031708
735.599792 234.729599
-1.000000 -1.000000
-1.000000 -1.000000
-1.000000 -1.000000
-1.000000 -1.000000
-1.000000 -1.000000
-1.000000 -1.000000
-1.000000 -1.000000
-1.000000 -1.000000
842.081238 449.557617
647.577209 361.285187
427.655579 381.944702
-1.000000 -1.000000
-1.000000 -1.000000
732.346069 476.754608
689.293030 340.645416
314.380646 427.489349
-1.000000 -1.000000
-1.000000 -1.000000
-1.000000 -1.000000
461.763031 296.014374
-1.000000 -1.000000
383.764099 163.545578
-1.000000 -1.000000
-1.000000 -1.000000
-1.000000 -1.000000
496.659454 210.193802
-1.000000 -1.000000
-1.000000 -1.000000
569.064514 336.993225
846.364441 342.689301
-1.000000 -1.000000
-1.000000 -1.000000
-1.000000 -1.000000
826.720398 411.912537
-1.000000 -1.000000
-1.000000 -1.000000
-1.000000 -1.000000
709.599426 191.438568
-1.000000 -1.000000
-1.000000 -1.000000
624.791016 177.226654
-1.000000 -1.000000
-1.000000 -1.000000
-1.000000 -1.000000
518.300049 271.079956
667.442932 394.887451
249.194687 518.093384
716.289734 434.586243
-1.000000 -1.000000
-1.000000 -1.000000
-1.000000 -1.000000
-1.000000 -1.000000
-1.000000 -1.000000
648.402405 427.847137
423.672241 183.278717
-1.000000 -1.000000
-1.000000 -1.000000
-1.000000 -1.000000
-1.000000 -1.000000
-1.000000 -1.000000
-1.000000 -1.000000
412.948242 161.071030
-1.000000 -1.000000
-1.000000 -1.000000
-1.000000 -1.000000
333.134766 377.433960
-1.000000 -1.000000
-1.000000 -1.000000
641.504639 346.676544
678.342346 339.994232
-1.000000 -1.000000
-1.000000 -1.000000
-1.000000 -1.000000
-1.000000 -1.000000
320.917999 386.753082
391.067657 120.958321
-1.000000 -1.000000
-1.000000 -1.000000
-1.000000 -1.000000
848.935242 279.918457
-1.000000 -1.000000
-1.000000 -1.000000
-1.000000 -1.000000
669.261536 405.068817
-1.000000 -1.000000
525.845032 282.161499
-1.000000 -1.000000
-1.000000 -1.000000
-1.000000 -1.000000
-1.000000 -1.000000
-1.000000 -1.000000
-1.000000 -1.000000
-1.000000 -1.000000
688.747375 444.823151
694.874939 461.627167
-1.000000 -1.000000
-1.000000 -1.000000
-1.000000 -1.000000
-1.000000 -1.000000
696.608948 376.286804
854.646179 253.857681
-1.000000 -1.000000
837.459473 438.522186
679.528381 427.908630
201.510345 453.969727
879.765503 447.705505
456.529053 248.975388
-1.000000 -1.000000
-1.000000 -1.000000
-1.000000 -1.000000
700.697327 478.869507
-1.000000 -1.000000
406.184906 298.323517
-1.000000 -1.000000
-1.000000 -1.000000
584.755188 239.742981
848.863342 469.749207
-1.000000 -1.000000
-1.000000 -1.000000
-1.000000 -1.000000
431.329956 201.331665
-1.000000 -1.000000
281.939362 330.836273
658.641235 366.269958
734.464661 257.327026
