-1.000000 -1.000000
-1.000000 -1.000000
-1.000000 -1.000000
-1.000000 -1.000000
-1.000000 -1.000000
-1.000000 -1.000000
-1.000000 -1.000000
-1.000000 -1.000000
-1.000000 -1.000000
-1.000000 -1.000000
1173.505493 222.756683
497.285095 168.527069
-1.000000 -1.000000
-1.000000 -1.000000
-1.000000 -1.000000
-1.000000 -1.000000
627.920471 104.584366
-1.000000 -1.000000
267.477081 461.906647
703.328552 358.427948
-1.000000 -1.000000
391.764893 230.677231
-1.000000 -1.000000
-1.000000 -1.000000
630.241028 138.964905
236.425064 409.248688
1127.464600 41.503777
332.941162 366.801941
368.978851 279.787689
-1.000000 -1.000000
617.013855 280.416504
1205.968628 59.679092
431.041626 62.939377
633.008423 294.216705
595.106384 72.937492
1172.758301 221.720398
469.837250 122.352409
408.964539 216.121155
-1.000000 -1.000000
330.879303 315.163635
408.612457 362.472290
-1.000000 -1.000000
314.557281 359.361725
467.863129 213.726120
399.757538 343.339050
-1.000000 -1.000000
296.449890 277.368134
-1.000000 -1.000000
-1.000000 -1.000000
-1.000000 -1.000000
-1.000000 -1.000000
589.090332 40.610588
-1.000000 -1.000000
-1.000000 -1.000000
424.363525 149.685760
-1.000000 -1.000000
225.470078 404.565186
702.511047 141.673492
-1.000000 -1.000000
-1.000000 -1.000000
1114.104858 117.268082
1122.494873 127.752769
192.385132 488.884796
-1.000000 -1.000000
-1.000000 -1.000000
-1.000000 -1.000000
-1.000000 -1.000000
1110.874268 76.719093
-1.000000 -1.000000
-1.000000 -1.000000
304.480103 352.546082
457.168579 200.418823
-1.000000 -1.000000
256.361328 351.141785
-1.000000 -1.000000
-1.000000 -1.000000
818.447083 256.956696
369.254456 458.703979
388.519348 184.580734
285.149567 273.529205
-1.000000 -1.000000
-1.000000 -1.000000
350.787140 157.582657
-1.000000 -1.000000
714.681030 78.079300
450.345459 226.599380
-1.000000 -1.000000
386.441071 221.015549
-1.000000 -1.000000
-1.000000 -1.000000
-1.000000 -1.000000
361.015717 261.073242
313.535065 224.731308
-1.000000 -1.000000
-1.000000 -1.000000
301.315765 399.745667
-1.000000 -1.000000
-1.000000 -1.000000
-1.000000 -1.000000
-1.000000 -1.000000
764.613831 354.255890
-1.000000 -1.000000
865.954834 265.185547
391.077606 370.347321
339.293121 154.485703
750.119629 144.467102
805.880737 364.279022
-1.000000 -1.000000
338.576538 267.725281
359.674652 225.692047
293.204803 266.333557
-1.000000 -1.000000
392.841705 142.829315
769.585754 364.897736
-1.000000 -1.000000
-1.000000 -1.000000
395.739380 209.275269
347.553436 146.781601
233.569290 397.996735
-1.000000 -1.000000
189.792770 454.979340
-1.000000 -1.000000
374.722900 220.306213
-1.000000 -1.000000
507.999390 190.300446
239.934891 497.479980
417.350739 134.678528
589.578247 165.051086
-1.000000 -1.000000
-1.000000 -1.000000
-1.000000 -1.000000
716.649231 372.176788
-1.000000 -1.000000
-1.000000 -1.000000
713.335388 140.827545
-1.000000 -1.000000
365.255463 110.174751
-1.000000 -1.000000
650.417725 232.394730
-1.000000 -1.000000
-1.000000 -1.000000
-1.000000 -1.000000
-1.000000 -1.000000
-1.000000 -1.000000
-1.000000 -1.000000
440.095551 55.151405
-1.000000 -1.000000
505.592834 159.448013
736.515259 318.659119
-1.000000 -1.000000
809.218262 217.119507
-1.000000 -1.000000
-1.000000 -1.000000
1129.533203 30.975470
252.028564 319.943054
-1.000000 -1.000000
-1.000000 -1.000000
-1.000000 -1.000000
-1.000000 -1.000000
-1.000000 -1.000000
-1.000000 -1.000000
-1.000000 -1.000000
-1.000000 -1.000000
772.654114 373.616760
308.638123 197.727890
-1.000000 -1.000000
368.242584 427.709351
429.183929 276.381317
-1.000000 -1.000000
699.850220 320.621094
-1.000000 -1.000000
434.786499 147.988831
-1.000000 -1.000000
520.397156 62.441418
724.407593 117.886810
-1.000000 -1.000000
-1.000000 -1.000000
-1.000000 -1.000000
520.911011 65.882439
-1.000000 -1.000000
-1.000000 -1.000000
-1.000000 -1.000000
-1.000000 -1.000000
851.369446 319.352783
649.051941 254.538773
432.369629 300.763916
-1.000000 -1.000000
393.546631 353.597290
745.528992 357.981659
688.731018 229.799011
327.648926 357.572601
-1.000000 -1.000000
-1.000000 -1.000000
-1.000000 -1.000000
454.668396 211.088760
-1.000000 -1.000000
361.305969 83.852745
-1.000000 -1.000000
-1.000000 -1.000000
-1.000000 -1.000000
480.372864 120.300034
-1.000000 -1.000000
-1.000000 -1.000000
567.757507 238.863800
845.753113 214.232162
-1.000000 -1.000000
-1.000000 -1.000000
-1.000000 -1.000000
831.987427 284.243683
-1.000000 -1.000000
-1.000000 -1.000000
-1.000000 -1.000000
692.890320 75.364372
-1.000000 -1.000000
-1.000000 -1.000000
605.580505 71.987762
-1.000000 -1.000000
428.199921 138.401596
341.500549 354.201996
509.455109 179.263748
672.404114 285.382690
276.581451 452.287109
725.456116 319.158142
-1.000000 -1.000000
-1.000000 -1.000000
-1.000000 -1.000000
-1.000000 -1.000000
-1.000000 -1.000000
656.062378 319.288544
401.954376 100.239090
-1.000000 -1.000000
-1.000000 -1.000000
-1.000000 -1.000000
-1.000000 -1.000000
350.360718 259.576813
814.930664 365.283264
388.654327 78.961113
403.816772 134.773987
467.298096 72.048454
-1.000000 -1.000000
338.864471 306.094421
-1.000000 -1.000000
762.519470 287.184235
641.859924 240.515182
677.425537 230.500626
-1.000000 -1.000000
-1.000000 -1.000000
-1.000000 -1.000000
396.283966 174.831879
327.302887 365.373138
361.693909 40.052444
-1.000000 -1.000000
-1.000000 -1.000000
-1.000000 -1.000000
841.427124 149.565353
240.177612 417.347870
-1.000000 -1.000000
-1.000000 -1.000000
674.828186 294.834381
-1.000000 -1.000000
518.584656 189.466248
-1.000000 -1.000000
-1.000000 -1.000000
-1.000000 -1.000000
-1.000000 -1.000000
-1.000000 -1.000000
-1.000000 -1.000000
-1.000000 -1.000000
699.030212 331.748749
707.018372 347.607483
-1.000000 -1.000000
-1.000000 -1.000000
-1.000000 -1.000000
-1.000000 -1.000000
699.620850 265.534882
846.169739 123.068977
-1.000000 -1.000000
845.806641 309.458679
688.139160 316.290924
220.829315 395.079590
888.658203 314.412567
443.980316 163.974777
-1.000000 -1.000000
-1.000000 -1.000000
-1.000000 -1.000000
714.131287 363.582031
-1.000000 -1.000000
400.376465 219.173203
376.999573 407.988281
809.073547 278.677460
571.628174 138.330994
860.503967 339.415527
-1.000000 -1.000000
-1.000000 -1.000000
-1.000000 -1.000000
413.386566 118.846771
-1.000000 -1.000000
282.378387 264.402344
660.802795 258.491669
724.614807 140.536850
