1182.802124 645.995422
1089.473633 456.870789
554.452148 543.810303
994.048706 688.115906
473.844452 674.321472
1042.692627 544.444153
1085.084473 480.540924
497.164673 533.144470
412.688904 521.995972
1157.240112 685.185791
152.912338 649.468262
916.871216 196.513840
396.707855 402.611023
277.049255 541.654297
384.609406 159.404526
1004.000000 695.000000
1178.934082 490.284760
1035.031860 608.104126
1023.476074 605.712524
1250.000000 563.000000
74.948784 666.856506
1114.931519 481.189819
483.343689 694.144104
532.498718 232.454910
531.627441 167.629639
236.073227 667.223999
1101.453247 522.736206
178.180664 641.342285
474.313293 407.875397
635.547546 335.583618
551.884094 556.170471
684.886169 665.385742
1190.992310 691.216064
1151.725708 510.242706
137.445770 635.838989
540.234436 332.923767
152.231903 548.746216
1052.260254 544.328674
372.909088 102.577980
1237.391357 553.409485
384.538025 183.559128
174.707901 598.336426
539.258728 314.135132
357.950378 550.128357
174.328354 598.522888
498.033844 551.187317
400.416229 420.179657
1101.000000 640.000000
1034.444214 621.092712
168.650177 631.380798
260.984009 463.262024
1227.293823 558.567078
654.638672 572.408081
424.582611 409.033905
1027.871338 195.094513
413.298676 537.470581
476.963776 426.350830
1083.031128 383.699982
230.024506 580.827332
629.328064 500.709778
527.776672 633.503967
370.015686 161.891388
206.295517 558.899902
1024.198608 352.222107
233.630493 647.144043
471.153046 89.010429
247.924454 529.422913
565.024841 313.496521
385.668579 170.254623
653.611145 554.929871
612.391785 559.772644
352.023376 536.570374
622.278198 561.153564
82.834312 607.008911
471.549896 534.006226
173.714676 598.823059
515.234314 168.383133
1246.000000 131.000000
1008.129395 624.908569
1024.137695 274.917816
991.017273 661.127197
1119.064575 616.283447
688.199829 224.741943
564.202637 641.785767
1048.409424 566.510193
573.168518 641.740662
418.438995 177.240250
561.805664 327.294495
1110.196167 610.245789
1023.478882 377.449219
300.999908 534.831360
386.131165 170.612793
409.317505 167.745804
293.786530 500.993286
472.379028 156.211227
1125.393433 478.586945
546.708252 531.497925
1025.853149 323.924255
292.042023 526.981934
386.600189 316.750275
