-1.000000 -1.000000
-1.000000 -1.000000
-1.000000 -1.000000
-1.000000 -1.000000
-1.000000 -1.000000
-1.000000 -1.000000
-1.000000 -1.000000
-1.000000 -1.000000
-1.000000 -1.000000
-1.000000 -1.000000
1170.484863 232.754639
496.944824 162.081787
-1.000000 -1.000000
-1.000000 -1.000000
-1.000000 -1.000000
-1.000000 -1.000000
629.119751 101.487785
-1.000000 -1.000000
260.375092 451.106934
698.377197 357.673584
-1.000000 -1.000000
389.826477 222.328903
-1.000000 -1.000000
-1.000000 -1.000000
630.916321 135.095230
230.176590 397.778656
1128.958008 50.289429
327.866089 357.795410
366.043427 270.859650
-1.000000 -1.000000
613.906006 277.356415
1207.380005 68.570892
-1.000000 -1.000000
629.680176 291.438782
597.319092 68.405846
1169.556030 231.648651
470.544403 115.060692
407.430328 208.200256
-1.000000 -1.000000
327.168945 305.479248
404.235962 354.530182
-1.000000 -1.000000
309.714294 349.584869
466.544159 206.693405
395.514221 334.959625
-1.000000 -1.000000
293.351166 266.952271
-1.000000 -1.000000
-1.000000 -1.000000
-1.000000 -1.000000
-1.000000 -1.000000
591.758179 35.117050
-1.000000 -1.000000
-1.000000 -1.000000
424.611664 141.448395
-1.000000 -1.000000
218.929184 393.266724
702.739685 139.646439
-1.000000 -1.000000
-1.000000 -1.000000
1113.175415 124.488457
1122.059204 136.910294
183.799744 477.054657
-1.000000 -1.000000
-1.000000 -1.000000
-1.000000 -1.000000
-1.000000 -1.000000
1111.910400 83.382812
-1.000000 -1.000000
-1.000000 -1.000000
299.325928 342.641815
456.206207 193.330963
-1.000000 -1.000000
251.241058 340.349304
-1.000000 -1.000000
-1.000000 -1.000000
816.161865 258.087738
362.254578 450.843628
387.703461 175.884918
281.698669 263.108582
-1.000000 -1.000000
-1.000000 -1.000000
350.580017 148.282425
-1.000000 -1.000000
716.461182 76.672234
448.366180 219.643433
-1.000000 -1.000000
384.718903 212.436752
-1.000000 -1.000000
-1.000000 -1.000000
-1.000000 -1.000000
358.180634 252.093170
311.341492 215.010315
-1.000000 -1.000000
-1.000000 -1.000000
295.297028 389.684845
-1.000000 -1.000000
-1.000000 -1.000000
-1.000000 -1.000000
-1.000000 -1.000000
759.829163 354.543488
-1.000000 -1.000000
863.199768 267.734039
385.840546 362.491302
338.709106 145.139999
750.552917 143.360397
800.836975 365.950867
-1.000000 -1.000000
335.847748 258.284180
357.643829 216.800415
290.431091 255.796814
-1.000000 -1.000000
393.042297 133.816803
764.680725 365.822601
-1.000000 -1.000000
-1.000000 -1.000000
394.248779 200.892181
347.690033 137.114349
227.665375 386.513306
-1.000000 -1.000000
182.242157 442.894714
-1.000000 -1.000000
373.164215 211.590714
-1.000000 -1.000000
507.494446 184.623535
231.395187 486.951080
417.430969 126.474678
589.835876 160.705872
-1.000000 -1.000000
-1.000000 -1.000000
-1.000000 -1.000000
711.331909 371.830475
-1.000000 -1.000000
-1.000000 -1.000000
713.639771 138.900146
-1.000000 -1.000000
365.653381 101.065147
-1.000000 -1.000000
648.609009 229.637512
-1.000000 -1.000000
-1.000000 -1.000000
-1.000000 -1.000000
-1.000000 -1.000000
-1.000000 -1.000000
-1.000000 -1.000000
442.169189 46.481285
-1.000000 -1.000000
505.335571 153.250732
732.595520 318.328735
-1.000000 -1.000000
807.505188 217.759888
-1.000000 -1.000000
-1.000000 -1.000000
-1.000000 -1.000000
247.733734 308.633362
-1.000000 -1.000000
-1.000000 -1.000000
-1.000000 -1.000000
-1.000000 -1.000000
-1.000000 -1.000000
-1.000000 -1.000000
-1.000000 -1.000000
-1.000000 -1.000000
767.135559 374.590210
307.060181 187.252960
-1.000000 -1.000000
362.021820 419.174194
426.050507 269.040955
-1.000000 -1.000000
695.699524 319.075806
-1.000000 -1.000000
434.764618 139.899063
-1.000000 -1.000000
522.800415 56.081734
725.304382 116.258301
-1.000000 -1.000000
-1.000000 -1.000000
-1.000000 -1.000000
522.940369 59.759205
-1.000000 -1.000000
-1.000000 -1.000000
-1.000000 -1.000000
-1.000000 -1.000000
847.134888 321.647003
646.499207 252.051437
429.048462 293.708374
-1.000000 -1.000000
389.057129 345.576874
740.749756 358.284241
686.884521 227.891235
322.783722 348.130737
-1.000000 -1.000000
-1.000000 -1.000000
-1.000000 -1.000000
454.019196 203.679321
-1.000000 -1.000000
362.379486 74.222084
-1.000000 -1.000000
-1.000000 -1.000000
-1.000000 -1.000000
481.142334 113.459557
-1.000000 -1.000000
-1.000000 -1.000000
565.920898 234.664001
844.037354 215.497208
-1.000000 -1.000000
-1.000000 -1.000000
-1.000000 -1.000000
829.210815 286.027863
-1.000000 -1.000000
-1.000000 -1.000000
-1.000000 -1.000000
694.413757 73.097649
-1.000000 -1.000000
-1.000000 -1.000000
606.956055 67.073349
-1.000000 -1.000000
428.525574 130.479050
336.675995 345.139587
508.693237 173.192307
669.725159 283.386719
269.334381 442.258942
721.604614 319.016724
-1.000000 -1.000000
-1.000000 -1.000000
-1.000000 -1.000000
-1.000000 -1.000000
-1.000000 -1.000000
652.102417 317.437897
403.488800 91.102760
-1.000000 -1.000000
-1.000000 -1.000000
-1.000000 -1.000000
-1.000000 -1.000000
347.686584 250.359268
810.279785 366.833466
390.534851 69.817459
403.671661 126.615448
469.298950 64.195023
-1.000000 -1.000000
335.183044 296.911560
-1.000000 -1.000000
759.575134 287.641296
639.373901 237.541306
675.593994 228.260864
-1.000000 -1.000000
-1.000000 -1.000000
-1.000000 -1.000000
395.324554 166.401474
322.685608 355.719299
363.901825 30.501783
-1.000000 -1.000000
-1.000000 -1.000000
-1.000000 -1.000000
841.602600 151.256256
234.070496 405.887268
-1.000000 -1.000000
-1.000000 -1.000000
672.018127 293.588348
-1.000000 -1.000000
517.614868 184.114456
-1.000000 -1.000000
-1.000000 -1.000000
-1.000000 -1.000000
-1.000000 -1.000000
-1.000000 -1.000000
-1.000000 -1.000000
-1.000000 -1.000000
694.795288 330.848969
701.884216 345.568909
-1.000000 -1.000000
-1.000000 -1.000000
-1.000000 -1.000000
-1.000000 -1.000000
696.960693 263.650940
846.487183 124.276566
-1.000000 -1.000000
841.423584 311.752808
684.357605 315.236206
214.283981 383.917114
883.993164 316.735992
444.572388 156.259506
-1.000000 -1.000000
-1.000000 -1.000000
-1.000000 -1.000000
709.507019 363.153168
-1.000000 -1.000000
399.427643 210.922012
370.823944 399.737579
805.777527 279.877563
572.294861 133.661530
855.703735 341.630035
-1.000000 -1.000000
-1.000000 -1.000000
-1.000000 -1.000000
414.019958 109.494049
-1.000000 -1.000000
278.728271 254.421066
658.285095 256.139008
724.565125 139.198105
