1200.539185 127.094246
1216.852417 534.433655
279.931946 573.982971
-1.000000 -1.000000
1143.252441 575.836731
1209.439209 504.326355
1222.217651 468.071960
-1.000000 -1.000000
1130.521118 547.021851
660.306824 351.099976
1175.200195 505.464172
517.950867 350.428070
1236.556763 146.394104
1090.670532 579.409363
1159.522339 550.543396
1192.604858 157.537094
654.735413 308.402283
1221.534912 82.713364
232.374832 604.958679
692.142761 568.430115
1101.308594 570.401550
403.864349 392.182831
1189.600830 495.495300
-1.000000 -1.000000
650.712646 342.151703
214.547760 545.581848
1143.843750 323.460388
318.336792 517.902649
371.361298 438.579163
-1.000000 -1.000000
617.681335 476.509644
1217.774048 353.308807
472.985260 243.196182
631.519897 492.543945
625.570496 274.321747
1205.879883 470.602142
497.962708 301.434601
424.047394 381.594879
579.278809 354.898041
326.223969 466.545593
393.847351 525.787292
-1.000000 -1.000000
301.199615 509.209625
479.649811 388.179840
388.239105 505.609772
254.833923 548.554016
302.113556 423.234772
760.111328 495.144562
438.847534 161.918671
-1.000000 -1.000000
1202.024658 51.547592
626.179932 245.544708
-1.000000 -1.000000
1145.657715 476.206940
449.480804 321.813416
-1.000000 -1.000000
204.630234 540.273560
721.701782 355.311554
1168.875122 230.859955
-1.000000 -1.000000
1125.221069 393.124756
1131.913940 402.438019
152.540848 619.232361
-1.000000 -1.000000
-1.000000 -1.000000
-1.000000 -1.000000
-1.000000 -1.000000
1125.529663 354.753143
-1.000000 -1.000000
-1.000000 -1.000000
294.606903 499.035767
472.005493 373.943451
1174.744507 198.708008
246.887375 489.632721
602.393860 349.677917
1180.224731 231.313049
821.058472 485.309021
336.773438 616.869934
408.083649 348.494202
292.135254 418.916260
-1.000000 -1.000000
721.884216 491.629272
378.887390 316.501099
1210.511963 73.472092
741.119385 295.635071
462.609558 397.038239
1205.232788 111.375504
400.331970 383.298767
1162.204346 291.911499
-1.000000 -1.000000
-1.000000 -1.000000
369.346252 416.412842
328.892578 374.253296
663.114014 470.004730
-1.000000 -1.000000
282.456238 545.436279
-1.000000 -1.000000
-1.000000 -1.000000
1121.585449 57.723686
1239.143677 120.359604
752.568359 574.780090
1184.573120 188.391266
864.026733 498.652130
376.744049 530.480835
369.215912 312.637939
765.220703 363.507080
791.935547 590.616455
1169.342529 281.679657
343.649445 420.914612
374.920929 382.321381
299.911041 413.139282
1156.337402 302.428040
420.516052 309.673065
755.315979 584.697998
711.957886 302.594543
-1.000000 -1.000000
412.146149 373.755798
376.924286 306.914459
213.092499 535.044739
-1.000000 -1.000000
157.117844 586.361694
1212.084717 89.232483
387.152527 381.936584
-1.000000 -1.000000
523.336243 370.010345
199.905563 636.338196
447.566467 304.698669
606.172607 360.288452
-1.000000 -1.000000
661.695740 363.445679
451.646179 160.373230
702.549927 584.332764
272.256470 539.794800
1162.584106 259.350281
731.370300 355.913116
502.783508 245.352448
401.584351 273.240784
1157.258301 540.130615
657.275269 435.425049
726.969727 300.831696
564.787292 47.999493
1120.513062 29.745449
1157.646362 530.218445
723.226135 231.571350
-1.000000 -1.000000
483.937439 235.720047
639.634766 239.117966
528.464233 342.028992
728.784607 533.727112
1197.687256 148.819107
815.410461 444.954742
-1.000000 -1.000000
1168.169434 240.201843
1146.469971 312.235199
248.863876 460.071930
714.587341 214.000595
-1.000000 -1.000000
615.965881 141.726135
1194.496582 184.276306
619.921875 128.123230
-1.000000 -1.000000
-1.000000 -1.000000
551.706177 51.003239
758.683228 594.617920
329.375336 349.702179
483.498566 259.843597
342.281860 586.629089
432.346863 443.333313
683.874268 114.091042
693.017334 529.796570
487.457458 158.860977
461.418610 321.135193
-1.000000 -1.000000
555.477112 253.666138
746.130249 336.381470
595.000793 146.616165
-1.000000 -1.000000
-1.000000 -1.000000
549.380310 239.010895
-1.000000 -1.000000
1175.799316 271.545044
-1.000000 -1.000000
-1.000000 -1.000000
844.187866 551.397888
653.686218 454.521332
431.146332 465.874878
-1.000000 -1.000000
382.403503 514.127808
732.841919 573.585266
694.096313 438.142822
314.778931 509.177094
-1.000000 -1.000000
1138.417480 223.779114
-1.000000 -1.000000
468.242340 383.438934
-1.000000 -1.000000
401.738312 251.209930
605.808411 155.301300
751.236145 495.272675
534.712463 196.761597
509.410248 299.844543
1181.213501 243.545837
-1.000000 -1.000000
575.695740 427.286896
849.688660 446.332977
-1.000000 -1.000000
-1.000000 -1.000000
-1.000000 -1.000000
826.862793 512.696777
-1.000000 -1.000000
-1.000000 -1.000000
-1.000000 -1.000000
719.885071 292.249878
1194.920044 543.876709
1247.543823 428.957397
637.269592 273.751404
-1.000000 -1.000000
455.407379 310.099609
328.458282 508.330017
527.481323 361.821411
667.939636 489.335785
247.321350 595.591919
716.860168 532.096130
-1.000000 -1.000000
-1.000000 -1.000000
-1.000000 -1.000000
674.052551 356.540253
-1.000000 -1.000000
650.217651 520.445496
436.076569 270.500305
697.851257 157.475266
-1.000000 -1.000000
-1.000000 -1.000000
731.775635 286.607635
359.125336 413.687988
803.496277 593.310303
427.333160 250.207016
435.545502 301.788452
505.869171 256.536499
-1.000000 -1.000000
339.729889 458.234314
1175.675171 530.137329
758.658691 504.890289
648.073242 441.883301
682.023865 436.912781
662.518860 335.119751
625.164978 140.621277
1141.777588 204.639114
421.376801 339.217773
341.306580 501.550964
409.784027 206.309219
570.570312 356.795807
-1.000000 -1.000000
-1.000000 -1.000000
855.194641 383.809814
214.445221 556.353760
679.734497 188.213593
-1.000000 -1.000000
669.935730 497.698914
495.648590 252.968567
534.174316 371.050690
-1.000000 -1.000000
-1.000000 -1.000000
-1.000000 -1.000000
-1.000000 -1.000000
611.355774 129.684906
1148.103638 466.679871
-1.000000 -1.000000
690.697754 539.981812
697.472229 559.495667
740.369446 281.187592
-1.000000 -1.000000
711.400696 312.864166
579.698364 364.697662
700.367188 476.808685
860.108215 360.133972
572.568359 329.683075
839.893066 542.373840
680.450623 521.841858
205.073181 528.150513
880.334473 552.281372
462.827698 335.049286
-1.000000 -1.000000
-1.000000 -1.000000
549.145020 231.404266
703.266785 574.144287
-1.000000 -1.000000
413.432098 383.595245
354.039856 569.058411
806.812683 505.092285
597.889465 331.957672
851.006531 572.367798
569.428345 320.420074
707.969788 190.330826
-1.000000 -1.000000
444.664307 293.797791
-1.000000 -1.000000
293.377289 408.631348
663.277832 459.585114
743.472229 356.428009
