-1.000000 -1.000000
-1.000000 -1.000000
-1.000000 -1.000000
-1.000000 -1.000000
-1.000000 -1.000000
-1.000000 -1.000000
-1.000000 -1.000000
-1.000000 -1.000000
-1.000000 -1.000000
-1.000000 -1.000000
-1.000000 -1.000000
484.102234 425.702728
-1.000000 -1.000000
-1.000000 -1.000000
-1.000000 -1.000000
-1.000000 -1.000000
-1.000000 -1.000000
-1.000000 -1.000000
166.208557 665.175232
-1.000000 -1.000000
-1.000000 -1.000000
-1.000000 -1.000000
-1.000000 -1.000000
-1.000000 -1.000000
617.802795 425.827667
-1.000000 -1.000000
-1.000000 -1.000000
-1.000000 -1.000000
326.625305 505.641052
-1.000000 -1.000000
-1.000000 -1.000000
1173.100464 472.834778
-1.000000 -1.000000
-1.000000 -1.000000
599.187439 355.740204
-1.000000 -1.000000
469.238922 375.198914
385.053375 452.370972
-1.000000 -1.000000
-1.000000 -1.000000
-1.000000 -1.000000
-1.000000 -1.000000
-1.000000 -1.000000
442.211945 461.343536
-1.000000 -1.000000
-1.000000 -1.000000
-1.000000 -1.000000
-1.000000 -1.000000
-1.000000 -1.000000
-1.000000 -1.000000
-1.000000 -1.000000
602.637268 325.602814
-1.000000 -1.000000
-1.000000 -1.000000
-1.000000 -1.000000
-1.000000 -1.000000
-1.000000 -1.000000
-1.000000 -1.000000
-1.000000 -1.000000
-1.000000 -1.000000
-1.000000 -1.000000
1081.078857 544.871521
79.586868 675.985657
-1.000000 -1.000000
-1.000000 -1.000000
-1.000000 -1.000000
-1.000000 -1.000000
1084.320312 469.172974
-1.000000 -1.000000
-1.000000 -1.000000
240.322449 562.044128
435.354919 447.156097
-1.000000 -1.000000
192.382294 549.834900
-1.000000 -1.000000
-1.000000 -1.000000
774.502808 584.487549
273.748962 683.954773
-1.000000 -1.000000
-1.000000 -1.000000
-1.000000 -1.000000
-1.000000 -1.000000
-1.000000 -1.000000
-1.000000 -1.000000
-1.000000 -1.000000
422.372559 470.458954
-1.000000 -1.000000
-1.000000 -1.000000
-1.000000 -1.000000
-1.000000 -1.000000
-1.000000 -1.000000
325.783386 483.897491
288.999207 439.683472
-1.000000 -1.000000
-1.000000 -1.000000
223.677612 608.164612
-1.000000 -1.000000
-1.000000 -1.000000
-1.000000 -1.000000
-1.000000 -1.000000
-1.000000 -1.000000
-1.000000 -1.000000
817.074280 600.994385
-1.000000 -1.000000
336.007477 381.442474
729.260376 454.459167
-1.000000 -1.000000
-1.000000 -1.000000
-1.000000 -1.000000
334.048798 450.520630
-1.000000 -1.000000
-1.000000 -1.000000
-1.000000 -1.000000
-1.000000 -1.000000
-1.000000 -1.000000
-1.000000 -1.000000
373.906403 443.559570
-1.000000 -1.000000
-1.000000 -1.000000
-1.000000 -1.000000
88.809349 641.712524
-1.000000 -1.000000
-1.000000 -1.000000
-1.000000 -1.000000
487.154449 446.630524
-1.000000 -1.000000
-1.000000 -1.000000
-1.000000 -1.000000
-1.000000 -1.000000
-1.000000 -1.000000
-1.000000 -1.000000
647.198730 683.965210
-1.000000 -1.000000
-1.000000 -1.000000
696.169983 445.591553
-1.000000 -1.000000
-1.000000 -1.000000
-1.000000 -1.000000
614.857544 521.710388
-1.000000 -1.000000
-1.000000 -1.000000
-1.000000 -1.000000
-1.000000 -1.000000
-1.000000 -1.000000
-1.000000 -1.000000
461.536194 307.350433
-1.000000 -1.000000
494.620758 418.239563
677.993835 630.046631
-1.000000 -1.000000
771.912964 541.082703
-1.000000 -1.000000
-1.000000 -1.000000
-1.000000 -1.000000
197.862717 519.760254
-1.000000 -1.000000
-1.000000 -1.000000
-1.000000 -1.000000
-1.000000 -1.000000
-1.000000 -1.000000
-1.000000 -1.000000
-1.000000 -1.000000
-1.000000 -1.000000
-1.000000 -1.000000
291.704102 415.126160
-1.000000 -1.000000
282.099304 653.555603
388.819763 514.043274
-1.000000 -1.000000
642.484009 623.513855
-1.000000 -1.000000
-1.000000 -1.000000
-1.000000 -1.000000
528.016663 312.773956
711.677063 425.847229
-1.000000 -1.000000
-1.000000 -1.000000
-1.000000 -1.000000
-1.000000 -1.000000
-1.000000 -1.000000
-1.000000 -1.000000
-1.000000 -1.000000
-1.000000 -1.000000
793.142578 655.778564
608.650330 543.433044
-1.000000 -1.000000
-1.000000 -1.000000
-1.000000 -1.000000
679.663208 674.267517
651.728394 526.826904
-1.000000 -1.000000
-1.000000 -1.000000
-1.000000 -1.000000
-1.000000 -1.000000
-1.000000 -1.000000
-1.000000 -1.000000
374.699677 323.544281
-1.000000 -1.000000
-1.000000 -1.000000
-1.000000 -1.000000
480.277344 374.068115
-1.000000 -1.000000
-1.000000 -1.000000
534.531494 509.542450
806.268127 544.590393
-1.000000 -1.000000
-1.000000 -1.000000
-1.000000 -1.000000
779.709412 613.640808
-1.000000 -1.000000
-1.000000 -1.000000
-1.000000 -1.000000
-1.000000 -1.000000
-1.000000 -1.000000
-1.000000 -1.000000
609.463928 355.990417
-1.000000 -1.000000
-1.000000 -1.000000
-1.000000 -1.000000
492.310730 438.765503
621.575134 580.114746
-1.000000 -1.000000
666.262695 627.723755
-1.000000 -1.000000
-1.000000 -1.000000
-1.000000 -1.000000
-1.000000 -1.000000
-1.000000 -1.000000
601.167419 612.646790
412.555542 344.542755
-1.000000 -1.000000
-1.000000 -1.000000
-1.000000 -1.000000
-1.000000 -1.000000
-1.000000 -1.000000
-1.000000 -1.000000
406.014221 323.666321
-1.000000 -1.000000
-1.000000 -1.000000
-1.000000 -1.000000
315.715942 478.842407
-1.000000 -1.000000
-1.000000 -1.000000
-1.000000 -1.000000
640.029602 525.084351
-1.000000 -1.000000
-1.000000 -1.000000
-1.000000 -1.000000
-1.000000 -1.000000
274.452057 531.846680
392.011078 276.767181
-1.000000 -1.000000
-1.000000 -1.000000
-1.000000 -1.000000
816.817383 482.454865
-1.000000 -1.000000
-1.000000 -1.000000
-1.000000 -1.000000
622.890747 589.448364
-1.000000 -1.000000
498.357697 448.914490
-1.000000 -1.000000
-1.000000 -1.000000
-1.000000 -1.000000
-1.000000 -1.000000
-1.000000 -1.000000
-1.000000 -1.000000
-1.000000 -1.000000
639.678650 635.733765
-1.000000 -1.000000
-1.000000 -1.000000
-1.000000 -1.000000
-1.000000 -1.000000
-1.000000 -1.000000
655.072327 567.893860
821.774658 458.164734
-1.000000 -1.000000
789.687317 645.245422
630.801147 615.035461
145.106201 586.676880
829.292480 657.600952
-1.000000 -1.000000
-1.000000 -1.000000
-1.000000 -1.000000
-1.000000 -1.000000
648.544250 672.410278
-1.000000 -1.000000
375.523376 453.643036
-1.000000 -1.000000
-1.000000 -1.000000
565.477356 419.767151
797.609436 678.097717
-1.000000 -1.000000
-1.000000 -1.000000
-1.000000 -1.000000
-1.000000 -1.000000
-1.000000 -1.000000
248.164001 471.820679
618.794373 547.952881
708.109497 446.712219
