-1.000000 -1.000000
-1.000000 -1.000000
-1.000000 -1.000000
-1.000000 -1.000000
-1.000000 -1.000000
-1.000000 -1.000000
-1.000000 -1.000000
-1.000000 -1.000000
-1.000000 -1.000000
-1.000000 -1.000000
-1.000000 -1.000000
503.469055 339.055756
-1.000000 -1.000000
-1.000000 -1.000000
-1.000000 -1.000000
-1.000000 -1.000000
-1.000000 -1.000000
-1.000000 -1.000000
212.554611 589.430786
-1.000000 -1.000000
-1.000000 -1.000000
-1.000000 -1.000000
-1.000000 -1.000000
-1.000000 -1.000000
636.614624 332.461182
-1.000000 -1.000000
-1.000000 -1.000000
299.594574 504.833954
355.668060 425.017181
-1.000000 -1.000000
598.466187 468.409576
1198.675049 351.474457
-1.000000 -1.000000
611.752747 484.880768
613.970886 265.502014
-1.000000 -1.000000
485.517944 290.830505
408.278503 370.142883
-1.000000 -1.000000
309.760254 452.774933
-1.000000 -1.000000
-1.000000 -1.000000
283.890167 494.446594
465.657074 376.767303
310.921997 452.284363
-1.000000 -1.000000
284.631104 410.579529
-1.000000 -1.000000
-1.000000 -1.000000
-1.000000 -1.000000
-1.000000 -1.000000
614.370789 233.940216
-1.000000 -1.000000
-1.000000 -1.000000
-1.000000 -1.000000
-1.000000 -1.000000
-1.000000 -1.000000
-1.000000 -1.000000
-1.000000 -1.000000
-1.000000 -1.000000
-1.000000 -1.000000
1109.387695 412.176025
129.826492 604.524109
-1.000000 -1.000000
-1.000000 -1.000000
-1.000000 -1.000000
-1.000000 -1.000000
1106.369751 351.913544
-1.000000 -1.000000
-1.000000 -1.000000
275.149078 485.429321
458.097626 362.457977
-1.000000 -1.000000
227.732727 476.042633
-1.000000 -1.000000
-1.000000 -1.000000
800.311157 478.499573
316.366669 603.877808
-1.000000 -1.000000
274.715271 405.658722
-1.000000 -1.000000
-1.000000 -1.000000
364.321136 305.884064
-1.000000 -1.000000
-1.000000 -1.000000
445.811188 386.816345
-1.000000 -1.000000
-1.000000 -1.000000
-1.000000 -1.000000
-1.000000 -1.000000
-1.000000 -1.000000
351.556213 404.988403
312.877991 362.749084
-1.000000 -1.000000
-1.000000 -1.000000
261.475464 532.058289
-1.000000 -1.000000
-1.000000 -1.000000
-1.000000 -1.000000
-1.000000 -1.000000
731.530090 568.282471
-1.000000 -1.000000
844.546753 494.210480
-1.000000 -1.000000
354.046478 301.517059
749.886780 356.655182
770.675537 585.662048
-1.000000 -1.000000
-1.000000 -1.000000
357.795410 370.744965
-1.000000 -1.000000
-1.000000 -1.000000
-1.000000 -1.000000
734.219116 579.853027
-1.000000 -1.000000
-1.000000 -1.000000
396.389801 361.635529
-1.000000 -1.000000
-1.000000 -1.000000
-1.000000 -1.000000
135.344818 569.918457
-1.000000 -1.000000
-1.000000 -1.000000
-1.000000 -1.000000
508.816437 361.128448
176.388062 622.217957
-1.000000 -1.000000
-1.000000 -1.000000
-1.000000 -1.000000
-1.000000 -1.000000
-1.000000 -1.000000
680.846741 578.446899
-1.000000 -1.000000
-1.000000 -1.000000
715.503540 348.375061
-1.000000 -1.000000
-1.000000 -1.000000
-1.000000 -1.000000
639.585693 426.523529
-1.000000 -1.000000
-1.000000 -1.000000
-1.000000 -1.000000
-1.000000 -1.000000
-1.000000 -1.000000
-1.000000 -1.000000
471.028534 223.204468
-1.000000 -1.000000
512.693970 331.058411
708.723267 526.556885
-1.000000 -1.000000
796.342651 437.879333
-1.000000 -1.000000
-1.000000 -1.000000
-1.000000 -1.000000
230.393280 445.651123
-1.000000 -1.000000
-1.000000 -1.000000
-1.000000 -1.000000
-1.000000 -1.000000
-1.000000 -1.000000
-1.000000 -1.000000
-1.000000 -1.000000
-1.000000 -1.000000
-1.000000 -1.000000
313.548553 336.960205
-1.000000 -1.000000
322.541046 572.066162
416.446899 430.629211
-1.000000 -1.000000
672.825012 522.038269
-1.000000 -1.000000
-1.000000 -1.000000
-1.000000 -1.000000
538.803345 225.418976
729.556213 327.917328
-1.000000 -1.000000
-1.000000 -1.000000
-1.000000 -1.000000
-1.000000 -1.000000
-1.000000 -1.000000
-1.000000 -1.000000
-1.000000 -1.000000
-1.000000 -1.000000
822.647095 546.687622
634.347839 447.536133
414.288452 455.009979
-1.000000 -1.000000
-1.000000 -1.000000
712.130310 568.451355
676.729065 429.455139
297.181641 495.067841
-1.000000 -1.000000
-1.000000 -1.000000
-1.000000 -1.000000
454.518555 372.423492
-1.000000 -1.000000
388.392609 240.188156
-1.000000 -1.000000
-1.000000 -1.000000
-1.000000 -1.000000
495.827362 289.982361
-1.000000 -1.000000
-1.000000 -1.000000
558.856384 418.984253
831.524048 440.325592
-1.000000 -1.000000
-1.000000 -1.000000
-1.000000 -1.000000
808.389404 507.388245
-1.000000 -1.000000
-1.000000 -1.000000
-1.000000 -1.000000
706.026672 285.165009
-1.000000 -1.000000
-1.000000 -1.000000
623.481262 265.398590
-1.000000 -1.000000
-1.000000 -1.000000
-1.000000 -1.000000
512.757446 351.306091
650.917725 481.782806
224.798569 582.032715
697.654114 525.038635
-1.000000 -1.000000
-1.000000 -1.000000
-1.000000 -1.000000
-1.000000 -1.000000
-1.000000 -1.000000
631.373718 514.016785
425.977966 259.584747
-1.000000 -1.000000
-1.000000 -1.000000
-1.000000 -1.000000
-1.000000 -1.000000
-1.000000 -1.000000
-1.000000 -1.000000
417.256989 239.101929
-1.000000 -1.000000
-1.000000 -1.000000
-1.000000 -1.000000
320.479584 445.766785
-1.000000 -1.000000
-1.000000 -1.000000
629.698853 433.405487
665.240845 428.300812
-1.000000 -1.000000
-1.000000 -1.000000
-1.000000 -1.000000
-1.000000 -1.000000
306.917450 454.315948
399.239532 198.069580
-1.000000 -1.000000
-1.000000 -1.000000
-1.000000 -1.000000
838.323364 379.032166
-1.000000 -1.000000
-1.000000 -1.000000
-1.000000 -1.000000
652.945007 491.750824
-1.000000 -1.000000
519.067627 361.737061
-1.000000 -1.000000
-1.000000 -1.000000
-1.000000 -1.000000
-1.000000 -1.000000
-1.000000 -1.000000
-1.000000 -1.000000
-1.000000 -1.000000
670.494019 533.604492
675.823608 551.143860
-1.000000 -1.000000
-1.000000 -1.000000
-1.000000 -1.000000
-1.000000 -1.000000
682.106384 467.438904
843.484070 353.820007
-1.000000 -1.000000
818.500488 536.058716
661.102844 515.696167
182.570358 514.790039
859.381104 546.770569
452.877899 325.773438
-1.000000 -1.000000
-1.000000 -1.000000
-1.000000 -1.000000
680.474731 568.648682
-1.000000 -1.000000
400.502197 371.738922
-1.000000 -1.000000
-1.000000 -1.000000
581.477844 324.855896
828.098877 567.353638
-1.000000 -1.000000
-1.000000 -1.000000
-1.000000 -1.000000
432.488068 278.708496
-1.000000 -1.000000
274.043701 396.258179
645.108948 452.167755
726.719604 349.678833
