-1.000000 -1.000000
-1.000000 -1.000000
294.579071 489.576324
-1.000000 -1.000000
-1.000000 -1.000000
-1.000000 -1.000000
-1.000000 -1.000000
-1.000000 -1.000000
-1.000000 -1.000000
-1.000000 -1.000000
1168.372070 327.419739
500.695404 244.255585
-1.000000 -1.000000
-1.000000 -1.000000
-1.000000 -1.000000
-1.000000 -1.000000
632.804138 187.439621
-1.000000 -1.000000
252.502090 525.707153
697.135620 440.575226
-1.000000 -1.000000
392.496582 299.591797
-1.000000 -1.000000
-1.000000 -1.000000
633.234009 221.530746
225.616409 470.574432
1125.623779 148.517792
324.794250 432.249634
366.386963 347.785980
-1.000000 -1.000000
614.446594 359.178619
1201.894165 170.104858
441.497772 139.336838
629.731934 373.507782
601.250427 155.861801
1167.506348 326.294067
475.573853 197.470367
410.747162 286.459015
-1.000000 -1.000000
325.867645 380.825806
400.712952 431.426208
-1.000000 -1.000000
306.787109 424.452240
468.421143 286.617523
392.797668 412.136810
-1.000000 -1.000000
294.757477 341.319519
-1.000000 -1.000000
397.294067 59.677021
-1.000000 -1.000000
-1.000000 -1.000000
597.460449 125.157951
-1.000000 -1.000000
-1.000000 -1.000000
429.197449 222.475082
-1.000000 -1.000000
214.829010 465.825378
704.826355 227.133133
1143.302368 52.210609
-1.000000 -1.000000
1111.305786 221.410110
1118.924194 230.942001
175.457108 548.752808
-1.000000 -1.000000
-1.000000 -1.000000
-1.000000 -1.000000
-1.000000 -1.000000
1108.798218 182.480759
-1.000000 -1.000000
-1.000000 -1.000000
297.715820 416.550690
458.583038 273.356934
-1.000000 -1.000000
249.601257 412.710114
-1.000000 -1.000000
-1.000000 -1.000000
815.773926 345.213318
355.629974 526.200928
391.308716 254.872009
284.107452 337.324188
-1.000000 -1.000000
-1.000000 -1.000000
356.662781 226.036423
-1.000000 -1.000000
719.084167 165.461929
451.190063 298.147369
-1.000000 -1.000000
387.642212 290.350494
1142.165527 115.829597
-1.000000 -1.000000
-1.000000 -1.000000
360.477173 327.688721
314.903229 289.879578
658.520142 347.839264
-1.000000 -1.000000
291.833557 463.443970
-1.000000 -1.000000
-1.000000 -1.000000
-1.000000 -1.000000
-1.000000 -1.000000
757.580200 439.609619
-1.000000 -1.000000
861.193237 354.765900
383.381836 438.376282
345.964569 222.720840
750.399231 231.224930
798.344727 451.141235
-1.000000 -1.000000
336.552399 334.218109
361.365448 292.900757
291.803009 330.799896
1136.560547 126.873306
398.401642 214.089798
761.745483 449.869659
-1.000000 -1.000000
-1.000000 -1.000000
397.780090 279.232117
353.711670 215.865036
222.778015 459.658295
-1.000000 -1.000000
175.061203 515.377014
-1.000000 -1.000000
375.129395 289.944214
-1.000000 -1.000000
509.540680 265.000916
223.673752 559.845703
423.973267 206.809143
591.153748 244.731827
-1.000000 -1.000000
-1.000000 -1.000000
409.360626 57.615719
709.717590 454.900635
-1.000000 -1.000000
-1.000000 -1.000000
715.133240 226.842636
-1.000000 -1.000000
373.573486 180.254791
-1.000000 -1.000000
649.565186 313.840424
-1.000000 -1.000000
-1.000000 -1.000000
-1.000000 -1.000000
-1.000000 -1.000000
695.407410 101.121063
-1.000000 -1.000000
451.263611 131.445694
-1.000000 -1.000000
509.871307 235.253677
730.790955 402.579102
-1.000000 -1.000000
807.536926 305.775299
-1.000000 -1.000000
-1.000000 -1.000000
1127.537231 137.693802
247.428741 382.271790
684.315369 82.596367
-1.000000 -1.000000
-1.000000 -1.000000
-1.000000 -1.000000
-1.000000 -1.000000
-1.000000 -1.000000
-1.000000 -1.000000
-1.000000 -1.000000
765.273621 458.807709
311.814270 264.250824
-1.000000 -1.000000
356.977356 495.525238
426.879761 346.783722
-1.000000 -1.000000
694.811157 402.858398
444.622559 49.987782
440.360382 220.937195
-1.000000 -1.000000
527.821350 142.098312
727.135071 205.164215
553.906311 25.790886
-1.000000 -1.000000
-1.000000 -1.000000
528.202332 145.385300
-1.000000 -1.000000
-1.000000 -1.000000
-1.000000 -1.000000
-1.000000 -1.000000
845.548462 408.200989
647.508606 334.072235
428.572937 370.050812
-1.000000 -1.000000
387.137085 421.878326
738.162842 441.589478
686.993835 312.926208
320.338898 423.196777
-1.000000 -1.000000
1112.502197 47.705311
-1.000000 -1.000000
455.723297 283.292633
-1.000000 -1.000000
371.359863 155.806732
566.071167 34.865955
-1.000000 -1.000000
499.411194 86.500748
486.436707 195.372223
-1.000000 -1.000000
-1.000000 -1.000000
566.977051 315.394958
842.460144 304.341125
-1.000000 -1.000000
-1.000000 -1.000000
-1.000000 -1.000000
826.075134 372.312500
-1.000000 -1.000000
-1.000000 -1.000000
-1.000000 -1.000000
697.440247 163.124741
-1.000000 -1.000000
-1.000000 -1.000000
612.068298 154.786209
-1.000000 -1.000000
433.657562 211.069016
333.680115 420.889893
511.887024 255.124466
667.402344 366.445801
263.667969 515.715515
719.263428 402.787964
-1.000000 -1.000000
-1.000000 -1.000000
-1.000000 -1.000000
-1.000000 -1.000000
-1.000000 -1.000000
650.984741 399.068970
409.035767 172.373672
660.637634 26.532608
-1.000000 -1.000000
-1.000000 -1.000000
-1.000000 -1.000000
350.083160 325.608276
808.298035 452.602142
397.829834 152.516342
410.812775 205.628860
476.380127 149.847427
-1.000000 -1.000000
336.160950 371.799469
-1.000000 -1.000000
757.870667 372.328400
640.756470 320.946259
675.508240 312.968475
-1.000000 -1.000000
-1.000000 -1.000000
-1.000000 -1.000000
401.459900 244.844635
319.034454 430.554138
373.841461 111.760559
-1.000000 -1.000000
-1.000000 -1.000000
-1.000000 -1.000000
841.106873 240.868134
227.671799 479.753632
645.756775 61.459572
-1.000000 -1.000000
670.021606 375.044312
-1.000000 -1.000000
519.741211 264.422455
-1.000000 -1.000000
-1.000000 -1.000000
-1.000000 -1.000000
-1.000000 -1.000000
-1.000000 -1.000000
-1.000000 -1.000000
-1.000000 -1.000000
693.460999 413.696472
701.240112 430.830627
-1.000000 -1.000000
-1.000000 -1.000000
-1.000000 -1.000000
-1.000000 -1.000000
696.617371 349.112305
845.624084 216.082382
-1.000000 -1.000000
840.007507 398.569885
682.196289 397.399872
211.855316 455.265472
881.735840 404.698730
446.431610 236.321289
-1.000000 -1.000000
-1.000000 -1.000000
-1.000000 -1.000000
707.890564 445.741547
-1.000000 -1.000000
401.692902 289.083954
366.371796 476.654694
804.071045 366.372711
576.568970 217.801010
853.867615 427.980652
-1.000000 -1.000000
674.531189 58.413933
-1.000000 -1.000000
420.287201 193.137512
-1.000000 -1.000000
282.682770 327.625305
658.386047 338.957275
726.491821 226.513199
