-1.000000 -1.000000
-1.000000 -1.000000
-1.000000 -1.000000
-1.000000 -1.000000
-1.000000 -1.000000
-1.000000 -1.000000
-1.000000 -1.000000
-1.000000 -1.000000
-1.000000 -1.000000
-1.000000 -1.000000
-1.000000 -1.000000
-1.000000 -1.000000
-1.000000 -1.000000
-1.000000 -1.000000
-1.000000 -1.000000
-1.000000 -1.000000
-1.000000 -1.000000
-1.000000 -1.000000
148.788147 692.298035
-1.000000 -1.000000
-1.000000 -1.000000
-1.000000 -1.000000
-1.000000 -1.000000
-1.000000 -1.000000
-1.000000 -1.000000
-1.000000 -1.000000
-1.000000 -1.000000
-1.000000 -1.000000
313.585419 531.601257
-1.000000 -1.000000
-1.000000 -1.000000
1161.481934 496.352936
-1.000000 -1.000000
-1.000000 -1.000000
589.650940 380.861267
-1.000000 -1.000000
458.943909 400.440826
373.339966 478.021484
-1.000000 -1.000000
-1.000000 -1.000000
-1.000000 -1.000000
-1.000000 -1.000000
-1.000000 -1.000000
430.799561 487.012756
-1.000000 -1.000000
-1.000000 -1.000000
-1.000000 -1.000000
-1.000000 -1.000000
-1.000000 -1.000000
-1.000000 -1.000000
-1.000000 -1.000000
593.257446 350.888275
-1.000000 -1.000000
-1.000000 -1.000000
-1.000000 -1.000000
-1.000000 -1.000000
-1.000000 -1.000000
-1.000000 -1.000000
-1.000000 -1.000000
-1.000000 -1.000000
-1.000000 -1.000000
1069.218262 570.307373
-1.000000 -1.000000
-1.000000 -1.000000
-1.000000 -1.000000
-1.000000 -1.000000
-1.000000 -1.000000
1073.363159 492.668335
-1.000000 -1.000000
-1.000000 -1.000000
226.008804 588.567749
424.017914 472.827911
-1.000000 -1.000000
177.632080 576.105835
-1.000000 -1.000000
-1.000000 -1.000000
763.404480 609.357544
-1.000000 -1.000000
-1.000000 -1.000000
-1.000000 -1.000000
-1.000000 -1.000000
-1.000000 -1.000000
-1.000000 -1.000000
-1.000000 -1.000000
-1.000000 -1.000000
410.637390 496.059509
-1.000000 -1.000000
-1.000000 -1.000000
-1.000000 -1.000000
-1.000000 -1.000000
-1.000000 -1.000000
313.414246 509.580170
276.837250 465.451050
-1.000000 -1.000000
-1.000000 -1.000000
208.330658 634.477234
-1.000000 -1.000000
-1.000000 -1.000000
-1.000000 -1.000000
-1.000000 -1.000000
-1.000000 -1.000000
-1.000000 -1.000000
805.809204 625.423035
-1.000000 -1.000000
325.436920 407.518738
718.915894 478.894012
-1.000000 -1.000000
-1.000000 -1.000000
-1.000000 -1.000000
322.184875 476.427063
-1.000000 -1.000000
-1.000000 -1.000000
-1.000000 -1.000000
-1.000000 -1.000000
-1.000000 -1.000000
-1.000000 -1.000000
362.140045 469.389648
-1.000000 -1.000000
-1.000000 -1.000000
-1.000000 -1.000000
70.590759 669.111389
-1.000000 -1.000000
-1.000000 -1.000000
-1.000000 -1.000000
476.374115 471.996002
-1.000000 -1.000000
-1.000000 -1.000000
-1.000000 -1.000000
-1.000000 -1.000000
-1.000000 -1.000000
-1.000000 -1.000000
622.992432 692.762390
-1.000000 -1.000000
-1.000000 -1.000000
685.964966 470.429871
-1.000000 -1.000000
-1.000000 -1.000000
-1.000000 -1.000000
603.577393 546.946716
-1.000000 -1.000000
-1.000000 -1.000000
-1.000000 -1.000000
-1.000000 -1.000000
-1.000000 -1.000000
-1.000000 -1.000000
452.471832 333.005127
-1.000000 -1.000000
-1.000000 -1.000000
665.856628 655.590820
-1.000000 -1.000000
761.052673 565.755554
-1.000000 -1.000000
-1.000000 -1.000000
-1.000000 -1.000000
183.631561 546.355103
-1.000000 -1.000000
-1.000000 -1.000000
-1.000000 -1.000000
-1.000000 -1.000000
-1.000000 -1.000000
-1.000000 -1.000000
-1.000000 -1.000000
-1.000000 -1.000000
-1.000000 -1.000000
280.083557 441.330780
-1.000000 -1.000000
266.474365 680.346252
376.320374 539.865417
-1.000000 -1.000000
630.406128 649.470520
-1.000000 -1.000000
-1.000000 -1.000000
-1.000000 -1.000000
518.510498 338.050079
701.324341 450.599518
-1.000000 -1.000000
-1.000000 -1.000000
-1.000000 -1.000000
-1.000000 -1.000000
-1.000000 -1.000000
-1.000000 -1.000000
-1.000000 -1.000000
-1.000000 -1.000000
781.282898 680.649963
-1.000000 -1.000000
-1.000000 -1.000000
-1.000000 -1.000000
-1.000000 -1.000000
-1.000000 -1.000000
640.606262 552.048584
-1.000000 -1.000000
-1.000000 -1.000000
-1.000000 -1.000000
-1.000000 -1.000000
-1.000000 -1.000000
-1.000000 -1.000000
364.897430 349.900635
-1.000000 -1.000000
-1.000000 -1.000000
-1.000000 -1.000000
470.376709 399.314545
-1.000000 -1.000000
-1.000000 -1.000000
522.626343 534.756226
795.439697 569.484802
-1.000000 -1.000000
-1.000000 -1.000000
-1.000000 -1.000000
768.021790 638.331055
-1.000000 -1.000000
-1.000000 -1.000000
-1.000000 -1.000000
-1.000000 -1.000000
-1.000000 -1.000000
-1.000000 -1.000000
599.991028 380.825500
-1.000000 -1.000000
-1.000000 -1.000000
-1.000000 -1.000000
481.555481 464.234680
609.863220 605.948792
-1.000000 -1.000000
654.412659 653.450684
-1.000000 -1.000000
-1.000000 -1.000000
-1.000000 -1.000000
-1.000000 -1.000000
-1.000000 -1.000000
588.731018 638.355591
-1.000000 -1.000000
-1.000000 -1.000000
-1.000000 -1.000000
-1.000000 -1.000000
-1.000000 -1.000000
-1.000000 -1.000000
-1.000000 -1.000000
396.509705 349.814728
-1.000000 -1.000000
-1.000000 -1.000000
-1.000000 -1.000000
-1.000000 -1.000000
-1.000000 -1.000000
-1.000000 -1.000000
-1.000000 -1.000000
628.926270 550.198914
-1.000000 -1.000000
-1.000000 -1.000000
-1.000000 -1.000000
-1.000000 -1.000000
260.656982 557.957764
383.174683 302.630890
-1.000000 -1.000000
-1.000000 -1.000000
-1.000000 -1.000000
806.600830 507.203064
-1.000000 -1.000000
-1.000000 -1.000000
-1.000000 -1.000000
-1.000000 -1.000000
-1.000000 -1.000000
487.609314 474.058228
-1.000000 -1.000000
-1.000000 -1.000000
-1.000000 -1.000000
-1.000000 -1.000000
-1.000000 -1.000000
-1.000000 -1.000000
-1.000000 -1.000000
627.402283 662.111755
-1.000000 -1.000000
-1.000000 -1.000000
-1.000000 -1.000000
-1.000000 -1.000000
-1.000000 -1.000000
643.612061 592.375732
811.518372 482.576172
-1.000000 -1.000000
778.098450 670.541199
618.798645 640.706787
129.291977 613.425842
817.693420 682.484680
-1.000000 -1.000000
-1.000000 -1.000000
-1.000000 -1.000000
-1.000000 -1.000000
-1.000000 -1.000000
-1.000000 -1.000000
364.252197 479.464783
-1.000000 -1.000000
-1.000000 -1.000000
-1.000000 -1.000000
-1.000000 -1.000000
-1.000000 -1.000000
-1.000000 -1.000000
-1.000000 -1.000000
-1.000000 -1.000000
-1.000000 -1.000000
235.783905 497.707977
607.249634 573.083252
698.061035 471.393555
