-1.000000 -1.000000
-1.000000 -1.000000
288.837952 514.007324
-1.000000 -1.000000
-1.000000 -1.000000
-1.000000 -1.000000
-1.000000 -1.000000
-1.000000 -1.000000
-1.000000 -1.000000
-1.000000 -1.000000
1164.861084 366.920441
500.674744 272.209900
-1.000000 -1.000000
-1.000000 -1.000000
-1.000000 -1.000000
-1.000000 -1.000000
633.401123 218.239700
-1.000000 -1.000000
245.859070 549.108459
693.467041 471.650085
-1.000000 -1.000000
391.410614 325.167847
-1.000000 -1.000000
-1.000000 -1.000000
632.866760 252.064240
220.354004 493.253235
1123.123169 188.720001
320.622101 456.673828
364.209625 373.097229
-1.000000 -1.000000
611.991638 388.890350
1198.750122 211.709885
444.031555 167.382751
627.172180 403.380890
602.023865 186.305618
1164.016602 365.859619
476.266846 225.381866
409.855774 312.535858
-1.000000 -1.000000
322.795074 405.376160
396.684418 457.128265
-1.000000 -1.000000
302.704620 448.865387
467.306305 313.797119
389.020721 437.763153
-1.000000 -1.000000
293.027618 365.104492
-1.000000 -1.000000
401.495300 87.771049
-1.000000 -1.000000
-1.000000 -1.000000
599.082703 156.313599
-1.000000 -1.000000
-1.000000 -1.000000
429.697601 249.523285
-1.000000 -1.000000
209.834274 488.365387
704.320618 258.870575
1141.671021 93.629921
-1.000000 -1.000000
1108.586304 260.412964
1116.039185 270.085632
168.069977 570.755371
-1.000000 -1.000000
-1.000000 -1.000000
-1.000000 -1.000000
-1.000000 -1.000000
1106.292480 221.912781
-1.000000 -1.000000
-1.000000 -1.000000
294.242615 440.490448
457.946228 300.196106
1146.026001 59.933456
245.767105 435.825531
-1.000000 -1.000000
-1.000000 -1.000000
813.401306 378.518524
349.521698 551.667053
391.181427 280.704224
282.455750 360.974823
-1.000000 -1.000000
-1.000000 -1.000000
357.489014 251.083878
-1.000000 -1.000000
719.069824 198.031937
450.118530 325.009033
-1.000000 -1.000000
386.740784 316.069763
1139.954590 156.126190
-1.000000 -1.000000
-1.000000 -1.000000
358.904877 352.458252
314.194885 314.102264
656.146912 378.009247
-1.000000 -1.000000
286.966949 486.969116
-1.000000 -1.000000
-1.000000 -1.000000
-1.000000 -1.000000
-1.000000 -1.000000
753.973083 472.199463
1155.512207 48.349678
858.010315 388.692200
379.361053 463.766510
346.869843 247.882065
749.227966 263.592041
793.895813 483.968903
-1.000000 -1.000000
334.704041 358.892059
360.771362 318.203156
290.160614 354.616302
1134.490723 167.042221
398.908234 240.392746
757.730774 481.935242
-1.000000 -1.000000
-1.000000 -1.000000
397.426605 305.107788
354.638794 241.409515
217.994308 482.414001
-1.000000 -1.000000
168.528717 537.687012
-1.000000 -1.000000
374.208923 315.323883
-1.000000 -1.000000
508.811707 292.520966
216.224777 583.235046
425.023560 233.350388
590.575378 274.429596
-1.000000 -1.000000
-1.000000 -1.000000
413.615326 85.493309
705.505676 486.361908
-1.000000 -1.000000
-1.000000 -1.000000
714.334229 258.797272
-1.000000 -1.000000
375.509644 205.940079
-1.000000 -1.000000
647.780029 344.007446
-1.000000 -1.000000
-1.000000 -1.000000
-1.000000 -1.000000
-1.000000 -1.000000
696.568909 134.076431
-1.000000 -1.000000
453.920990 159.549728
-1.000000 -1.000000
510.083984 263.230255
727.386353 434.249908
-1.000000 -1.000000
805.291321 339.410522
-1.000000 -1.000000
-1.000000 -1.000000
1125.147339 178.201614
244.574158 405.590790
686.021484 115.728745
-1.000000 -1.000000
-1.000000 -1.000000
1165.479614 44.111183
-1.000000 -1.000000
-1.000000 -1.000000
-1.000000 -1.000000
-1.000000 -1.000000
760.945068 491.144165
311.836487 288.566681
-1.000000 -1.000000
351.364075 520.970032
424.743530 373.028290
-1.000000 -1.000000
691.743042 433.974701
449.158417 79.524971
441.009186 247.818420
-1.000000 -1.000000
529.390076 171.431244
727.039551 237.783630
557.740662 57.737446
-1.000000 -1.000000
-1.000000 -1.000000
530.008728 174.511276
-1.000000 -1.000000
-1.000000 -1.000000
-1.000000 -1.000000
-1.000000 -1.000000
842.264282 441.910278
645.346130 364.466583
426.368591 395.977448
-1.000000 -1.000000
383.325073 447.180115
734.462280 473.380768
685.101074 344.049774
316.032349 447.910400
-1.000000 -1.000000
1111.149902 88.767410
-1.000000 -1.000000
454.805206 310.201447
-1.000000 -1.000000
373.674561 182.351700
569.459473 66.250519
-1.000000 -1.000000
502.539917 115.847801
487.540649 223.512772
-1.000000 -1.000000
-1.000000 -1.000000
565.650330 344.051422
840.069641 338.251831
-1.000000 -1.000000
-1.000000 -1.000000
-1.000000 -1.000000
822.915649 405.496918
-1.000000 -1.000000
-1.000000 -1.000000
-1.000000 -1.000000
697.649719 195.561127
-1.000000 -1.000000
-1.000000 -1.000000
612.895874 185.298660
-1.000000 -1.000000
434.377136 238.217239
329.614563 445.425476
511.485809 282.830688
664.417603 396.976044
257.622070 539.326904
716.005615 434.457275
-1.000000 -1.000000
-1.000000 -1.000000
-1.000000 -1.000000
-1.000000 -1.000000
-1.000000 -1.000000
648.357666 429.443176
410.485229 199.395950
663.207947 59.506168
-1.000000 -1.000000
-1.000000 -1.000000
-1.000000 -1.000000
348.522430 350.282257
804.437927 485.774536
399.498688 179.101196
412.017975 232.026123
478.352295 178.370468
-1.000000 -1.000000
333.639709 395.953094
-1.000000 -1.000000
754.698059 404.279327
638.879761 351.239136
673.461121 343.937164
-1.000000 -1.000000
-1.000000 -1.000000
-1.000000 -1.000000
401.808624 270.696198
314.793671 455.220093
377.163177 137.501236
-1.000000 -1.000000
-1.000000 -1.000000
-1.000000 -1.000000
839.865112 275.431091
221.888672 502.954437
647.828308 93.558922
-1.000000 -1.000000
666.799744 405.754639
-1.000000 -1.000000
519.753174 292.397308
-1.000000 -1.000000
-1.000000 -1.000000
-1.000000 -1.000000
-1.000000 -1.000000
-1.000000 -1.000000
-1.000000 -1.000000
-1.000000 -1.000000
690.229736 445.024658
697.772339 462.027557
-1.000000 -1.000000
-1.000000 -1.000000
-1.000000 -1.000000
-1.000000 -1.000000
694.166504 380.628296
844.545654 250.565201
-1.000000 -1.000000
836.574829 432.397736
678.867981 427.775543
207.247147 477.776428
878.386902 439.190491
445.908234 263.422668
-1.000000 -1.000000
-1.000000 -1.000000
-1.000000 -1.000000
704.441223 476.918732
-1.000000 -1.000000
400.157654 315.214142
361.376465 502.333130
801.887085 399.494598
577.225891 247.332062
850.447021 462.031982
-1.000000 -1.000000
676.305725 91.826035
-1.000000 -1.000000
421.264343 220.461945
-1.000000 -1.000000
281.548889 351.161072
655.976746 369.024780
726.214417 258.299622
