1127.387817 317.186523
1195.341064 225.927002
1187.781982 636.021973
842.602844 461.109711
1185.892212 165.062057
251.970703 623.876099
1157.343262 607.197327
503.476196 406.383179
1207.199707 187.545334
1188.985840 613.627808
1155.291260 339.123413
467.365997 296.347137
638.414856 409.192322
764.516785 124.958672
352.214813 588.025513
1199.873291 579.434753
1119.283813 501.452911
670.559631 642.268127
179.484314 581.286072
1204.858521 453.107544
1118.598633 151.037094
1101.894409 447.646790
1144.560181 628.483154
281.168915 573.497253
379.489471 449.028503
183.067459 660.397583
354.184662 489.376038
449.673798 450.664642
1177.072876 593.632812
278.228241 462.672974
632.631714 538.710999
597.203308 229.793808
697.296082 557.152039
704.888489 375.095978
601.793396 555.883301
-1.000000 -1.000000
789.435791 563.656555
288.405029 525.052063
268.886566 553.140869
646.003479 428.540619
402.556519 58.601566
113.834366 659.841553
-1.000000 -1.000000
1098.287109 496.634003
219.949341 531.313049
725.808533 655.549072
1155.553345 296.297333
364.500031 359.456146
347.253143 439.742798
119.563942 639.513855
-1.000000 -1.000000
440.621338 222.315628
433.542511 371.699463
1186.249390 258.297821
229.547943 594.182312
817.920959 671.189514
1181.518677 574.727905
311.279602 419.048065
334.147522 594.309265
380.201233 410.963287
1110.089111 649.680603
-1.000000 -1.000000
295.531036 549.658447
843.297241 442.257111
724.088989 370.273590
827.990967 640.760071
405.165192 512.853394
303.043732 650.899780
357.882141 568.247803
296.823364 667.836914
1118.665039 132.853867
490.402405 364.960846
764.409851 106.568405
223.649567 513.541138
737.664917 433.409882
832.742737 577.134094
643.285339 513.279968
617.774353 346.992676
674.556580 611.592896
251.423096 553.822815
628.646606 308.554565
720.655334 406.767365
499.953247 442.318909
-1.000000 -1.000000
431.990417 463.425110
393.152130 322.508087
453.779449 430.685638
1135.347656 340.603058
809.103760 571.261536
1127.638428 653.519531
677.106750 553.509949
1128.831177 415.507111
1207.695679 560.082275
1175.235718 291.916779
249.846237 599.498962
803.414368 534.839844
1100.088623 95.765747
337.282715 474.249176
701.843140 298.643311
654.469543 607.964478
543.705139 54.877014
1207.055420 648.403320
647.906250 385.696838
314.723328 401.400757
207.026535 649.822205
651.543518 546.528625
311.515747 516.419312
695.619995 647.944946
432.633545 72.254791
1137.713379 609.149414
-1.000000 -1.000000
-1.000000 -1.000000
-1.000000 -1.000000
714.094604 83.149490
430.445892 351.718506
709.697510 610.749634
476.618103 315.224976
623.473633 512.493713
302.929962 631.529724
582.483398 425.224365
336.515106 503.845673
832.974243 479.934998
407.974335 493.714935
1169.616943 368.111725
677.446350 661.842285
681.208496 514.889587
1175.575806 239.082855
1119.749023 97.062065
564.459961 112.055107
113.799484 679.660400
1137.029785 503.782135
297.621307 458.389771
415.529572 319.864532
404.413544 398.301392
410.314819 370.956329
753.716736 144.881500
849.155273 629.724792
1168.785034 654.102417
824.614319 535.212585
651.095764 89.123817
608.975281 208.676010
302.458527 569.564026
662.096619 514.614563
713.734192 428.091766
651.175964 640.927307
682.132202 215.367279
563.755371 421.452271
-1.000000 -1.000000
808.156982 637.610840
837.196472 674.823059
1213.282471 240.935913
394.511749 304.716980
199.183807 577.603088
401.632812 530.057129
523.232239 435.651672
233.820816 639.353882
647.422607 365.171173
370.675049 588.335510
838.548401 597.092773
1131.584106 298.202911
622.507996 569.412415
736.288269 581.583496
401.948761 433.069366
220.048401 550.864075
581.921570 553.213196
1124.189941 630.359497
1098.905640 153.869812
425.016663 390.016846
702.136169 280.352448
537.086792 309.479370
416.014191 302.314087
670.994629 87.193939
1119.242920 519.732178
1149.622681 361.277985
160.950012 585.604004
686.202026 378.303345
783.577820 524.822021
1122.606934 436.079620
315.625763 484.762634
700.786072 576.601685
701.294189 403.724182
590.024841 207.670593
406.291626 78.532433
451.112823 386.703461
1210.667358 260.712219
600.242310 536.974548
219.670441 614.374084
259.938873 467.154236
346.275879 363.895905
822.191162 458.868347
1141.756348 393.006989
1117.905273 482.304962
1212.286133 542.299988
744.135681 120.530106
382.805328 61.766869
382.375732 354.088806
729.581543 674.612427
606.263245 310.549469
179.493713 601.081116
645.797607 70.079025
714.990479 349.698822
569.231873 384.306396
495.043488 309.226593
1187.975708 656.356079
620.252380 230.225647
852.073853 648.971863
468.712891 454.960114
623.752380 587.646118
1165.003784 629.406860
166.743362 678.272766
1212.424194 221.607864
738.374939 408.120697
490.630676 222.390884
794.412720 595.231812
357.177368 465.527039
650.154663 566.268982
1119.474609 170.752670
1187.318848 206.446228
555.670532 488.276154
585.210571 406.417725
452.070282 403.170746
680.311951 196.782211
717.484314 103.946678
524.254272 252.373550
-1.000000 -1.000000
601.132080 575.082092
1157.672852 581.818665
575.895325 226.711929
402.418488 269.246429
1090.443604 649.548889
261.835236 575.839172
819.492126 515.814087
821.668945 442.475128
489.594025 56.439491
694.464722 424.249969
1129.411011 572.606812
278.040802 482.094879
-1.000000 -1.000000
519.121643 375.398590
-1.000000 -1.000000
566.046448 52.778511
-1.000000 -1.000000
-1.000000 -1.000000
1107.914307 317.849823
317.045746 550.380188
525.221191 56.094940
113.281998 619.830444
535.230469 290.554382
1185.026001 456.009064
1146.348267 318.840851
217.935928 494.104065
1175.278442 340.550018
358.673706 418.596497
545.826538 118.730209
413.382263 350.593872
812.251770 596.629700
591.962952 443.306519
742.329956 104.800392
1166.092407 271.872681
1186.558960 145.385849
728.629150 625.609497
468.100769 365.849274
756.853638 433.796204
542.726257 390.292694
545.976318 422.299896
364.009064 378.811249
690.154846 299.529572
497.737183 75.321701
-1.000000 -1.000000
626.037231 208.235138
1150.404785 649.562927
626.582275 386.970612
700.560181 523.694824
707.079163 667.982483
1188.041992 550.337646
512.385254 219.209167
486.130493 287.970032
-1.000000 -1.000000
608.603394 190.238297
538.154785 328.064514
-1.000000 -1.000000
654.454346 585.142883
319.944031 572.125000
565.235352 358.226257
-1.000000 -1.000000
277.769379 618.409912
527.838928 414.408264
676.972656 255.785110
480.986023 413.071411
1161.237061 387.722473
-1.000000 -1.000000
1186.930908 185.021454
625.128052 93.492599
319.719971 438.780762
576.485596 666.961426
1090.075073 669.086731
718.233215 316.857025
750.619568 663.707703
692.842529 349.843170
694.579590 108.078667
541.800476 447.286743
722.273682 562.980164
1119.218750 593.394531
1098.036377 467.227203
381.486755 484.124756
626.372681 493.592621
731.826660 350.717133
-1.000000 -1.000000
1110.029785 570.561279
412.182404 96.457634
666.610718 72.332977
626.596436 427.840210
658.293945 662.554138
456.024048 316.170563
585.855469 529.202942
690.148743 88.934258
306.393890 590.022461
614.225525 329.052063
402.827972 251.874710
738.964172 562.685608
1137.017212 483.863220
508.090118 347.914185
471.195129 220.113312
402.131165 452.169128
581.670654 188.457672
589.592163 381.468628
1104.110107 117.175507
577.444031 508.455750
1206.683716 166.940353
417.417145 211.493591
499.562500 287.593231
1099.810303 515.346985
698.051392 232.191574
797.894714 611.800049
738.249207 452.494202
-1.000000 -1.000000
-1.000000 -1.000000
541.114197 360.559723
664.491028 106.310318
564.601501 440.158356
670.937622 308.923096
700.122742 259.174286
269.706116 530.739807
756.399475 453.802765
720.931274 298.707397
1190.056030 371.123596
451.589905 467.228455
762.094299 586.413635
1153.561157 535.220093
370.711945 550.449158
624.991943 642.069092
661.321594 496.535736
429.731079 253.632080
1148.853271 416.529175
289.938385 505.417206
158.531830 608.581543
648.311340 447.203735
680.096741 178.891785
697.102966 443.359497
1212.797241 391.705078
495.502777 327.877625
182.692139 635.608337
697.797729 127.265953
-1.000000 -1.000000
-1.000000 -1.000000
1069.405273 659.171448
-1.000000 -1.000000
293.352264 418.474487
618.981323 55.812489
488.383057 238.306931
561.619751 550.484131
680.003662 573.732910
-1.000000 -1.000000
160.600037 565.769470
556.096375 509.083893
387.956604 81.179649
766.685059 663.034424
325.747894 629.649231
471.508362 77.869659
202.166733 528.742065
-1.000000 -1.000000
635.285583 609.255798
823.964600 621.527832
852.574341 577.269958
1205.080566 472.650757
801.097046 515.543518
584.203369 646.101318
578.404846 285.627930
1109.490845 301.723877
648.822083 106.729317
742.397339 389.553619
776.641846 144.540466
647.499512 495.064880
712.743225 446.207336
373.726685 324.114319
-1.000000 -1.000000
-1.000000 -1.000000
778.388672 597.162781
556.297852 205.055008
663.481628 409.317810
451.734467 89.253372
95.855766 656.011292
543.058655 144.212616
-1.000000 -1.000000
436.218506 90.529457
612.866577 122.592072
752.078674 240.575485
433.067322 444.649261
594.479431 334.979767
729.600586 602.600464
448.605042 353.421844
1089.146973 630.391479
662.515381 256.465363
487.246704 186.505615
342.453278 419.811798
733.997681 81.269478
296.775146 396.228149
684.283936 270.197723
1173.128662 507.148743
444.006134 194.759567
737.813477 244.922455
599.532349 126.653618
585.180420 625.875793
577.629822 260.620941
244.968079 669.985962
-1.000000 -1.000000
776.660645 613.814331
239.352921 496.808868
486.480927 250.637787
1115.315186 337.664734
257.947388 448.068970
1122.987671 543.823608
297.153076 590.406250
940.059082 125.108665
671.453735 344.843262
520.205444 198.466141
-1.000000 -1.000000
566.307373 530.223816
573.438843 248.845184
206.040115 508.165070
377.393250 297.712524
330.574219 526.677063
638.869202 341.070251
1012.613281 664.274841
345.987701 631.252686
-1.000000 -1.000000
701.339478 220.283371
530.752563 234.625168
1200.123779 283.580444
1167.897583 315.815826
521.185059 453.831543
270.879120 666.635437
703.231018 144.099258
932.117126 63.511997
387.524200 377.965057
553.816284 292.069489
740.131958 206.386322
1093.739624 146.190552
684.335815 331.893402
152.163895 628.630310
385.360535 579.380127
1197.541382 425.702820
601.612000 424.601654
1158.334961 563.910706
681.608154 234.082855
348.334473 548.427979
1202.588623 523.707642
736.880310 319.301727
256.523071 503.240631
422.404755 517.986633
341.611511 386.561249
228.726501 666.758972
718.091431 267.593414
749.897034 604.708130
468.750397 389.233521
626.447266 179.139084
732.298767 173.849014
594.531799 322.509186
357.727997 612.135803
554.653992 157.705368
392.582672 513.368774
502.763367 114.884285
554.731873 308.397858
447.516998 487.555695
523.260254 313.392365
424.531525 425.565704
671.640869 331.626465
1100.118652 76.355568
456.670380 195.347839
516.487976 156.897675
597.882202 137.591461
476.201721 333.513611
475.536469 126.457787
620.940125 622.081238
445.312469 172.455643
578.413391 332.033691
543.788635 155.646103
765.414490 285.597382
-1.000000 -1.000000
562.042542 569.111755
