1139.448730 242.332718
1205.065552 147.515945
1208.883423 556.423218
858.174194 399.218750
1194.228027 86.874664
281.326080 585.763794
1178.227661 529.228516
516.925537 361.137451
1215.646606 108.398361
1209.532104 534.565918
1168.493896 263.654755
475.050659 253.587570
651.741577 357.556702
765.530090 65.788193
377.887573 546.948242
1219.508179 500.535797
1136.480957 426.723267
694.387756 584.760376
207.336349 547.356323
1221.017456 374.603516
1124.951416 75.548187
1117.271606 374.535126
1166.203857 550.455017
307.372070 535.689148
397.171356 409.043640
215.354050 625.608704
373.778503 449.850433
466.314545 407.800293
1197.628540 514.788940
297.207611 426.604065
652.158997 486.093689
601.963440 180.248306
716.681946 500.706360
716.968506 320.610809
622.910645 504.187256
-1.000000 -1.000000
808.810059 503.247681
310.934021 488.263092
293.878632 515.915344
660.361694 376.367615
-1.000000 -1.000000
148.286102 627.482910
-1.000000 -1.000000
1115.852173 422.954315
244.548889 496.973450
749.493347 595.438477
1166.583496 221.106766
376.341736 320.639587
364.505463 401.729767
152.597290 607.874084
-1.000000 -1.000000
444.637726 179.870209
446.094482 330.111420
1197.164062 180.546021
257.241089 558.206421
841.817322 606.945129
1201.474243 496.156677
327.814941 382.370300
360.525879 553.804688
395.006226 371.717346
1132.461060 572.982971
-1.000000 -1.000000
320.305878 511.133942
858.875549 380.668182
735.761963 315.279114
851.178955 576.896484
425.110016 470.917236
332.424072 610.435791
382.432648 527.281494
327.672272 626.627869
1124.828857 57.049892
502.365417 320.638458
765.488403 46.794884
247.256119 479.693176
751.791138 377.253143
852.580750 514.002991
662.222717 460.697571
628.651978 296.723511
697.817322 555.546143
276.738037 517.784851
637.136841 257.777008
734.305725 351.993286
515.908630 396.858612
-1.000000 -1.000000
449.631439 421.004639
403.265137 282.614899
469.482758 387.902557
1148.309082 265.605927
828.677612 509.296356
1149.727783 576.266479
696.545593 497.948517
1143.773315 340.835358
1226.895996 480.984528
1187.273682 215.064270
277.666382 562.765747
822.245117 474.399170
-1.000000 -1.000000
356.534088 435.710876
710.003357 244.771744
677.690674 552.519653
-1.000000 -1.000000
1228.743652 567.461060
660.432251 334.010162
330.489502 364.903351
238.893326 613.305237
671.124207 492.363373
333.904785 478.191467
719.375488 589.143494
-1.000000 -1.000000
1158.769043 531.665771
-1.000000 -1.000000
-1.000000 -1.000000
-1.000000 -1.000000
-1.000000 -1.000000
442.149597 310.330597
732.678040 552.757324
485.461975 271.685211
642.391602 460.501740
331.665863 591.252808
596.649170 376.535645
357.277374 464.707977
848.860474 418.317719
427.168518 451.927429
1183.487549 291.939758
702.759399 604.072998
700.013916 460.599304
1185.607666 161.433777
-1.000000 -1.000000
562.717346 63.170795
-1.000000 -1.000000
1155.250488 428.123352
316.303802 421.820282
424.548370 279.554291
418.737030 357.545776
422.697418 330.768433
754.979370 85.879456
871.485840 565.170776
1190.993774 574.792358
843.424988 474.385834
-1.000000 -1.000000
612.687317 158.628632
327.726898 530.627930
681.059998 461.309509
728.032959 373.347748
675.468384 583.815857
686.577576 161.873520
577.720337 373.306793
-1.000000 -1.000000
831.390991 574.353943
860.902771 609.246826
1223.543457 162.125732
404.073456 265.101288
226.821777 543.142761
422.434479 487.717560
538.786804 389.194214
264.474030 601.999573
659.092773 313.520386
396.012054 546.861938
858.969055 533.748169
1143.554321 223.450409
644.217896 516.358154
757.144348 523.108093
418.322357 392.145782
245.339264 516.603577
602.749268 501.776123
1145.723877 553.255249
1105.391602 78.970078
438.431244 348.578857
710.055420 226.740387
545.405151 263.603973
424.917999 262.223541
-1.000000 -1.000000
1136.843750 444.665680
1163.404419 285.395935
189.261917 552.224854
698.725769 324.282837
802.224915 464.881042
1138.242676 361.662445
334.942261 447.507416
721.432983 519.718750
714.559387 349.567810
593.745178 158.077759
401.448303 36.452877
463.681610 344.568146
1221.631592 182.001755
620.937622 485.333954
248.523727 578.876099
279.375977 431.540344
358.479614 325.627594
837.622192 397.274750
1156.354126 317.213501
1134.513550 407.555176
1231.126099 463.179199
745.005432 61.467865
-1.000000 -1.000000
393.757050 314.786346
754.632996 614.078613
614.558167 260.730560
207.925705 567.103394
-1.000000 -1.000000
726.260437 295.120605
582.282898 336.439758
503.864532 264.859741
1209.753174 576.348877
625.358215 179.353378
875.145630 584.506775
485.147430 411.764923
644.966980 533.195862
1186.184448 550.567078
201.005432 642.701904
1222.125488 142.584198
752.120850 353.038116
494.997253 178.109009
815.109253 533.801086
375.986450 425.721008
670.708008 511.942657
1125.677734 95.258018
1196.802490 128.074173
572.645996 438.882965
599.175354 357.909546
465.794098 360.469910
684.175659 143.384491
714.712219 47.599960
529.943604 207.057114
-1.000000 -1.000000
622.613586 522.571533
1151.065430 536.810425
580.174133 177.424072
409.832611 228.466995
1113.013184 573.428650
288.290894 538.682251
837.089905 454.987000
836.567444 382.490479
-1.000000 -1.000000
708.993713 370.500763
1149.047119 496.541595
297.625427 445.970856
-1.000000 -1.000000
534.737244 328.493622
-1.000000 -1.000000
-1.000000 -1.000000
-1.000000 -1.000000
-1.000000 -1.000000
1119.827515 243.426926
341.859406 511.082001
-1.000000 -1.000000
145.619995 588.307129
543.493103 244.760559
1201.200195 377.875397
1159.285400 243.577515
240.312668 460.387756
1188.496094 264.600677
374.603333 379.435242
544.257935 69.958046
425.375275 309.560333
832.605896 534.350342
606.589050 393.992188
742.627869 47.412991
1177.397949 194.946487
1194.995728 66.923279
751.882080 566.170288
479.099426 322.530518
770.988708 377.224182
555.057556 343.627655
560.169617 374.980621
376.151947 340.302155
699.069458 245.783554
-1.000000 -1.000000
-1.000000 -1.000000
629.221436 157.268463
1172.404297 571.137207
638.691345 335.667572
719.216125 467.775970
731.387146 608.394592
1207.237305 471.823822
516.709106 174.309708
494.071075 244.360184
-1.000000 -1.000000
611.938354 139.902267
546.708435 281.996216
-1.000000 -1.000000
676.072510 529.488525
344.910370 532.309875
577.192078 309.785065
-1.000000 -1.000000
307.129669 578.761169
543.120117 367.952332
683.418335 202.822311
494.678131 368.189178
1175.414917 311.818146
-1.000000 -1.000000
1195.296509 106.056732
622.757446 41.384796
336.271881 401.644226
603.287842 614.114136
1113.024780 592.771973
726.913330 262.263550
775.636597 602.776794
703.817810 295.162476
693.950195 51.963612
557.742249 399.788422
743.145813 505.581360
1139.296997 517.380920
1113.197510 393.888855
401.987091 442.446106
645.266602 441.677002
742.692688 295.742401
-1.000000 -1.000000
1129.495605 494.824646
408.311401 54.199532
-1.000000 -1.000000
640.897156 376.301697
683.617188 605.233093
464.656158 273.485718
605.796326 477.919189
-1.000000 -1.000000
331.959747 550.687134
623.288696 278.680695
407.403229 211.067703
759.632812 504.501160
1155.997925 408.124817
517.804077 302.378082
475.418945 175.905777
418.699371 410.987152
585.128052 139.215561
602.214294 331.770020
1109.959717 41.463440
596.462830 458.604462
1214.840332 88.045540
421.085205 167.077667
506.047394 243.323929
1117.256836 440.957855
702.850098 177.592896
820.050964 549.919067
752.624084 395.971436
-1.000000 -1.000000
-1.000000 -1.000000
552.363281 312.759674
663.449341 51.529343
579.212463 391.679626
679.538696 256.146088
707.343872 205.021545
293.048889 494.057953
771.231506 396.855957
728.887268 244.145233
1203.096191 293.572632
469.017456 424.049133
-1.000000 -1.000000
1172.953857 457.777313
394.470673 508.992462
650.660645 586.921509
679.371521 443.460358
435.034698 212.427734
1163.386230 341.679443
312.327911 468.501801
187.830276 575.104004
662.637817 394.438385
682.900635 125.778229
712.635437 389.140594
1227.995605 311.307831
504.756622 283.288818
213.504868 600.446777
697.979248 71.004341
-1.000000 -1.000000
-1.000000 -1.000000
1092.583008 583.641174
-1.000000 -1.000000
309.403473 383.128876
-1.000000 -1.000000
492.091431 193.122849
582.771362 499.620575
700.403992 517.840881
-1.000000 -1.000000
188.381393 532.584717
574.792908 460.050659
383.528961 39.626511
791.668457 601.273560
354.836304 587.567200
-1.000000 -1.000000
226.392532 495.474976
-1.000000 -1.000000
659.065308 554.935303
846.775330 557.824524
872.451355 514.007507
1220.792847 394.058105
819.387939 455.180511
609.895203 592.597656
585.954956 236.884644
1121.351074 227.493988
648.139587 52.773933
754.791016 333.495026
776.220581 85.325981
666.891846 442.584656
727.759155 390.911346
383.610016 285.575226
-1.000000 -1.000000
-1.000000 -1.000000
799.749084 536.254761
560.299316 157.284241
675.541016 356.711914
447.870392 44.727337
129.636963 625.119263
543.372314 97.099060
-1.000000 -1.000000
432.471527 47.015862
613.131653 70.126152
757.841980 183.711548
450.591125 402.221954
604.381165 282.978088
751.095764 543.684692
459.688324 311.942383
1110.837402 554.444763
669.252075 203.986923
488.420959 141.596588
359.800110 381.878357
-1.000000 -1.000000
312.620514 359.411255
691.395081 215.966583
1192.499634 429.562195
446.282928 150.451584
744.292297 187.734329
600.695068 74.766052
609.492310 571.777100
583.325317 210.838547
275.347107 630.878845
-1.000000 -1.000000
798.690430 552.398926
261.809448 462.296783
490.283234 205.033157
1127.419067 262.902374
276.662476 413.101929
1141.434814 466.872528
323.792664 551.510925
935.310181 58.736698
681.192444 291.092438
522.594666 152.878479
-1.000000 -1.000000
586.624817 479.723145
579.418762 200.566864
229.587570 474.019287
386.664276 257.704987
352.288940 487.289581
649.858459 289.886963
1035.604492 591.356506
374.468658 588.772949
-1.000000 -1.000000
705.814636 166.017197
535.736938 188.912369
1211.640503 205.354340
1180.028320 239.867661
538.899902 408.970154
302.320465 626.632385
704.702148 88.212601
-1.000000 -1.000000
399.246887 338.429230
561.819824 245.598038
744.739929 149.636047
1100.276123 71.067932
693.152893 278.026062
183.055969 594.895569
409.958191 536.739441
1212.843872 348.410919
615.956604 375.295441
1180.391357 486.543213
686.606995 179.860855
373.524902 508.121826
1221.946899 443.925476
746.466003 263.624725
277.144745 467.587158
442.368073 475.945679
354.654816 349.255920
259.852783 628.427917
724.465271 211.530975
770.528259 544.782471
480.794922 344.472260
628.795044 128.253128
735.210449 120.457054
604.134399 271.344452
385.380402 569.095764
555.019958 108.734917
413.871094 471.748627
501.344421 68.056755
562.941223 262.124573
466.152466 443.931122
533.571899 267.622406
441.369537 383.729492
681.317017 278.130127
-1.000000 -1.000000
457.712494 153.250031
516.480347 110.695145
599.168884 86.112190
485.839569 289.294159
475.011383 81.975456
645.350281 568.089783
444.765991 134.634476
587.948608 284.189758
545.120117 106.352272
773.491272 228.684982
-1.000000 -1.000000
583.630737 517.896301
