1199.856201 140.548996
1215.383911 549.077942
276.872803 581.830933
-1.000000 -1.000000
1141.738037 589.994263
1208.269775 518.907410
1220.802856 482.417694
-1.000000 -1.000000
1129.165771 561.303101
659.196655 360.950470
1173.723145 519.743591
517.145020 359.228149
1235.619751 160.286728
1089.112915 593.451904
1157.825073 564.757019
1191.975098 171.344681
654.022522 317.957489
1221.014282 96.548264
229.002640 612.746765
689.902527 579.326965
1099.919922 584.442627
402.565033 400.041107
1187.906250 509.722443
-1.000000 -1.000000
649.833923 352.119629
211.746674 552.638062
1142.836060 336.748322
315.829773 525.781738
369.628601 446.506775
-1.000000 -1.000000
615.825195 486.359070
1216.457397 367.412659
472.885315 251.283112
629.579224 502.518829
624.995239 283.735260
1204.366211 484.922760
497.111450 309.937347
422.798279 389.740997
578.230774 364.058533
324.100250 474.192688
391.248016 534.247986
-1.000000 -1.000000
298.751984 516.795105
478.608612 396.390961
385.776764 513.918823
252.064758 556.046753
300.350647 430.507599
758.450928 506.256744
439.212891 169.903214
-1.000000 -1.000000
1201.558228 65.340614
626.016479 254.970200
-1.000000 -1.000000
1144.228516 490.181549
448.823090 329.893860
-1.000000 -1.000000
201.721649 547.400208
720.668457 365.508606
1168.163940 244.164078
-1.000000 -1.000000
1124.116577 406.325867
1130.684814 415.696350
148.755692 626.268982
-1.000000 -1.000000
718.243164 492.863403
-1.000000 -1.000000
-1.000000 -1.000000
1124.046265 368.306946
-1.000000 -1.000000
-1.000000 -1.000000
292.197357 506.419342
470.828491 382.352356
1174.116089 211.974930
244.625244 496.725647
601.352295 358.996521
1179.535889 244.842163
819.414307 496.935272
333.441559 625.249023
406.978088 356.291840
290.561096 426.073761
-1.000000 -1.000000
719.883362 502.253082
378.148743 323.969238
1209.873047 87.098595
740.597412 305.871033
461.460449 405.120758
1204.363770 125.106041
398.803436 391.352905
1161.329224 304.956665
-1.000000 -1.000000
-1.000000 -1.000000
367.840332 424.101227
327.686432 381.509369
661.310364 480.346344
1190.999023 278.264069
279.586975 553.139282
-1.000000 -1.000000
-1.000000 -1.000000
1121.402222 70.818619
1238.145508 134.161118
750.315918 586.218384
1183.771973 201.800674
862.401062 510.520264
374.127167 538.738708
368.331116 320.128265
764.108826 373.839264
789.740479 602.406189
1168.276367 295.128021
341.949585 428.623047
373.702667 390.018433
298.250793 420.502686
1154.945923 315.700562
419.673706 317.467865
752.912598 596.116211
711.298706 312.696320
-1.000000 -1.000000
410.979248 381.625336
376.171417 314.474335
210.144287 542.135559
-1.000000 -1.000000
153.631683 593.265198
1211.373779 103.019875
385.819366 389.745880
-1.000000 -1.000000
522.016296 378.608917
196.392029 643.784668
446.753845 312.595001
605.012268 369.714691
-1.000000 -1.000000
660.706360 373.153381
451.797607 168.304108
700.437134 595.756287
269.664734 547.494751
1161.641479 272.775940
730.440796 366.058624
502.560455 253.857437
401.107361 280.863861
1155.790405 554.261047
655.729858 445.177979
725.925964 311.403900
565.665344 56.873310
1120.125488 42.953304
1155.632324 544.292603
722.851624 241.722015
-1.000000 -1.000000
483.676025 244.077972
639.209290 248.621765
527.619080 350.875153
726.722961 544.547302
1196.884888 162.459839
814.130066 456.393036
-1.000000 -1.000000
1167.540771 253.548813
1145.460815 325.390961
246.700592 467.158691
714.060486 224.072113
824.388428 515.737122
616.285706 151.091461
1193.832642 197.869003
620.175598 137.404358
689.192505 146.473206
-1.000000 -1.000000
552.649231 60.018951
756.639648 606.293396
328.389557 357.120026
483.131714 268.316467
339.288849 595.007385
430.515686 451.686981
683.911804 124.116257
691.101990 540.558716
488.029327 167.487366
460.466553 329.148193
-1.000000 -1.000000
554.889893 262.291504
745.158142 346.564850
595.306580 155.861801
423.877869 25.180849
-1.000000 -1.000000
549.109192 247.747757
-1.000000 -1.000000
1174.610840 285.113068
-1.000000 -1.000000
-1.000000 -1.000000
842.438965 563.446472
651.985474 464.455322
429.224274 473.964294
-1.000000 -1.000000
379.847626 522.442078
730.728821 584.899475
692.542603 448.690857
312.605286 516.985718
-1.000000 -1.000000
1137.562744 236.873993
-1.000000 -1.000000
467.174896 391.748718
-1.000000 -1.000000
401.671600 259.038116
606.001038 164.616531
749.408386 506.248352
534.585083 205.215469
508.746948 308.484009
1180.087402 257.071655
-1.000000 -1.000000
574.196106 436.494934
848.246155 457.800049
-1.000000 -1.000000
-1.000000 -1.000000
-1.000000 -1.000000
825.380249 524.249268
-1.000000 -1.000000
-1.000000 -1.000000
-1.000000 -1.000000
719.131042 302.529114
1193.114868 558.374512
1246.160400 443.599182
636.578308 283.274902
-1.000000 -1.000000
454.809296 318.131897
326.126556 516.149292
526.343933 370.668549
665.772705 499.346375
244.267151 603.248291
714.845215 543.043762
-1.000000 -1.000000
-1.000000 -1.000000
-1.000000 -1.000000
673.060303 366.349640
-1.000000 -1.000000
648.605957 530.721191
435.410706 278.308807
697.851257 167.348816
-1.000000 -1.000000
-1.000000 -1.000000
731.229614 296.735077
357.683838 421.232788
801.414856 605.356262
426.947021 258.143768
434.914062 309.789795
505.509338 264.830109
-1.000000 -1.000000
338.027405 465.769867
1174.397339 544.406311
757.104797 515.997437
646.566223 451.612274
680.520386 446.789795
661.655151 344.914978
625.590942 150.010391
1140.777222 218.009735
420.552856 347.260498
339.033722 509.526001
409.970917 214.003159
569.577087 365.862915
-1.000000 -1.000000
-1.000000 -1.000000
854.362061 395.337738
211.565491 563.971375
679.604858 197.574158
-1.000000 -1.000000
668.191772 508.120911
495.346558 261.615997
533.168945 379.809509
-1.000000 -1.000000
-1.000000 -1.000000
-1.000000 -1.000000
-1.000000 -1.000000
611.650269 139.061218
1146.777954 480.674744
660.447388 31.596054
688.801025 550.650574
695.366943 570.421082
739.650635 291.541595
-1.000000 -1.000000
710.901917 323.286163
578.727478 373.934662
698.533569 487.062866
859.098389 371.493347
571.472412 338.806091
837.971619 554.245605
678.316040 532.109985
202.080185 535.507751
878.360840 564.461365
461.466461 343.067963
-1.000000 -1.000000
-1.000000 -1.000000
548.552917 240.338989
700.677490 584.900696
-1.000000 -1.000000
412.041168 391.621399
351.206390 577.322144
805.600342 516.668701
596.620300 341.154572
849.119446 584.712585
568.098145 329.750244
707.955383 200.868515
652.820557 33.089401
443.890198 301.968842
-1.000000 -1.000000
291.722900 415.820160
661.711487 469.829163
742.660339 366.691040
