-1.000000 -1.000000
-1.000000 -1.000000
-1.000000 -1.000000
-1.000000 -1.000000
-1.000000 -1.000000
-1.000000 -1.000000
-1.000000 -1.000000
-1.000000 -1.000000
-1.000000 -1.000000
-1.000000 -1.000000
1187.108032 300.768982
495.355499 224.763702
-1.000000 -1.000000
-1.000000 -1.000000
-1.000000 -1.000000
-1.000000 -1.000000
-1.000000 -1.000000
-1.000000 -1.000000
236.262466 498.950623
683.686829 432.082336
-1.000000 -1.000000
384.334717 277.794037
-1.000000 -1.000000
-1.000000 -1.000000
629.403320 206.218811
210.202118 443.364410
1122.120972 157.699890
311.721832 408.798920
357.261169 324.397736
-1.000000 -1.000000
603.898682 346.227020
1199.611450 175.029221
-1.000000 -1.000000
618.954102 361.509552
599.971069 139.123474
1186.365723 299.720825
472.361176 177.098373
402.883789 264.919281
-1.000000 -1.000000
315.362152 356.265991
389.095886 409.463104
-1.000000 -1.000000
294.493103 399.757477
462.095947 266.542389
381.636688 389.753052
-1.000000 -1.000000
284.511505 316.469238
-1.000000 -1.000000
-1.000000 -1.000000
-1.000000 -1.000000
-1.000000 -1.000000
596.877075 106.370728
-1.000000 -1.000000
-1.000000 -1.000000
424.924835 200.600784
-1.000000 -1.000000
199.619766 438.351593
-1.000000 -1.000000
-1.000000 -1.000000
-1.000000 -1.000000
1103.544312 224.433685
1112.910400 240.761276
156.692810 520.525146
-1.000000 -1.000000
-1.000000 -1.000000
-1.000000 -1.000000
-1.000000 -1.000000
1105.544556 183.858276
-1.000000 -1.000000
-1.000000 -1.000000
284.570312 391.875732
452.709656 252.790146
-1.000000 -1.000000
236.369232 386.846893
-1.000000 -1.000000
-1.000000 -1.000000
805.934326 338.998566
339.218384 504.423279
385.787170 231.747879
273.300354 312.122467
-1.000000 -1.000000
-1.000000 -1.000000
350.887604 202.718445
-1.000000 -1.000000
-1.000000 -1.000000
442.685944 278.648407
-1.000000 -1.000000
380.216553 267.659210
-1.000000 -1.000000
-1.000000 -1.000000
-1.000000 -1.000000
350.469147 305.283447
306.679810 265.780792
-1.000000 -1.000000
-1.000000 -1.000000
276.943542 438.875458
-1.000000 -1.000000
-1.000000 -1.000000
-1.000000 -1.000000
-1.000000 -1.000000
745.174561 432.599762
-1.000000 -1.000000
852.146606 351.121552
369.795135 416.835175
339.511932 199.047577
746.999023 221.415085
785.115906 446.413269
-1.000000 -1.000000
327.636627 310.183014
352.389801 270.030548
282.613739 305.134155
-1.000000 -1.000000
393.966675 191.425735
749.014893 444.081787
-1.000000 -1.000000
-1.000000 -1.000000
390.543030 256.714417
348.977692 191.675629
208.909973 432.036743
-1.000000 -1.000000
157.823303 485.873962
-1.000000 -1.000000
368.534393 266.392792
-1.000000 -1.000000
504.049438 247.518005
204.218460 533.378174
418.799988 185.376266
-1.000000 -1.000000
-1.000000 -1.000000
-1.000000 -1.000000
-1.000000 -1.000000
695.572510 446.667725
-1.000000 -1.000000
-1.000000 -1.000000
710.863586 215.151871
-1.000000 -1.000000
369.413635 157.405533
-1.000000 -1.000000
641.104126 300.857300
-1.000000 -1.000000
-1.000000 -1.000000
-1.000000 -1.000000
-1.000000 -1.000000
-1.000000 -1.000000
-1.000000 -1.000000
448.693176 108.340195
-1.000000 -1.000000
503.780914 216.264832
719.377502 394.114716
-1.000000 -1.000000
799.248413 298.429474
-1.000000 -1.000000
-1.000000 -1.000000
-1.000000 -1.000000
235.481461 355.370941
-1.000000 -1.000000
-1.000000 -1.000000
-1.000000 -1.000000
-1.000000 -1.000000
-1.000000 -1.000000
-1.000000 -1.000000
-1.000000 -1.000000
-1.000000 -1.000000
751.024109 452.799561
304.075897 238.554169
-1.000000 -1.000000
341.811646 472.432648
417.672852 325.593201
-1.000000 -1.000000
683.071167 392.858398
-1.000000 -1.000000
435.511810 199.303818
-1.000000 -1.000000
519.392273 104.799057
722.902527 193.414963
-1.000000 -1.000000
-1.000000 -1.000000
-1.000000 -1.000000
-1.000000 -1.000000
-1.000000 -1.000000
-1.000000 -1.000000
-1.000000 -1.000000
-1.000000 -1.000000
833.436646 404.565735
637.762817 323.020172
418.993896 350.385895
-1.000000 -1.000000
374.845520 399.981445
725.436279 434.758484
679.323608 301.124390
307.581848 398.994232
-1.000000 -1.000000
-1.000000 -1.000000
-1.000000 -1.000000
449.932220 262.926758
-1.000000 -1.000000
367.560303 131.396835
-1.000000 -1.000000
-1.000000 -1.000000
-1.000000 -1.000000
482.605103 175.641434
-1.000000 -1.000000
-1.000000 -1.000000
559.194580 300.880951
835.162842 298.189880
-1.000000 -1.000000
-1.000000 -1.000000
-1.000000 -1.000000
817.237793 367.513031
-1.000000 -1.000000
-1.000000 -1.000000
-1.000000 -1.000000
695.182068 150.468292
-1.000000 -1.000000
-1.000000 -1.000000
609.624023 138.391953
-1.000000 -1.000000
429.370819 189.886337
-1.000000 -1.000000
506.184021 236.217926
658.727051 355.650543
246.321106 490.859985
708.492188 394.097778
-1.000000 -1.000000
-1.000000 -1.000000
-1.000000 -1.000000
-1.000000 -1.000000
-1.000000 -1.000000
640.415527 389.051300
407.952515 150.131622
-1.000000 -1.000000
-1.000000 -1.000000
-1.000000 -1.000000
-1.000000 -1.000000
340.384125 303.062042
794.360718 448.020172
396.406891 128.331100
-1.000000 -1.000000
-1.000000 -1.000000
-1.000000 -1.000000
324.399353 348.228363
-1.000000 -1.000000
-1.000000 -1.000000
631.941162 308.498505
668.305664 301.103363
-1.000000 -1.000000
-1.000000 -1.000000
-1.000000 -1.000000
394.204498 223.145981
306.658752 406.493835
372.626984 88.352859
-1.000000 -1.000000
-1.000000 -1.000000
-1.000000 -1.000000
836.522705 234.974594
213.463165 451.839691
-1.000000 -1.000000
-1.000000 -1.000000
660.933960 365.825836
-1.000000 -1.000000
514.641541 247.494019
-1.000000 -1.000000
-1.000000 -1.000000
-1.000000 -1.000000
-1.000000 -1.000000
-1.000000 -1.000000
-1.000000 -1.000000
-1.000000 -1.000000
681.614502 404.928711
688.000122 420.680511
-1.000000 -1.000000
-1.000000 -1.000000
-1.000000 -1.000000
-1.000000 -1.000000
687.425659 337.495392
841.475403 209.091049
-1.000000 -1.000000
828.363770 393.880737
671.436646 388.213654
195.992249 428.359192
870.983337 401.757812
443.766357 216.007736
-1.000000 -1.000000
-1.000000 -1.000000
-1.000000 -1.000000
694.202393 438.070770
-1.000000 -1.000000
394.676971 267.054199
-1.000000 -1.000000
-1.000000 -1.000000
571.396912 202.583496
840.936157 424.669891
-1.000000 -1.000000
-1.000000 -1.000000
-1.000000 -1.000000
416.179718 168.025894
-1.000000 -1.000000
271.164001 302.981232
649.472351 327.289734
721.320129 216.139862
