-1.000000 -1.000000
-1.000000 -1.000000
-1.000000 -1.000000
848.619141 151.371826
-1.000000 -1.000000
314.509918 425.207397
1180.830322 229.835419
499.344147 169.971069
-1.000000 -1.000000
1213.711548 232.307983
-1.000000 -1.000000
435.605103 65.041260
-1.000000 -1.000000
-1.000000 -1.000000
400.622253 376.501068
1212.533936 234.229538
1131.158691 136.141205
710.697510 362.499298
233.364258 401.502899
1214.270508 64.616905
-1.000000 -1.000000
1106.000732 83.636299
1169.731812 253.522507
331.279144 375.891968
393.152283 238.278030
260.830383 475.524933
376.242340 280.979584
460.695007 226.426010
-1.000000 -1.000000
294.069427 271.436279
654.412659 273.714905
-1.000000 -1.000000
721.290283 276.581512
695.848206 92.784439
628.738831 295.408081
-1.000000 -1.000000
811.594604 263.500366
324.825134 329.816376
312.477020 358.856171
-1.000000 -1.000000
-1.000000 -1.000000
195.353027 489.465424
-1.000000 -1.000000
1111.042358 134.504089
259.703064 350.733124
766.486511 362.214935
-1.000000 -1.000000
349.345978 152.587067
355.769501 238.740295
195.873581 467.439819
-1.000000 -1.000000
-1.000000 -1.000000
423.631989 150.796204
-1.000000 -1.000000
283.139160 406.324646
856.333252 359.168823
-1.000000 -1.000000
316.173065 224.469986
382.951843 386.748169
383.702393 200.513168
-1.000000 -1.000000
-1.000000 -1.000000
337.944489 348.577362
849.901184 130.609772
-1.000000 -1.000000
863.289795 327.372833
430.750305 296.194824
368.226929 442.706909
402.454681 356.328064
366.320831 461.099640
-1.000000 -1.000000
481.051605 133.295776
-1.000000 -1.000000
259.243317 330.322418
740.926208 150.068222
860.781067 270.257233
661.483032 244.835770
604.243103 86.419365
711.463562 332.313629
293.851257 366.469543
601.123901 41.850342
716.767029 124.814507
509.141113 208.515045
-1.000000 -1.000000
444.306061 243.661880
369.417603 110.164948
461.290009 206.375443
-1.000000 -1.000000
832.168823 268.719574
-1.000000 -1.000000
702.322754 279.405487
1130.663940 45.069508
1227.162109 174.266357
-1.000000 -1.000000
305.200958 408.844238
821.930542 231.727448
-1.000000 -1.000000
354.843323 272.695526
-1.000000 -1.000000
692.273865 335.062531
-1.000000 -1.000000
-1.000000 -1.000000
-1.000000 -1.000000
316.606079 203.259949
278.215698 460.408325
674.862366 278.271637
343.378601 317.930084
737.953918 364.141235
-1.000000 -1.000000
1161.600098 234.262024
-1.000000 -1.000000
-1.000000 -1.000000
-1.000000 -1.000000
-1.000000 -1.000000
415.458466 130.657761
748.047302 325.638580
-1.000000 -1.000000
642.318665 249.629929
362.463806 423.779114
-1.000000 -1.000000
360.205109 300.421509
843.628235 172.568283
427.192047 276.726990
-1.000000 -1.000000
722.836426 381.104248
702.483582 240.762863
-1.000000 -1.000000
-1.000000 -1.000000
-1.000000 -1.000000
-1.000000 -1.000000
1154.911377 131.262299
-1.000000 -1.000000
395.350616 103.441689
400.752777 183.778152
398.891296 156.552567
-1.000000 -1.000000
885.688599 313.410278
-1.000000 -1.000000
847.164795 230.000443
-1.000000 -1.000000
-1.000000 -1.000000
346.331360 367.545166
682.304077 242.536896
-1.000000 -1.000000
691.699097 362.694824
-1.000000 -1.000000
-1.000000 -1.000000
-1.000000 -1.000000
843.962341 329.483521
875.930908 359.947601
-1.000000 -1.000000
369.051849 88.080597
-1.000000 -1.000000
429.084686 315.645477
-1.000000 -1.000000
298.619080 444.874115
635.604614 98.645195
419.744568 374.338196
869.700806 288.912659
-1.000000 -1.000000
651.292725 305.329803
-1.000000 -1.000000
406.984314 217.488220
263.378113 370.216217
607.515625 295.557709
-1.000000 -1.000000
-1.000000 -1.000000
416.072510 172.850082
-1.000000 -1.000000
-1.000000 -1.000000
391.372437 83.186035
-1.000000 -1.000000
1133.162964 156.384125
-1.000000 -1.000000
214.935715 409.170441
676.329041 99.968590
801.951294 226.949890
1127.591431 65.757042
335.344757 288.172302
727.705139 294.998962
-1.000000 -1.000000
-1.000000 -1.000000
-1.000000 -1.000000
446.502899 163.375412
-1.000000 -1.000000
627.788330 275.142334
277.812714 428.287659
275.590607 278.598389
331.076263 159.880936
828.331909 148.772003
-1.000000 -1.000000
1127.968262 116.347092
1231.917725 152.255173
-1.000000 -1.000000
-1.000000 -1.000000
367.736298 142.988800
772.923584 380.591705
580.674072 45.642971
-1.000000 -1.000000
-1.000000 -1.000000
700.711609 67.346077
-1.000000 -1.000000
-1.000000 -1.000000
-1.000000 -1.000000
-1.000000 -1.000000
891.907471 333.549377
480.361969 228.763535
654.205383 321.223907
1187.593872 250.952377
248.633896 495.427399
-1.000000 -1.000000
738.745117 123.107773
-1.000000 -1.000000
-1.000000 -1.000000
372.932129 261.150818
683.016357 297.502106
-1.000000 -1.000000
-1.000000 -1.000000
567.211060 240.180069
-1.000000 -1.000000
452.570312 182.180176
-1.000000 -1.000000
-1.000000 -1.000000
-1.000000 -1.000000
-1.000000 -1.000000
-1.000000 -1.000000
1152.641235 241.693069
-1.000000 -1.000000
367.656769 56.666016
-1.000000 -1.000000
311.724548 380.170746
839.162170 210.278503
826.926331 133.348221
-1.000000 -1.000000
-1.000000 -1.000000
1149.560791 203.147522
296.961273 291.191742
-1.000000 -1.000000
507.999329 140.725174
-1.000000 -1.000000
-1.000000 -1.000000
-1.000000 -1.000000
-1.000000 -1.000000
-1.000000 -1.000000
-1.000000 -1.000000
-1.000000 -1.000000
186.896301 447.695496
-1.000000 -1.000000
1194.386719 69.421478
-1.000000 -1.000000
249.352524 311.121155
-1.000000 -1.000000
364.002380 216.097809
-1.000000 -1.000000
394.380371 134.660904
845.342896 293.801849
-1.000000 -1.000000
-1.000000 -1.000000
-1.000000 -1.000000
-1.000000 -1.000000
769.355835 337.962891
459.215363 133.823959
761.459534 148.474655
-1.000000 -1.000000
-1.000000 -1.000000
351.022888 173.429871
-1.000000 -1.000000
-1.000000 -1.000000
-1.000000 -1.000000
-1.000000 -1.000000
-1.000000 -1.000000
617.836975 120.671364
723.043640 247.092545
748.679382 381.416718
1154.963867 240.759964
-1.000000 -1.000000
-1.000000 -1.000000
-1.000000 -1.000000
-1.000000 -1.000000
-1.000000 -1.000000
-1.000000 -1.000000
690.882751 313.551025
-1.000000 -1.000000
555.237061 114.267395
-1.000000 -1.000000
332.664062 418.996643
-1.000000 -1.000000
-1.000000 -1.000000
482.562592 187.353500
-1.000000 -1.000000
-1.000000 -1.000000
-1.000000 -1.000000
-1.000000 -1.000000
324.882233 243.003204
629.745300 400.874084
-1.000000 -1.000000
-1.000000 -1.000000
791.702942 364.954346
679.241821 73.820137
-1.000000 -1.000000
549.418884 204.791397
748.791809 276.985413
-1.000000 -1.000000
-1.000000 -1.000000
395.244263 272.686523
640.234985 229.948654
-1.000000 -1.000000
-1.000000 -1.000000
-1.000000 -1.000000
-1.000000 -1.000000
-1.000000 -1.000000
-1.000000 -1.000000
702.358582 383.312500
-1.000000 -1.000000
604.224060 276.281372
-1.000000 -1.000000
361.099701 387.769348
598.510681 66.231750
-1.000000 -1.000000
767.837280 272.663055
1163.601196 109.559830
497.475952 118.776443
-1.000000 -1.000000
408.036530 237.580124
-1.000000 -1.000000
-1.000000 -1.000000
-1.000000 -1.000000
591.840149 258.711823
-1.000000 -1.000000
-1.000000 -1.000000
-1.000000 -1.000000
1114.292114 153.807739
-1.000000 -1.000000
828.202637 313.209412
737.159302 169.689819
-1.000000 -1.000000
-1.000000 -1.000000
534.069031 121.586777
-1.000000 -1.000000
-1.000000 -1.000000
-1.000000 -1.000000
-1.000000 -1.000000
306.745392 342.260834
762.493896 168.362839
-1.000000 -1.000000
-1.000000 -1.000000
463.115082 249.973923
-1.000000 -1.000000
-1.000000 -1.000000
425.575500 342.912323
662.685364 370.551544
678.962158 223.461685
-1.000000 -1.000000
1150.441650 42.164257
323.568420 309.566162
219.812897 428.987885
-1.000000 -1.000000
-1.000000 -1.000000
-1.000000 -1.000000
-1.000000 -1.000000
-1.000000 -1.000000
254.756546 449.840454
-1.000000 -1.000000
-1.000000 -1.000000
-1.000000 -1.000000
-1.000000 -1.000000
-1.000000 -1.000000
293.518799 237.415741
-1.000000 -1.000000
-1.000000 -1.000000
586.968323 297.175873
702.729553 300.373627
-1.000000 -1.000000
212.820999 389.472992
571.162964 261.356384
-1.000000 -1.000000
812.930481 360.400269
385.700348 416.994812
-1.000000 -1.000000
234.130081 366.456940
-1.000000 -1.000000
667.787048 340.977722
863.493103 307.776062
881.096191 269.063324
1213.367798 84.649467
830.700073 211.326187
634.008728 379.970184
553.246094 54.524193
-1.000000 -1.000000
-1.000000 -1.000000
738.878296 100.730713
-1.000000 -1.000000
657.738159 225.771973
716.118713 167.312607
346.117584 125.074890
-1.000000 -1.000000
-1.000000 -1.000000
-1.000000 -1.000000
-1.000000 -1.000000
-1.000000 -1.000000
-1.000000 -1.000000
169.487579 503.102936
-1.000000 -1.000000
-1.000000 -1.000000
-1.000000 -1.000000
-1.000000 -1.000000
-1.000000 -1.000000
443.631897 223.241913
581.714233 90.628647
761.550476 316.698730
433.536621 120.892929
-1.000000 -1.000000
-1.000000 -1.000000
-1.000000 -1.000000
350.942963 218.892395
-1.000000 -1.000000
298.455383 199.015579
-1.000000 -1.000000
1172.212158 129.662003
-1.000000 -1.000000
-1.000000 -1.000000
-1.000000 -1.000000
632.799255 358.392670
-1.000000 -1.000000
314.838959 476.805786
-1.000000 -1.000000
809.268677 317.334808
273.636353 310.563782
-1.000000 -1.000000
-1.000000 -1.000000
273.909332 258.068329
1141.713745 184.014786
342.715332 393.275146
-1.000000 -1.000000
655.666382 76.984047
-1.000000 -1.000000
-1.000000 -1.000000
583.853943 281.230072
-1.000000 -1.000000
241.052475 325.502075
352.049316 81.563255
365.809479 324.691467
625.864502 83.749191
-1.000000 -1.000000
404.212952 420.996338
-1.000000 -1.000000
-1.000000 -1.000000
-1.000000 -1.000000
-1.000000 -1.000000
-1.000000 -1.000000
534.264343 218.710663
349.896973 464.438354
-1.000000 -1.000000
-1.000000 -1.000000
379.275299 167.119873
-1.000000 -1.000000
-1.000000 -1.000000
-1.000000 -1.000000
675.338135 52.701591
217.864212 448.750732
436.285431 350.273712
1205.130737 37.291080
-1.000000 -1.000000
1153.412109 223.390884
-1.000000 -1.000000
-1.000000 -1.000000
1207.058594 143.565796
-1.000000 -1.000000
-1.000000 -1.000000
450.826752 295.911346
336.114899 183.590988
301.110931 480.133209
-1.000000 -1.000000
783.462646 314.944580
471.912720 168.034271
-1.000000 -1.000000
-1.000000 -1.000000
576.056030 62.549946
412.079132 397.833466
-1.000000 -1.000000
415.997223 298.560425
-1.000000 -1.000000
-1.000000 -1.000000
463.714478 271.127533
-1.000000 -1.000000
430.891815 204.605988
645.421753 51.598640
-1.000000 -1.000000
-1.000000 -1.000000
-1.000000 -1.000000
-1.000000 -1.000000
449.990173 102.382408
-1.000000 -1.000000
647.747009 354.237030
-1.000000 -1.000000
555.288635 72.371315
-1.000000 -1.000000
-1.000000 -1.000000
-1.000000 -1.000000
599.426392 319.287292
