-1.000000 -1.000000
-1.000000 -1.000000
301.188568 450.253937
-1.000000 -1.000000
-1.000000 -1.000000
-1.000000 -1.000000
-1.000000 -1.000000
-1.000000 -1.000000
-1.000000 -1.000000
-1.000000 -1.000000
1170.031738 268.122406
498.767059 199.876923
-1.000000 -1.000000
-1.000000 -1.000000
-1.000000 -1.000000
-1.000000 -1.000000
629.913147 139.428482
-1.000000 -1.000000
261.166931 486.905884
700.162903 392.592346
-1.000000 -1.000000
391.855347 258.546082
-1.000000 -1.000000
-1.000000 -1.000000
631.427063 173.524033
231.789612 433.017059
1125.949219 88.415253
329.217773 393.208099
367.635742 307.216858
-1.000000 -1.000000
615.346130 313.274963
1203.143677 108.079865
435.661865 94.502945
631.309631 327.190369
597.729797 107.848579
1169.216919 267.081329
472.390625 153.388718
409.567566 244.740997
-1.000000 -1.000000
328.416718 341.626953
405.222260 390.322571
-1.000000 -1.000000
311.163177 385.404785
468.043030 243.505997
396.410614 371.199554
-1.000000 -1.000000
295.740387 302.729492
-1.000000 -1.000000
-1.000000 -1.000000
-1.000000 -1.000000
-1.000000 -1.000000
592.620911 76.126869
-1.000000 -1.000000
-1.000000 -1.000000
426.161652 179.749802
-1.000000 -1.000000
220.854233 428.640930
703.140259 177.752106
-1.000000 -1.000000
-1.000000 -1.000000
1111.837891 162.411087
1119.892822 172.363266
185.019073 512.034485
-1.000000 -1.000000
-1.000000 -1.000000
-1.000000 -1.000000
-1.000000 -1.000000
1109.075317 122.711197
-1.000000 -1.000000
-1.000000 -1.000000
301.462372 377.852997
457.722900 230.248199
-1.000000 -1.000000
253.200912 375.564423
-1.000000 -1.000000
-1.000000 -1.000000
816.732788 294.388062
362.951477 485.678711
389.659302 213.227859
284.596924 298.993164
-1.000000 -1.000000
-1.000000 -1.000000
353.360687 185.299576
-1.000000 -1.000000
716.414917 115.369278
450.510864 255.985077
-1.000000 -1.000000
386.884583 249.258331
1142.204956 54.900948
-1.000000 -1.000000
-1.000000 -1.000000
360.667328 287.870270
313.993042 250.710938
-1.000000 -1.000000
-1.000000 -1.000000
297.110657 424.832855
-1.000000 -1.000000
-1.000000 -1.000000
-1.000000 -1.000000
-1.000000 -1.000000
760.874451 390.308868
-1.000000 -1.000000
862.947876 303.139221
387.753662 397.863892
342.089783 182.010803
749.786072 181.130539
801.642883 400.859070
-1.000000 -1.000000
337.638062 294.526306
360.375763 252.565628
292.302887 292.139679
1136.815552 66.362671
395.142761 171.700150
765.472046 400.557129
-1.000000 -1.000000
-1.000000 -1.000000
396.757904 237.610214
350.275513 174.693909
228.778458 422.353455
-1.000000 -1.000000
183.342484 478.665985
-1.000000 -1.000000
374.608582 248.893478
-1.000000 -1.000000
508.514557 221.109787
232.942368 521.853210
420.328644 164.084717
589.805786 198.325119
-1.000000 -1.000000
-1.000000 -1.000000
-1.000000 -1.000000
713.018738 406.833862
-1.000000 -1.000000
-1.000000 -1.000000
713.686890 177.256439
-1.000000 -1.000000
369.074646 138.194992
-1.000000 -1.000000
649.690552 266.341187
-1.000000 -1.000000
-1.000000 -1.000000
-1.000000 -1.000000
-1.000000 -1.000000
691.702209 49.414749
-1.000000 -1.000000
444.948822 86.522903
-1.000000 -1.000000
507.617889 190.903427
733.467590 353.919952
-1.000000 -1.000000
807.809143 254.715683
-1.000000 -1.000000
-1.000000 -1.000000
1127.711304 77.908440
250.126480 344.654968
680.054016 30.289558
-1.000000 -1.000000
-1.000000 -1.000000
-1.000000 -1.000000
-1.000000 -1.000000
-1.000000 -1.000000
-1.000000 -1.000000
-1.000000 -1.000000
768.348755 409.283752
309.798401 224.564758
-1.000000 -1.000000
362.981598 455.027893
428.099274 305.136475
-1.000000 -1.000000
697.286682 355.126221
-1.000000 -1.000000
436.941040 177.850754
-1.000000 -1.000000
523.543396 95.783859
725.528320 155.027649
-1.000000 -1.000000
-1.000000 -1.000000
-1.000000 -1.000000
524.449768 98.762863
-1.000000 -1.000000
-1.000000 -1.000000
-1.000000 -1.000000
-1.000000 -1.000000
847.951050 356.902771
647.949402 287.840973
430.710144 328.944733
-1.000000 -1.000000
390.881958 381.060181
741.239868 392.916107
687.691101 264.679993
324.231232 384.026611
-1.000000 -1.000000
-1.000000 -1.000000
-1.000000 -1.000000
455.047638 240.748917
-1.000000 -1.000000
365.773682 113.192917
-1.000000 -1.000000
-1.000000 -1.000000
493.329742 39.836079
482.863129 151.127289
-1.000000 -1.000000
-1.000000 -1.000000
567.168274 270.470337
843.399841 252.552963
-1.000000 -1.000000
-1.000000 -1.000000
-1.000000 -1.000000
828.789734 321.530792
-1.000000 -1.000000
-1.000000 -1.000000
-1.000000 -1.000000
694.575195 112.580093
-1.000000 -1.000000
-1.000000 -1.000000
607.987793 106.443413
-1.000000 -1.000000
430.428070 168.407822
337.798370 381.141754
510.340118 210.521164
669.833374 319.307587
270.987762 477.188171
722.258301 354.659149
-1.000000 -1.000000
-1.000000 -1.000000
-1.000000 -1.000000
-1.000000 -1.000000
-1.000000 -1.000000
653.683777 352.838043
404.704834 129.784622
-1.000000 -1.000000
-1.000000 -1.000000
-1.000000 -1.000000
-1.000000 -1.000000
350.052643 285.776245
811.583984 402.184265
392.407196 109.054230
406.657715 163.544586
471.144928 104.425919
-1.000000 -1.000000
337.775238 332.411163
-1.000000 -1.000000
759.518677 323.017975
640.927185 274.096191
676.196838 265.344604
-1.000000 -1.000000
-1.000000 -1.000000
-1.000000 -1.000000
398.666626 203.331894
323.529755 391.637299
367.145569 69.248405
-1.000000 -1.000000
-1.000000 -1.000000
-1.000000 -1.000000
840.757751 188.644760
234.497345 442.204163
-1.000000 -1.000000
-1.000000 -1.000000
671.856079 328.212830
-1.000000 -1.000000
518.873230 220.313477
-1.000000 -1.000000
-1.000000 -1.000000
-1.000000 -1.000000
-1.000000 -1.000000
-1.000000 -1.000000
-1.000000 -1.000000
-1.000000 -1.000000
696.148376 365.799713
704.029053 382.572357
-1.000000 -1.000000
-1.000000 -1.000000
-1.000000 -1.000000
-1.000000 -1.000000
697.699341 300.369049
845.656677 162.797058
-1.000000 -1.000000
842.442261 347.639313
684.699890 349.962738
216.896835 418.757690
884.875793 352.569244
444.359802 193.640060
-1.000000 -1.000000
-1.000000 -1.000000
-1.000000 -1.000000
711.450806 397.936890
-1.000000 -1.000000
400.423340 247.670044
372.031494 435.958618
805.707520 315.767944
574.255371 171.563263
857.341919 377.609039
-1.000000 -1.000000
-1.000000 -1.000000
-1.000000 -1.000000
416.239044 149.041290
-1.000000 -1.000000
282.571869 289.551575
659.524353 291.960541
725.312744 177.002319
