-1.000000 -1.000000
-1.000000 -1.000000
-1.000000 -1.000000
-1.000000 -1.000000
-1.000000 -1.000000
-1.000000 -1.000000
-1.000000 -1.000000
-1.000000 -1.000000
-1.000000 -1.000000
-1.000000 -1.000000
-1.000000 -1.000000
509.817963 311.616852
-1.000000 -1.000000
-1.000000 -1.000000
-1.000000 -1.000000
-1.000000 -1.000000
-1.000000 -1.000000
-1.000000 -1.000000
227.946762 566.736145
-1.000000 -1.000000
-1.000000 -1.000000
-1.000000 -1.000000
-1.000000 -1.000000
-1.000000 -1.000000
642.597717 302.218719
-1.000000 -1.000000
-1.000000 -1.000000
311.754791 481.055756
365.126526 400.544952
-1.000000 -1.000000
607.325378 438.863647
1206.459717 309.702789
-1.000000 -1.000000
621.249512 454.864655
618.333191 235.284943
-1.000000 -1.000000
490.782227 263.729736
415.630524 344.468933
-1.000000 -1.000000
320.439087 428.819641
-1.000000 -1.000000
-1.000000 -1.000000
295.783844 471.000488
473.166595 350.115845
321.482300 428.306946
-1.000000 -1.000000
294.110962 387.535217
-1.000000 -1.000000
-1.000000 -1.000000
-1.000000 -1.000000
-1.000000 -1.000000
618.131287 203.603317
-1.000000 -1.000000
-1.000000 -1.000000
-1.000000 -1.000000
-1.000000 -1.000000
-1.000000 -1.000000
-1.000000 -1.000000
-1.000000 -1.000000
-1.000000 -1.000000
1108.997803 351.599152
1117.770264 370.992523
146.395401 583.189453
-1.000000 -1.000000
-1.000000 -1.000000
-1.000000 -1.000000
-1.000000 -1.000000
1113.640991 311.875854
-1.000000 -1.000000
-1.000000 -1.000000
286.774292 462.354156
465.289642 335.940765
-1.000000 -1.000000
239.508530 454.105194
-1.000000 -1.000000
-1.000000 -1.000000
808.811035 445.041840
330.972992 579.327332
-1.000000 -1.000000
283.945465 382.804718
-1.000000 -1.000000
-1.000000 -1.000000
370.142120 281.027100
-1.000000 -1.000000
-1.000000 -1.000000
453.388672 360.767883
-1.000000 -1.000000
-1.000000 -1.000000
-1.000000 -1.000000
-1.000000 -1.000000
-1.000000 -1.000000
360.367798 380.817688
320.763550 339.037445
-1.000000 -1.000000
-1.000000 -1.000000
274.522888 508.827087
-1.000000 -1.000000
-1.000000 -1.000000
-1.000000 -1.000000
-1.000000 -1.000000
742.334900 535.384033
-1.000000 -1.000000
853.694641 459.985870
-1.000000 -1.000000
359.665131 276.846527
756.769104 324.500885
781.372375 552.114563
-1.000000 -1.000000
-1.000000 -1.000000
365.458160 346.391052
-1.000000 -1.000000
-1.000000 -1.000000
-1.000000 -1.000000
745.178101 546.911011
-1.000000 -1.000000
-1.000000 -1.000000
403.988068 336.013641
-1.000000 -1.000000
-1.000000 -1.000000
-1.000000 -1.000000
150.772903 548.566528
-1.000000 -1.000000
-1.000000 -1.000000
-1.000000 -1.000000
515.706970 333.766327
193.003021 599.312866
-1.000000 -1.000000
-1.000000 -1.000000
-1.000000 -1.000000
-1.000000 -1.000000
-1.000000 -1.000000
691.864380 546.338928
-1.000000 -1.000000
-1.000000 -1.000000
721.971130 316.526276
-1.000000 -1.000000
-1.000000 -1.000000
-1.000000 -1.000000
647.378052 395.839111
-1.000000 -1.000000
-1.000000 -1.000000
-1.000000 -1.000000
-1.000000 -1.000000
-1.000000 -1.000000
-1.000000 -1.000000
473.900787 195.738647
-1.000000 -1.000000
518.860168 303.267273
718.628174 494.470581
-1.000000 -1.000000
804.249695 404.459961
-1.000000 -1.000000
-1.000000 -1.000000
-1.000000 -1.000000
241.484787 423.106354
-1.000000 -1.000000
-1.000000 -1.000000
-1.000000 -1.000000
-1.000000 -1.000000
-1.000000 -1.000000
-1.000000 -1.000000
-1.000000 -1.000000
-1.000000 -1.000000
747.148987 556.185730
320.704132 313.187073
-1.000000 -1.000000
336.242340 547.302551
425.272522 405.152039
-1.000000 -1.000000
682.873169 490.610504
-1.000000 -1.000000
-1.000000 -1.000000
-1.000000 -1.000000
542.380615 196.710602
735.317139 295.752411
-1.000000 -1.000000
-1.000000 -1.000000
-1.000000 -1.000000
-1.000000 -1.000000
-1.000000 -1.000000
-1.000000 -1.000000
-1.000000 -1.000000
-1.000000 -1.000000
832.294312 512.353516
642.660889 417.662170
424.118591 429.536133
-1.000000 -1.000000
-1.000000 -1.000000
722.833496 536.174683
684.788635 398.655182
309.180206 471.225677
-1.000000 -1.000000
-1.000000 -1.000000
-1.000000 -1.000000
462.331696 345.956207
-1.000000 -1.000000
392.488281 213.744873
-1.000000 -1.000000
-1.000000 -1.000000
-1.000000 -1.000000
501.024200 262.512451
-1.000000 -1.000000
-1.000000 -1.000000
566.949585 390.554535
839.416138 406.038055
-1.000000 -1.000000
-1.000000 -1.000000
-1.000000 -1.000000
817.973145 473.989014
-1.000000 -1.000000
-1.000000 -1.000000
-1.000000 -1.000000
710.884705 253.082718
-1.000000 -1.000000
-1.000000 -1.000000
628.187378 235.009476
-1.000000 -1.000000
-1.000000 -1.000000
-1.000000 -1.000000
519.394348 323.525085
660.757202 451.264740
239.708160 559.117371
707.607605 493.265106
-1.000000 -1.000000
-1.000000 -1.000000
-1.000000 -1.000000
-1.000000 -1.000000
-1.000000 -1.000000
641.308655 483.740356
429.843750 233.579529
-1.000000 -1.000000
-1.000000 -1.000000
-1.000000 -1.000000
-1.000000 -1.000000
-1.000000 -1.000000
-1.000000 -1.000000
420.965149 212.236526
-1.000000 -1.000000
-1.000000 -1.000000
-1.000000 -1.000000
330.838287 421.895325
-1.000000 -1.000000
-1.000000 -1.000000
637.650635 402.857117
673.644531 397.428864
-1.000000 -1.000000
-1.000000 -1.000000
-1.000000 -1.000000
-1.000000 -1.000000
317.699066 430.504547
401.718811 171.793777
-1.000000 -1.000000
-1.000000 -1.000000
-1.000000 -1.000000
844.765686 344.429871
-1.000000 -1.000000
-1.000000 -1.000000
-1.000000 -1.000000
662.487976 461.110870
-1.000000 -1.000000
526.578857 334.497345
-1.000000 -1.000000
-1.000000 -1.000000
-1.000000 -1.000000
-1.000000 -1.000000
-1.000000 -1.000000
-1.000000 -1.000000
-1.000000 -1.000000
680.486084 502.299561
686.096313 519.401978
-1.000000 -1.000000
-1.000000 -1.000000
-1.000000 -1.000000
-1.000000 -1.000000
691.001160 436.298004
850.329163 319.284271
-1.000000 -1.000000
828.109741 501.679718
671.234680 484.718536
195.904953 493.091309
869.475952 512.229675
459.825012 298.948669
-1.000000 -1.000000
-1.000000 -1.000000
-1.000000 -1.000000
691.200378 536.870972
-1.000000 -1.000000
407.863647 346.270020
-1.000000 -1.000000
-1.000000 -1.000000
586.853638 295.270996
838.273315 532.897217
-1.000000 -1.000000
-1.000000 -1.000000
-1.000000 -1.000000
436.959015 252.085815
-1.000000 -1.000000
283.095612 373.646515
653.819092 422.339813
732.615906 317.899811
