-1.000000 -1.000000
-1.000000 -1.000000
-1.000000 -1.000000
846.666687 160.843033
-1.000000 -1.000000
312.810211 430.791809
1176.953857 240.712234
498.901550 177.507126
-1.000000 -1.000000
1209.542969 243.155045
-1.000000 -1.000000
436.147858 72.928268
-1.000000 -1.000000
-1.000000 -1.000000
398.991302 382.710938
1208.356934 245.118118
1127.487671 147.016342
708.395874 370.019470
232.136002 406.760162
1210.422485 76.653412
-1.000000 -1.000000
1103.007690 94.979576
1165.936890 263.985535
329.762146 381.770203
392.503082 244.848083
258.861053 480.820862
375.316345 287.492249
459.777924 233.536163
-1.000000 -1.000000
293.685028 277.233368
652.773804 281.400238
-1.000000 -1.000000
719.151855 284.669220
694.736206 102.089340
627.170349 302.987274
-1.000000 -1.000000
809.283386 272.172424
323.675385 335.638855
311.179138 364.665222
-1.000000 -1.000000
-1.000000 -1.000000
193.578705 494.169250
-1.000000 -1.000000
1107.495483 145.440033
258.856720 355.981171
763.791016 370.138885
-1.000000 -1.000000
349.624451 159.237396
355.437469 245.031342
194.195297 472.500885
-1.000000 -1.000000
-1.000000 -1.000000
423.495300 158.023911
-1.000000 -1.000000
281.712769 411.691132
853.437744 367.480560
-1.000000 -1.000000
316.014587 230.495743
381.481720 392.750397
383.202057 207.435104
-1.000000 -1.000000
-1.000000 -1.000000
336.738251 354.455078
847.922607 140.374954
-1.000000 -1.000000
860.663635 336.169189
429.574524 302.742462
366.297546 448.628052
400.939423 362.559875
364.344513 466.778717
-1.000000 -1.000000
480.730743 140.865479
-1.000000 -1.000000
258.544708 335.942322
739.080750 158.919449
857.824646 279.003143
660.109558 252.967850
603.685730 95.100639
709.378052 340.219818
292.692078 371.990753
600.846924 50.748127
715.544739 133.808502
508.197815 215.796646
-1.000000 -1.000000
443.423065 250.497208
369.981934 117.069305
460.453247 213.486526
-1.000000 -1.000000
829.793762 277.335297
-1.000000 -1.000000
700.324036 287.360870
1127.620239 56.701012
1223.106689 185.727280
-1.000000 -1.000000
303.725281 414.328369
819.942383 240.887146
-1.000000 -1.000000
354.067749 279.017517
-1.000000 -1.000000
690.116333 342.752014
-1.000000 -1.000000
-1.000000 -1.000000
-1.000000 -1.000000
316.585938 209.700394
276.552643 465.704681
673.103210 285.891266
342.438568 323.813507
735.249390 371.694336
-1.000000 -1.000000
1157.771973 244.996643
-1.000000 -1.000000
-1.000000 -1.000000
-1.000000 -1.000000
-1.000000 -1.000000
415.641907 137.876770
745.444763 333.490448
-1.000000 -1.000000
640.900879 257.430481
360.861725 429.593170
-1.000000 -1.000000
359.351929 306.625427
841.337158 181.878113
426.245331 283.388916
-1.000000 -1.000000
720.317688 388.665192
700.500427 248.973267
-1.000000 -1.000000
-1.000000 -1.000000
-1.000000 -1.000000
-1.000000 -1.000000
1150.944458 142.491821
-1.000000 -1.000000
395.129395 110.469063
400.435425 190.698761
398.866791 163.486984
-1.000000 -1.000000
882.508240 322.292908
-1.000000 -1.000000
844.532776 239.151535
-1.000000 -1.000000
-1.000000 -1.000000
345.256989 373.481049
680.487366 250.720886
-1.000000 -1.000000
689.381836 370.340973
-1.000000 -1.000000
-1.000000 -1.000000
-1.000000 -1.000000
841.282166 337.988159
872.950867 368.225952
-1.000000 -1.000000
369.735840 95.557922
-1.000000 -1.000000
427.859528 321.921082
-1.000000 -1.000000
297.044220 450.272675
634.963623 107.400337
417.962860 380.690735
866.754578 297.738617
-1.000000 -1.000000
649.618103 312.932434
-1.000000 -1.000000
406.736511 224.251556
262.369110 375.573456
606.053406 303.030365
-1.000000 -1.000000
-1.000000 -1.000000
415.989655 179.784393
-1.000000 -1.000000
-1.000000 -1.000000
391.551422 90.809860
-1.000000 -1.000000
1129.526611 167.122879
-1.000000 -1.000000
213.689346 414.368835
675.504944 108.992302
799.918884 235.762848
1124.569458 77.414993
334.567505 294.144958
725.744690 303.097778
-1.000000 -1.000000
-1.000000 -1.000000
-1.000000 -1.000000
446.003204 170.622391
-1.000000 -1.000000
626.177734 282.797913
276.406097 433.544739
275.572968 284.223541
331.428833 166.441772
826.328186 158.442932
-1.000000 -1.000000
1124.294800 127.307899
1227.718994 164.111786
-1.000000 -1.000000
-1.000000 -1.000000
367.730988 150.063538
770.341980 388.436035
580.354309 54.532654
-1.000000 -1.000000
-1.000000 -1.000000
699.820068 76.507614
-1.000000 -1.000000
-1.000000 -1.000000
-1.000000 -1.000000
-1.000000 -1.000000
888.704895 342.407806
479.369629 235.901260
652.424438 328.816772
1183.756714 261.515533
246.579620 500.500580
-1.000000 -1.000000
737.193542 132.453354
-1.000000 -1.000000
-1.000000 -1.000000
372.170624 267.591980
680.795166 305.217743
-1.000000 -1.000000
-1.000000 -1.000000
566.174500 247.671402
-1.000000 -1.000000
451.973877 189.246262
-1.000000 -1.000000
-1.000000 -1.000000
-1.000000 -1.000000
-1.000000 -1.000000
-1.000000 -1.000000
1148.970215 252.442795
-1.000000 -1.000000
368.244629 63.937935
-1.000000 -1.000000
310.206879 386.303345
836.665161 219.443863
824.932434 143.093048
-1.000000 -1.000000
-1.000000 -1.000000
1145.765625 213.970627
296.782257 296.954559
-1.000000 -1.000000
507.728455 148.240433
-1.000000 -1.000000
-1.000000 -1.000000
-1.000000 -1.000000
-1.000000 -1.000000
-1.000000 -1.000000
-1.000000 -1.000000
-1.000000 -1.000000
185.207214 452.809479
-1.000000 -1.000000
1190.545898 81.347023
-1.000000 -1.000000
248.577393 316.784088
-1.000000 -1.000000
363.596313 222.417130
-1.000000 -1.000000
394.904938 141.469360
842.579956 302.179596
-1.000000 -1.000000
-1.000000 -1.000000
-1.000000 -1.000000
-1.000000 -1.000000
766.679749 345.914673
458.915344 141.428925
759.452576 157.579834
-1.000000 -1.000000
-1.000000 -1.000000
351.324402 179.968384
-1.000000 -1.000000
-1.000000 -1.000000
-1.000000 -1.000000
-1.000000 -1.000000
-1.000000 -1.000000
617.013123 129.275497
721.021118 255.257629
746.054321 388.991333
1151.276733 251.495865
-1.000000 -1.000000
-1.000000 -1.000000
-1.000000 -1.000000
-1.000000 -1.000000
-1.000000 -1.000000
-1.000000 -1.000000
688.629944 321.176086
-1.000000 -1.000000
554.634155 122.219383
-1.000000 -1.000000
331.213104 424.686157
-1.000000 -1.000000
-1.000000 -1.000000
481.767365 194.660416
-1.000000 -1.000000
-1.000000 -1.000000
-1.000000 -1.000000
-1.000000 -1.000000
324.548767 249.022156
627.440430 408.124695
-1.000000 -1.000000
695.397400 43.155449
789.510742 373.058319
678.542664 82.661522
-1.000000 -1.000000
548.719421 212.239044
746.561157 285.273376
-1.000000 -1.000000
-1.000000 -1.000000
394.472534 279.225281
639.095642 237.743027
-1.000000 -1.000000
-1.000000 -1.000000
-1.000000 -1.000000
-1.000000 -1.000000
-1.000000 -1.000000
-1.000000 -1.000000
700.144165 390.845978
-1.000000 -1.000000
602.689819 283.723999
-1.000000 -1.000000
359.431488 393.703125
597.939758 74.988861
-1.000000 -1.000000
765.294189 281.085968
1159.341797 120.926201
497.170837 126.206383
-1.000000 -1.000000
407.919830 244.251373
-1.000000 -1.000000
-1.000000 -1.000000
-1.000000 -1.000000
590.205444 266.118958
-1.000000 -1.000000
-1.000000 -1.000000
-1.000000 -1.000000
1110.576172 164.571747
-1.000000 -1.000000
825.997742 321.432922
734.899292 178.479294
-1.000000 -1.000000
-1.000000 -1.000000
533.373718 129.463562
-1.000000 -1.000000
-1.000000 -1.000000
-1.000000 -1.000000
-1.000000 -1.000000
305.713715 347.502319
760.700439 177.197617
-1.000000 -1.000000
-1.000000 -1.000000
462.568054 255.846024
-1.000000 -1.000000
-1.000000 -1.000000
423.891541 350.336517
660.299133 378.115906
676.503723 231.699814
392.698883 39.058624
1147.441040 53.762329
322.669464 315.424072
218.405807 434.454010
-1.000000 -1.000000
-1.000000 -1.000000
-1.000000 -1.000000
-1.000000 -1.000000
-1.000000 -1.000000
252.845764 455.314026
-1.000000 -1.000000
-1.000000 -1.000000
-1.000000 -1.000000
-1.000000 -1.000000
-1.000000 -1.000000
293.301483 243.199570
-1.000000 -1.000000
-1.000000 -1.000000
585.784424 304.975250
700.514709 307.963165
-1.000000 -1.000000
211.675735 394.663452
569.355103 268.731049
-1.000000 -1.000000
810.175171 368.702423
383.993134 422.954956
-1.000000 -1.000000
233.633911 370.640442
-1.000000 -1.000000
665.586548 348.623260
860.102051 316.701447
878.175964 277.814392
1209.553955 96.631371
827.571350 220.535812
631.500061 387.153198
553.267761 63.633785
-1.000000 -1.000000
-1.000000 -1.000000
736.984680 109.871559
-1.000000 -1.000000
656.208740 233.966873
714.620361 175.844498
346.781250 131.466095
-1.000000 -1.000000
-1.000000 -1.000000
-1.000000 -1.000000
-1.000000 -1.000000
-1.000000 -1.000000
-1.000000 -1.000000
168.669617 505.678894
-1.000000 -1.000000
-1.000000 -1.000000
-1.000000 -1.000000
-1.000000 -1.000000
-1.000000 -1.000000
442.834229 230.235062
581.214233 99.147934
759.013916 324.493927
433.821503 128.649689
-1.000000 -1.000000
-1.000000 -1.000000
-1.000000 -1.000000
350.684509 225.199356
-1.000000 -1.000000
298.451477 205.185242
-1.000000 -1.000000
1169.633301 140.831467
-1.000000 -1.000000
-1.000000 -1.000000
-1.000000 -1.000000
630.366760 365.399353
559.174072 41.784508
312.706757 481.715820
-1.000000 -1.000000
807.186157 325.383148
272.594910 316.368408
-1.000000 -1.000000
-1.000000 -1.000000
273.259430 264.474670
1138.315552 194.954254
341.743500 398.788513
-1.000000 -1.000000
654.870239 85.648865
-1.000000 -1.000000
-1.000000 -1.000000
582.489258 288.830048
-1.000000 -1.000000
240.397202 330.888977
352.451019 89.292862
364.376953 330.817017
625.201233 92.304680
-1.000000 -1.000000
402.344299 427.018097
-1.000000 -1.000000
-1.000000 -1.000000
-1.000000 -1.000000
-1.000000 -1.000000
-1.000000 -1.000000
533.597351 226.438049
346.997925 469.997162
-1.000000 -1.000000
-1.000000 -1.000000
378.794006 174.109436
-1.000000 -1.000000
-1.000000 -1.000000
-1.000000 -1.000000
674.155151 61.874435
215.714417 454.002197
434.496979 357.173676
1201.262817 49.878880
-1.000000 -1.000000
1150.023438 234.240356
-1.000000 -1.000000
-1.000000 -1.000000
1204.212769 154.735703
717.018982 40.700077
-1.000000 -1.000000
449.424194 302.884888
336.160828 190.159470
299.346100 483.911163
-1.000000 -1.000000
780.706238 323.080200
471.054688 174.868256
-1.000000 -1.000000
-1.000000 -1.000000
575.507812 71.215057
410.326263 403.909149
-1.000000 -1.000000
415.252106 305.021240
-1.000000 -1.000000
-1.000000 -1.000000
462.642090 278.026611
-1.000000 -1.000000
430.044800 211.705658
645.378601 60.660141
-1.000000 -1.000000
-1.000000 -1.000000
-1.000000 -1.000000
-1.000000 -1.000000
450.488098 109.787689
-1.000000 -1.000000
645.702576 361.520538
-1.000000 -1.000000
555.335571 82.017502
-1.000000 -1.000000
-1.000000 -1.000000
-1.000000 -1.000000
597.889465 326.742493
