1131.148315 310.730927
1198.492798 219.104614
1193.562500 628.381409
846.895020 456.464355
1188.584106 158.543961
257.888519 623.012451
1163.194702 599.978088
507.209961 404.501617
1209.924805 180.670334
1194.682495 606.060364
1159.419067 332.435883
470.190338 295.088013
642.046631 406.234314
766.079163 121.549171
357.712708 586.560425
1205.353027 572.073120
1124.077637 494.553314
676.163391 638.195679
185.340317 580.922180
1209.326172 446.061890
1121.008301 144.870087
1106.324463 441.317505
1150.729492 621.133057
286.698273 572.500366
383.683350 447.781403
189.346283 660.022949
358.660461 488.367828
453.776855 448.897217
1182.837769 586.143372
282.773529 462.027679
637.392395 535.420410
599.384705 227.471161
701.925049 553.303833
708.339355 371.772552
606.999084 552.800964
-1.000000 -1.000000
794.475891 559.391357
293.127563 524.316650
274.307465 552.176086
649.947083 425.441742
403.408264 58.170948
120.883797 659.539368
-1.000000 -1.000000
1103.315430 490.091431
225.507172 530.590271
731.339233 651.216309
1158.980469 289.943756
368.228729 358.263428
351.717133 438.819183
126.290215 639.636047
-1.000000 -1.000000
442.761780 220.892288
437.222137 370.200439
1189.563599 251.645020
235.480042 593.401611
823.846191 666.266724
1187.129028 567.366516
315.740631 418.126343
339.982025 592.870728
383.768707 409.850677
1116.347778 642.592590
-1.000000 -1.000000
300.825531 548.617981
847.549683 437.875519
727.375793 366.757111
833.634094 635.905884
409.690979 511.210419
309.075745 649.576111
363.091400 566.779602
303.048615 666.197388
1120.989990 126.915001
493.695404 362.871796
765.970398 103.249031
228.962967 513.317566
741.369080 429.570526
837.581238 572.040771
647.981018 510.180420
620.992371 344.348541
680.050293 607.966431
257.189972 552.909241
631.672485 305.984619
724.548462 403.398010
503.979126 440.018585
-1.000000 -1.000000
436.437317 461.669159
396.574158 321.236847
457.728058 429.019775
1139.356812 333.988525
814.174255 566.498779
1133.550659 646.309448
681.690369 549.583679
1133.182983 408.874542
1213.070801 552.764648
1178.731812 285.386566
255.913834 598.344849
808.298279 530.601929
1102.125977 89.830452
342.026154 473.160828
704.360168 295.539978
659.909912 604.213745
544.580627 53.306725
1212.887817 640.666748
651.647888 382.747559
318.893768 400.928772
213.653015 649.080139
656.204895 542.811951
316.494690 515.380432
701.087036 643.468933
433.506073 71.467369
1143.670166 601.945679
-1.000000 -1.000000
-1.000000 -1.000000
-1.000000 -1.000000
714.946838 80.192032
434.043121 350.525452
714.950439 606.458069
479.714661 313.698578
628.193604 509.335022
308.985931 630.390198
586.152710 422.757507
341.362152 502.771423
837.132141 475.253906
412.634216 492.167114
1173.755981 361.162781
683.475647 657.710938
685.904297 511.605560
1178.786621 232.350525
1121.616943 90.906174
565.570923 109.992760
-1.000000 -1.000000
1141.781128 496.954041
302.066162 457.688538
418.146545 318.526947
408.469879 396.754120
414.053040 369.616852
754.980957 141.340805
854.447632 624.552368
1174.821289 646.489502
829.300232 530.943054
652.488220 86.755196
610.985840 206.361130
308.053925 568.467590
666.841003 511.570190
717.708618 424.636261
656.814880 637.001221
684.176025 212.531189
567.394775 419.036499
-1.000000 -1.000000
813.845459 632.716858
842.955383 669.320740
1216.129761 234.127319
397.671570 303.975769
205.026154 577.160583
406.427917 528.067566
527.525940 433.330444
240.252899 638.630554
650.887390 362.257660
375.924469 586.840393
843.454346 591.952026
1135.145508 291.948517
627.967407 566.073608
741.346497 577.354858
406.075928 431.714203
225.624222 550.215454
587.044067 550.049194
1130.308228 623.194824
1101.330444 147.736053
428.999207 388.428680
704.724365 277.465668
539.785828 307.575714
418.935364 301.284515
672.338257 84.499695
1124.210205 512.806396
1153.747681 354.432953
166.927460 585.325562
689.927734 374.956512
788.393372 520.541626
1126.983643 429.667297
320.212585 483.897034
705.757935 572.663330
705.065613 400.406189
592.309021 205.440125
407.356323 77.952873
454.519989 385.109558
1213.952515 253.901855
605.245483 533.926453
225.950958 613.721375
264.705170 466.514648
350.138763 363.062195
826.420166 454.491974
1146.243042 385.760010
1122.541016 475.435791
1217.372681 535.294739
745.619995 117.247810
383.754333 61.356243
386.004639 352.683502
735.916199 670.162292
609.094238 308.327545
185.472336 600.713440
647.021790 68.021034
718.281555 346.434692
573.340759 381.906738
498.095398 307.534424
1193.831177 648.656189
622.902283 227.633438
857.512939 643.737549
472.708496 453.070831
628.691956 583.792358
1171.095459 621.840332
173.689850 677.355713
1215.173340 214.749725
742.110474 404.709503
493.038513 221.157684
799.288879 590.521423
361.941864 463.848755
654.581787 562.431885
1121.708740 164.568604
1190.363403 199.728287
559.923401 485.352600
589.055176 404.075317
455.590576 401.184875
682.257202 194.100037
716.825806 101.353241
526.546936 250.633682
-1.000000 -1.000000
606.295044 571.785034
1163.390747 574.466980
577.873108 224.361099
405.369324 267.550629
1096.751099 642.608948
267.488647 574.968445
823.769958 511.490692
825.659607 438.851318
490.395782 55.320702
698.681946 421.035950
1134.947266 565.669739
282.932373 481.366821
-1.000000 -1.000000
525.232117 372.127869
-1.000000 -1.000000
567.198242 50.820824
-1.000000 -1.000000
-1.000000 -1.000000
1111.602905 311.505829
322.661926 549.314514
526.220947 54.664352
119.796814 620.080444
538.136353 288.732635
1189.530762 448.888458
1150.397583 312.307617
222.894150 493.987274
1179.553467 333.902863
362.817932 417.054413
547.041748 116.688644
417.443085 349.214294
816.860107 591.710693
595.830078 440.565674
743.577576 102.223541
1169.571777 265.267181
1189.043213 138.898804
733.894592 621.007751
470.427856 364.109680
760.500671 429.887390
545.479736 388.307587
549.749268 419.921967
367.452911 377.772888
693.196350 296.432587
498.540466 74.131439
-1.000000 -1.000000
627.900452 205.809036
1156.738892 642.187012
629.968018 384.061035
704.994507 519.674072
712.641174 663.346497
1193.880737 542.858276
514.764587 217.766953
489.037140 286.636139
-1.000000 -1.000000
610.596497 188.045502
540.894104 326.051697
-1.000000 -1.000000
659.177734 580.566101
325.401123 570.889465
569.229126 354.934387
-1.000000 -1.000000
284.023621 616.957153
531.851196 412.251038
679.096802 252.834732
484.542542 410.224243
1165.592896 380.666534
-1.000000 -1.000000
1189.689941 178.083679
625.581726 91.879135
323.785156 437.662170
582.353271 663.965576
1096.491821 662.085754
720.737610 313.352875
756.833191 659.423706
696.036682 345.601898
695.749695 105.176758
546.478455 444.652161
727.531860 559.143616
1124.822144 586.645874
1102.604614 460.859161
387.506470 482.097076
631.416992 490.578186
734.767883 347.332001
-1.000000 -1.000000
1115.503296 563.688660
413.614288 95.663681
667.982117 70.598526
630.524292 424.890259
664.429932 658.591675
459.090057 314.889252
591.031067 526.000366
691.372070 86.113861
311.300079 588.601929
616.617920 326.518188
403.986053 250.617645
744.024780 558.674011
1141.156738 477.033020
510.646271 345.263428
473.664978 218.836670
406.336029 450.657257
584.275696 186.478943
593.204468 377.626404
1106.708740 111.131683
582.515686 505.274292
1209.390381 160.306824
419.450378 208.923203
501.354980 286.081482
1104.650513 508.444519
700.008667 228.829575
803.586487 606.837891
742.045715 448.491394
-1.000000 -1.000000
-1.000000 -1.000000
544.414490 356.936554
666.074524 103.446358
568.317078 437.499573
674.340149 305.943878
702.548584 256.501099
274.784698 529.866699
760.184631 449.755493
723.243958 295.304291
1193.745483 363.704651
455.851654 465.312958
766.623352 581.850281
1160.095581 527.956787
375.963989 549.189697
631.313049 638.451599
665.503601 493.437103
432.095306 252.445160
1153.203857 409.883881
294.235992 504.587311
164.525879 608.996948
652.273743 443.874939
681.711182 176.478409
701.870544 440.049225
1217.004395 383.827576
498.873596 326.005737
188.582962 635.121216
698.953430 123.628143
-1.000000 -1.000000
-1.000000 -1.000000
1075.974365 652.404236
-1.000000 -1.000000
297.789062 417.696930
618.138672 50.493141
490.287323 236.486435
566.618835 547.031128
684.821411 569.636902
-1.000000 -1.000000
166.449493 565.731812
561.302490 506.365112
389.266022 80.587357
772.498474 658.557678
331.960297 628.010681
471.290710 77.161736
207.817261 528.120972
-1.000000 -1.000000
641.302002 605.731628
829.651733 616.755066
857.446045 572.227112
1209.583130 465.548523
805.710571 511.361053
590.101685 643.074158
581.157593 282.887115
1113.185913 295.511780
650.623901 104.054459
745.772522 385.971741
777.765564 141.121109
652.619568 492.219757
717.070557 442.535889
377.350098 322.814545
-1.000000 -1.000000
-1.000000 -1.000000
783.290161 592.489990
559.116699 202.982864
667.735840 406.163086
451.937195 88.335464
102.831177 656.019409
545.075073 143.676193
-1.000000 -1.000000
437.420380 89.524940
614.538757 120.024712
753.963806 236.715271
437.463318 443.001801
597.630493 330.178375
734.918701 598.070496
451.521210 352.081177
1095.677856 623.408081
665.027832 253.824921
488.576660 184.169052
347.612732 419.094635
734.785095 78.334930
301.280975 395.067047
686.517822 266.417786
1179.409180 500.020416
445.882019 192.139099
740.288147 240.583084
602.202942 124.007683
590.208496 622.127625
579.692444 257.223938
251.408417 668.558594
-1.000000 -1.000000
782.378418 609.045837
244.501022 496.547058
487.314209 247.744980
1118.690674 331.066162
262.586212 447.476685
1127.954834 534.036255
303.139618 589.171265
933.672485 121.601166
673.802002 340.902649
521.656433 196.688980
-1.000000 -1.000000
571.714539 526.802917
576.280090 247.070633
211.246841 508.061066
380.318420 296.803802
336.022308 525.262207
642.155884 337.691986
1019.484985 658.091736
352.221924 629.091492
-1.000000 -1.000000
703.317688 217.437500
533.142883 233.073257
1204.851196 276.676910
1171.746094 309.147644
525.711487 451.793884
276.590607 664.883606
705.041321 140.821396
924.893127 60.582462
390.868195 376.881378
556.510376 290.244415
741.617310 203.335632
1096.370605 140.324310
685.890930 328.291656
158.572876 628.457703
390.196503 578.169983
1201.704224 419.013672
605.383972 421.917450
1166.004639 557.015259
683.777039 230.772766
353.627747 547.139954
1208.847656 515.676880
739.699036 316.114410
260.927643 502.664581
426.634583 516.655029
345.073334 385.954559
235.476715 665.335693
720.029114 263.535645
754.039368 599.993286
471.073975 386.990997
628.103699 177.087799
733.520569 173.867554
597.912109 318.725555
364.633514 608.790527
556.268433 155.352737
397.765594 511.777771
504.136597 112.757996
557.239563 306.574677
452.454346 484.768951
529.173523 311.416931
428.804169 424.148254
674.489319 328.084290
1102.062500 70.482895
457.182068 194.296494
517.919189 155.878357
600.569519 134.417435
479.554413 331.613525
477.166168 125.207977
627.632629 618.814453
445.351349 175.436218
581.883850 330.208740
546.369080 153.073318
767.908264 281.958679
-1.000000 -1.000000
566.676331 565.619873
