-1.000000 -1.000000
-1.000000 -1.000000
-1.000000 -1.000000
-1.000000 -1.000000
-1.000000 -1.000000
-1.000000 -1.000000
-1.000000 -1.000000
-1.000000 -1.000000
-1.000000 -1.000000
-1.000000 -1.000000
-1.000000 -1.000000
924.252563 64.590416
381.658997 151.025528
-1.000000 -1.000000
-1.000000 -1.000000
-1.000000 -1.000000
-1.000000 -1.000000
-1.000000 -1.000000
-1.000000 -1.000000
-1.000000 -1.000000
-1.000000 -1.000000
-1.000000 -1.000000
-1.000000 -1.000000
-1.000000 -1.000000
-1.000000 -1.000000
354.847260 201.571091
358.313171 205.148529
-1.000000 -1.000000
-1.000000 -1.000000
-1.000000 -1.000000
-1.000000 -1.000000
-1.000000 -1.000000
878.111694 462.743591
-1.000000 -1.000000
-1.000000 -1.000000
-1.000000 -1.000000
852.691528 72.969437
471.508179 87.634583
-1.000000 -1.000000
-1.000000 -1.000000
-1.000000 -1.000000
675.831543 134.250153
-1.000000 -1.000000
318.405670 321.109222
-1.000000 -1.000000
362.092255 228.106766
-1.000000 -1.000000
-1.000000 -1.000000
356.217651 213.526733
-1.000000 -1.000000
