1021.644531 653.413757
1056.609619 646.859070
979.930786 455.942932
1033.529053 434.458862
1002.825745 684.671082
968.830994 683.769775
1007.675354 665.613525
1001.600098 654.373596
1032.756592 661.796692
1089.635498 443.289429
1010.627808 560.884521
888.951477 135.252151
366.996582 234.523697
661.670105 614.538086
343.769135 263.510590
330.458923 389.664001
368.092041 247.762756
999.734253 581.941895
1026.728149 685.727295
1022.692078 664.703369
973.011658 444.719421
359.590729 264.731659
346.492493 343.837646
949.678894 638.886719
999.392883 428.532898
334.734222 287.668854
363.603027 287.890198
328.709229 347.677795
979.934082 629.717957
996.702576 622.760986
1039.683838 649.864441
330.424530 376.609009
846.685547 582.869263
1011.519409 531.345215
341.535645 353.259827
351.652679 277.662994
834.575684 115.714485
473.769165 140.761292
1145.085938 352.685608
376.798676 231.593002
1038.509033 576.936340
653.435913 226.572937
1029.616089 626.328247
309.829102 428.376892
716.839294 182.681763
350.609833 332.637024
1012.569092 684.374634
1076.502808 465.594147
339.711456 319.647034
1045.250366 440.262329
