-1.000000 -1.000000
-1.000000 -1.000000
-1.000000 -1.000000
-1.000000 -1.000000
-1.000000 -1.000000
-1.000000 -1.000000
-1.000000 -1.000000
-1.000000 -1.000000
-1.000000 -1.000000
-1.000000 -1.000000
-1.000000 -1.000000
933.923889 68.146828
390.888397 160.106628
-1.000000 -1.000000
-1.000000 -1.000000
-1.000000 -1.000000
-1.000000 -1.000000
-1.000000 -1.000000
-1.000000 -1.000000
-1.000000 -1.000000
-1.000000 -1.000000
-1.000000 -1.000000
-1.000000 -1.000000
-1.000000 -1.000000
-1.000000 -1.000000
363.317963 211.071838
366.065582 214.911591
353.292969 255.339584
-1.000000 -1.000000
-1.000000 -1.000000
-1.000000 -1.000000
-1.000000 -1.000000
889.341980 484.482513
-1.000000 -1.000000
-1.000000 -1.000000
-1.000000 -1.000000
865.221680 69.643471
483.043823 90.878227
-1.000000 -1.000000
401.188354 154.363388
-1.000000 -1.000000
686.427917 144.177505
-1.000000 -1.000000
329.822021 341.047272
-1.000000 -1.000000
373.912140 241.271530
-1.000000 -1.000000
-1.000000 -1.000000
365.430298 228.445679
-1.000000 -1.000000
