1021.296387 651.615173
1056.263184 644.968933
979.916992 453.753296
1033.351685 433.531342
1002.580444 682.795898
968.422485 681.976501
1007.208740 663.900513
1001.268799 652.585022
1032.397949 659.823364
1090.223389 441.981018
1010.043213 558.826294
887.360535 132.177017
361.365845 231.976028
658.649902 616.111572
338.076324 261.404022
324.990875 388.679291
362.448914 245.368988
999.322021 579.812500
1026.381592 683.922668
1022.742065 662.899231
973.074951 444.278107
354.097198 262.252167
341.177795 342.371857
949.323669 636.668152
999.701843 427.831512
329.122864 285.726654
358.100311 285.531830
322.806091 346.361115
979.434753 627.721863
996.161804 620.592834
1039.288452 648.259338
324.732758 375.581848
845.612244 584.226562
1011.122925 528.977722
336.098541 352.390656
345.841522 275.272522
832.376770 112.306206
471.582245 136.844299
1146.016724 351.497986
371.069733 228.900848
1037.973267 574.744202
650.049561 223.827454
1029.429932 624.651550
303.909973 428.098450
714.302917 179.801422
345.469696 331.353790
1012.326111 682.591614
1075.806885 463.308167
333.799286 317.755371
1045.284546 439.333771
