1019.253845 661.498474
1054.099121 654.463867
977.498901 463.048645
1030.437622 439.620087
1000.463928 692.523315
966.362488 691.559082
1005.196655 673.615234
999.189941 662.666382
1030.279297 669.577271
1086.520142 448.490295
1007.890625 568.840759
886.433289 141.550018
367.103912 240.030151
660.680420 619.305359
344.126190 268.808746
330.950378 394.833801
368.145172 252.992447
997.020386 589.733032
1024.351318 693.542358
1020.355103 672.587708
970.444702 450.602325
359.963562 270.034210
346.834503 348.837097
947.162170 646.631104
996.516907 433.711670
334.966095 292.899780
363.966339 292.871429
328.981567 352.855377
977.227478 637.483032
993.916992 630.643555
1037.339966 657.541504
330.686523 381.612274
844.791748 588.411316
1008.814148 538.945984
341.985260 358.685852
352.178040 282.885071
832.475586 121.614388
471.813354 147.245834
1141.523560 358.943695
376.947876 237.129181
1035.998657 584.583557
652.443237 232.366180
1027.170410 634.543884
310.075439 433.538788
714.978943 188.528687
351.012573 337.841278
1010.346924 692.331970
1073.676025 473.000885
339.910034 324.884308
1042.316040 445.672882
