1020.000000 662.000000
1055.000000 655.000000
979.000000 463.000000
1032.000000 439.000000
1001.000000 693.000000
967.000000 692.000000
1006.000000 674.000000
1000.000000 663.000000
1031.000000 670.000000
1088.000000 448.000000
1009.000000 569.000000
888.000000 140.000000
369.000000 239.000000
662.000000 619.000000
346.000000 268.000000
333.000000 394.000000
370.000000 252.000000
998.000000 590.000000
1025.000000 694.000000
1021.000000 673.000000
972.000000 450.000000
362.000000 269.000000
349.000000 348.000000
948.000000 647.000000
998.000000 433.000000
337.000000 292.000000
366.000000 292.000000
331.000000 352.000000
978.000000 638.000000
995.000000 631.000000
1038.000000 658.000000
333.000000 381.000000
846.000000 588.000000
1010.000000 539.000000
344.000000 358.000000
354.000000 282.000000
834.000000 120.000000
473.000000 146.000000
1143.000000 358.000000
379.000000 236.000000
1037.000000 585.000000
654.000000 231.000000
1028.000000 635.000000
312.000000 433.000000
717.000000 187.000000
353.000000 337.000000
1011.000000 693.000000
1075.000000 473.000000
342.000000 324.000000
1044.000000 445.000000
