1021.923157 658.344788
1057.004272 651.502747
979.289185 460.105957
1032.849243 437.873993
1003.161682 689.612793
969.116638 688.581299
1008.014587 670.452087
1001.990356 659.462402
1032.946655 666.550293
1089.172363 446.590851
1010.521606 565.340149
887.419556 139.417221
367.474518 238.933075
662.896851 618.320190
344.654816 267.881897
331.816193 394.101288
368.444458 252.106567
999.607483 586.466492
1027.172852 690.626526
1023.159302 669.477234
972.312378 448.917603
360.309784 268.992249
347.641510 348.193207
949.890381 643.445435
999.009277 432.081085
335.488678 292.058472
364.352478 292.078278
329.751373 352.364136
979.904907 634.362305
996.609314 627.447876
1039.944336 654.472107
331.686401 380.893097
846.817993 587.307373
1011.347717 535.875610
342.764374 357.919312
352.490295 281.948547
833.211304 119.667526
472.559570 145.698090
1143.730835 356.734650
377.306274 236.055725
1038.252441 581.725525
652.902344 231.213287
1029.838989 631.165771
311.436066 433.197327
715.648560 187.170776
351.691559 337.015656
1013.292053 689.144897
1076.005615 469.861176
340.498230 323.919189
1044.551147 443.763123
