-1.000000 -1.000000
-1.000000 -1.000000
-1.000000 -1.000000
-1.000000 -1.000000
-1.000000 -1.000000
-1.000000 -1.000000
-1.000000 -1.000000
-1.000000 -1.000000
-1.000000 -1.000000
-1.000000 -1.000000
-1.000000 -1.000000
915.223633 86.233215
374.070801 177.150909
-1.000000 -1.000000
-1.000000 -1.000000
336.827789 325.302185
-1.000000 -1.000000
1014.523010 674.417786
-1.000000 -1.000000
-1.000000 -1.000000
-1.000000 -1.000000
-1.000000 -1.000000
-1.000000 -1.000000
-1.000000 -1.000000
-1.000000 -1.000000
342.916565 232.376389
345.546509 243.060196
335.315979 286.920105
-1.000000 -1.000000
1016.614746 672.549744
-1.000000 -1.000000
-1.000000 -1.000000
867.750916 526.345581
1026.278564 621.998962
-1.000000 -1.000000
-1.000000 -1.000000
853.605164 74.496895
482.031311 95.647758
1171.862305 296.069061
385.227081 175.770386
1052.850464 638.078186
669.341431 170.281921
-1.000000 -1.000000
312.861694 373.398621
-1.000000 -1.000000
358.247375 271.324280
-1.000000 -1.000000
-1.000000 -1.000000
345.973907 258.425537
-1.000000 -1.000000
