-1.000000 -1.000000
1050.940063 667.328186
-1.000000 -1.000000
-1.000000 -1.000000
-1.000000 -1.000000
-1.000000 -1.000000
1001.934082 686.951538
-1.000000 -1.000000
1027.365723 682.995422
-1.000000 -1.000000
1005.298462 581.207581
888.238708 97.199997
352.192383 189.714081
-1.000000 -1.000000
-1.000000 -1.000000
314.508942 340.362732
-1.000000 -1.000000
994.321228 602.994873
-1.000000 -1.000000
1016.959167 686.405396
-1.000000 -1.000000
-1.000000 -1.000000
-1.000000 -1.000000
943.885681 660.474976
991.883606 399.357635
319.526428 244.702423
347.717285 241.340134
313.443390 303.353333
974.381287 651.376465
992.779907 622.078918
1034.149658 670.392639
315.902405 333.424072
842.654114 543.921326
1006.278320 551.598877
-1.000000 -1.000000
-1.000000 -1.000000
831.267639 80.072556
465.738922 100.205116
1146.337646 314.367371
361.434326 185.207642
1032.738037 573.917725
645.667542 184.394608
1024.309937 646.619324
291.907104 387.762115
-1.000000 -1.000000
334.752289 287.188904
-1.000000 -1.000000
1074.066040 480.029358
324.269073 274.345734
1044.511353 413.302948
