1021.001709 651.143311
1055.938965 644.326294
978.866699 453.723358
1032.343140 432.494751
1002.248535 682.253296
968.224487 681.295654
1007.031738 663.281677
1000.972412 652.153015
1032.101196 659.318359
1088.541382 441.302734
1009.828003 558.454773
887.331787 132.963577
363.630859 232.526474
660.137085 613.067139
340.481171 261.683563
327.534515 388.030212
364.978912 245.685974
998.849121 579.625244
1026.167358 683.542786
1022.195251 662.308472
971.843262 442.762878
356.510559 262.549133
343.484436 341.860352
948.951843 636.533203
998.347046 426.674103
331.688507 285.849976
360.528290 286.071686
325.382141 346.007568
979.344360 627.387390
995.705261 620.732849
1039.074341 647.489990
327.165497 374.871826
845.716248 581.566406
1010.569580 528.917664
338.468292 351.778351
348.233459 275.902405
832.715027 113.502579
472.186798 138.494293
1144.140747 350.557983
373.606384 229.715210
1037.552856 574.672729
651.030884 224.630569
1029.012207 624.232422
306.600800 427.040466
714.782410 180.437256
347.498871 330.708832
1012.123230 681.828735
1075.744019 463.124176
336.145386 317.559845
1044.001099 438.252563
