-1.000000 -1.000000
-1.000000 -1.000000
-1.000000 -1.000000
-1.000000 -1.000000
-1.000000 -1.000000
-1.000000 -1.000000
-1.000000 -1.000000
-1.000000 -1.000000
-1.000000 -1.000000
-1.000000 -1.000000
-1.000000 -1.000000
916.901489 84.052765
375.247742 177.927063
-1.000000 -1.000000
-1.000000 -1.000000
338.243958 322.553040
-1.000000 -1.000000
-1.000000 -1.000000
-1.000000 -1.000000
-1.000000 -1.000000
-1.000000 -1.000000
-1.000000 -1.000000
-1.000000 -1.000000
-1.000000 -1.000000
-1.000000 -1.000000
345.146545 232.945450
345.979126 242.366714
336.618011 285.304810
-1.000000 -1.000000
-1.000000 -1.000000
-1.000000 -1.000000
-1.000000 -1.000000
874.076599 518.564575
1028.596558 671.543335
-1.000000 -1.000000
-1.000000 -1.000000
853.091614 76.730476
478.129486 100.612053
1173.385986 287.403046
385.633881 174.374405
1056.362183 686.029846
671.300415 166.937515
-1.000000 -1.000000
314.229370 371.585938
-1.000000 -1.000000
359.610443 268.138794
-1.000000 -1.000000
-1.000000 -1.000000
346.786682 256.662628
-1.000000 -1.000000
