-1.000000 -1.000000
-1.000000 -1.000000
-1.000000 -1.000000
-1.000000 -1.000000
-1.000000 -1.000000
-1.000000 -1.000000
-1.000000 -1.000000
-1.000000 -1.000000
-1.000000 -1.000000
-1.000000 -1.000000
-1.000000 -1.000000
929.299316 76.681091
387.593536 168.343689
-1.000000 -1.000000
-1.000000 -1.000000
-1.000000 -1.000000
-1.000000 -1.000000
-1.000000 -1.000000
-1.000000 -1.000000
-1.000000 -1.000000
-1.000000 -1.000000
-1.000000 -1.000000
-1.000000 -1.000000
-1.000000 -1.000000
-1.000000 -1.000000
358.170624 223.545273
359.892578 229.778503
347.826477 271.512299
-1.000000 -1.000000
-1.000000 -1.000000
-1.000000 -1.000000
-1.000000 -1.000000
886.361816 501.911926
-1.000000 -1.000000
-1.000000 -1.000000
-1.000000 -1.000000
862.920776 74.112846
483.586761 97.031754
-1.000000 -1.000000
397.434875 165.063110
-1.000000 -1.000000
682.530762 156.628525
-1.000000 -1.000000
325.785187 357.528778
-1.000000 -1.000000
371.208344 254.592926
-1.000000 -1.000000
-1.000000 -1.000000
359.363770 243.696487
-1.000000 -1.000000
