-1.000000 -1.000000
1045.326416 647.137512
967.286072 455.701782
1020.175293 428.843018
991.821655 685.197998
957.693115 684.458740
996.577637 666.210022
990.601318 655.054321
1021.698547 662.245239
1075.917725 439.047607
999.087036 561.641174
873.916809 127.269821
341.594391 226.788208
-1.000000 -1.000000
316.907288 257.504333
304.404877 385.411835
343.052673 241.376984
988.558716 582.542786
1015.546631 686.278931
1011.538879 665.533691
959.105957 438.859100
334.165283 258.190887
320.821625 338.620056
938.770447 639.539246
986.091980 423.394867
309.312225 282.106445
338.341553 281.536285
302.283997 344.540894
968.589600 630.281006
985.330933 623.383423
1028.606323 650.416931
304.717102 372.141785
829.949036 579.039062
1000.344666 532.005920
315.557983 348.638214
326.242767 272.096497
819.236145 106.928375
459.652771 130.751740
1133.082153 345.344940
352.707367 225.493118
1027.117065 578.272278
634.468994 218.814896
1018.297058 626.980042
282.521057 426.401611
699.634705 174.374435
324.790802 327.650299
1001.347046 684.297363
1065.908325 465.506744
313.193207 313.691071
1032.690796 434.870056
