-1.000000 -1.000000
1051.873779 646.763123
974.984009 456.003296
1028.793335 433.456360
998.155090 684.849792
963.701294 683.882812
1002.726440 665.986755
996.943542 654.270569
1027.765503 661.684265
1085.405640 442.390778
1005.745605 560.992371
883.290466 131.892776
353.443115 232.204758
-1.000000 -1.000000
329.201660 261.974640
315.913208 389.636871
354.677155 245.904037
994.825806 581.919922
1021.307922 685.764648
1017.826050 664.910278
967.784668 444.160522
346.250397 263.047882
332.284485 343.144806
944.837646 638.864929
994.832153 427.870972
320.321838 286.726166
350.038574 286.302521
314.510620 348.560913
975.038513 629.549011
991.610413 622.647705
1034.656982 649.948730
316.498932 377.069244
838.855896 585.172119
1006.523560 531.138550
327.006104 353.213043
337.904694 276.295929
828.497559 112.212471
467.649139 136.351685
1142.231079 351.548248
364.155457 230.118118
1033.596069 577.302185
644.646790 224.262009
1024.997925 626.105408
295.091248 430.932617
708.683716 179.845154
336.534027 331.976440
1007.823181 684.442444
1071.538208 465.198120
325.422577 318.832733
1040.965698 439.250946
