1019.518677 659.276733
1054.463501 652.375122
977.681519 461.138489
1030.915527 438.146454
1000.691101 690.338196
966.581116 689.381470
1005.666016 671.355469
999.415710 660.327087
1030.504395 667.529907
1087.000732 446.983032
1008.275635 566.601562
886.904297 140.516724
367.064941 239.079254
660.776367 618.147644
344.045654 268.057770
330.998566 393.812531
367.975433 252.241760
997.297485 587.721863
1024.490845 691.582092
1020.576050 670.340332
970.721802 449.375092
360.177979 269.174500
347.145416 348.067108
947.391479 644.442322
997.201843 432.263763
335.095215 292.193634
364.057068 292.276459
328.982513 351.908691
977.835388 635.484497
994.444275 628.674866
1037.598267 655.573059
330.637970 380.408569
845.046326 587.159302
1009.379395 536.607056
341.783813 357.443146
352.134186 282.185242
832.551636 120.711166
471.877167 146.248337
1142.039307 357.326721
376.981628 236.100540
1036.390503 582.451843
652.269836 231.372955
1027.442261 632.574036
310.108856 432.624451
715.656433 187.556030
351.217773 337.119171
1010.688904 690.085876
1074.229980 471.103912
340.135986 324.091125
1042.984619 444.159241
