1020.868408 651.754517
1055.831787 645.040710
979.052979 453.742859
1032.653564 432.944611
1002.086426 682.858276
968.153503 681.961853
1006.844482 663.870178
1000.578857 652.509705
1032.010010 659.902649
1088.932129 441.700134
1009.670471 558.933594
887.434692 131.659058
362.368469 231.880753
659.403381 615.085083
339.253265 261.127747
326.174622 388.090332
363.736511 245.100739
998.838196 580.026489
1025.901245 684.169373
1022.081665 662.906616
972.321045 443.312103
355.220520 261.967651
342.302490 341.801605
948.990723 636.819641
998.731384 427.147522
330.277954 285.338409
359.372162 285.313202
324.056610 346.221100
978.917542 627.812561
995.758667 620.824219
1038.932861 648.135010
325.875702 374.983185
845.495667 582.753601
1010.763184 528.945068
337.068512 351.872650
346.858612 275.434113
832.792664 111.894699
471.926483 137.006546
1145.108154 350.703430
372.501862 228.846024
1037.652954 575.051514
650.889282 223.596085
1028.844604 624.732056
305.147827 428.344513
714.347046 178.992081
346.540375 330.716125
1012.044189 682.730530
1075.574585 463.263000
334.888641 317.261658
1044.641357 438.765778
