458.000000 375.000000
607.855896 287.066498
532.000000 404.000000
459.000000 359.000000
622.000000 379.000000
464.000000 247.000000
623.000000 445.000000
742.000000 391.000000
720.209778 392.751862
626.000000 398.000000
720.006531 393.154816
521.000000 403.000000
608.830505 398.897247
407.000000 272.000000
720.000000 413.000000
622.000000 339.000000
617.000000 475.000000
607.000000 475.000000
715.635925 325.646851
526.000000 229.000000
532.000000 349.000000
514.000000 258.000000
720.000000 447.000000
723.000000 171.000000
462.000000 271.000000
742.000000 412.000000
456.000000 418.000000
609.000000 417.000000
609.000000 445.000000
629.000000 228.000000
733.000000 479.000000
529.000000 419.000000
444.427032 252.709915
742.000000 447.000000
732.000000 413.000000
513.838623 232.855438
537.000000 252.000000
447.877960 374.313202
526.000000 254.000000
736.730164 369.907623
711.000000 478.000000
519.000000 351.000000
448.022278 404.988556
605.000000 341.000000
597.628906 208.290176
612.000000 204.000000
701.772705 177.397186
608.000000 229.000000
704.000000 209.000000
715.431519 326.046112
449.000000 360.000000
454.000000 250.000000
737.000000 324.000000
628.000000 200.000000
519.000000 420.000000
716.304260 264.907715
731.432922 391.772339
743.000000 479.000000
511.307251 470.102814
450.000000 275.000000
722.432983 204.211990
537.000000 276.000000
93.000000 187.000000
445.000000 419.000000
406.000000 301.000000
461.000000 313.000000
726.598694 324.848572
719.545959 371.969696
537.000000 296.000000
267.000000 165.000000
460.000000 428.000000
634.000000 412.000000
406.938019 286.212036
520.000000 303.000000
437.336273 403.879639
328.000000 218.000000
732.000000 304.000000
297.000000 247.000000
598.474487 236.828049
458.820129 404.191559
394.000000 187.000000
721.000000 478.000000
539.886963 118.866875
531.468384 386.499969
732.000000 444.000000
532.417725 471.390228
638.719788 198.508286
222.000000 149.000000
260.000000 193.000000
547.098328 224.672775
619.000000 417.000000
287.000000 233.000000
174.000000 195.000000
398.228149 210.605545
271.000000 194.000000
716.000000 237.000000
458.000000 344.000000
436.000000 465.000000
324.000000 60.000000
666.000000 407.000000
639.000000 253.000000
251.000000 219.000000
309.000000 231.000000
243.000000 192.000000
227.000000 162.000000
740.625366 84.696251
76.546623 343.787964
444.000000 346.000000
416.000000 297.000000
68.000000 145.000000
