727.795532 352.189331
452.000000 337.000000
518.000000 268.000000
614.250122 430.093811
392.000000 239.000000
521.000000 364.000000
741.000000 351.000000
532.000000 365.000000
614.433777 376.844635
613.506165 358.903717
624.000000 430.000000
631.468201 357.890167
520.000000 381.000000
727.689087 177.831985
632.000000 172.000000
518.000000 218.000000
630.000000 403.000000
531.000000 313.000000
523.000000 198.000000
433.000000 220.000000
535.000000 381.000000
536.000000 195.000000
727.709290 370.786804
729.398132 401.753937
609.338562 304.558289
729.000000 148.000000
598.000000 180.000000
627.000000 302.000000
615.000000 402.000000
456.000000 215.000000
632.000000 200.000000
741.000000 370.000000
743.000000 431.000000
455.000000 236.000000
508.000000 201.000000
534.056396 132.773682
452.000000 323.000000
728.515991 370.565308
610.000000 253.000000
615.000000 176.000000
742.000000 399.000000
721.000000 430.000000
536.000000 219.000000
633.000000 214.000000
401.000000 264.000000
708.000000 153.000000
627.000000 340.000000
444.000000 218.000000
391.000000 266.000000
455.708984 277.377045
517.000000 314.000000
729.321106 177.929596
440.000000 324.000000
615.000000 203.000000
391.000000 252.000000
629.000000 376.000000
508.000000 225.000000
710.000000 182.000000
723.467468 289.721588
512.000000 428.000000
439.000000 380.000000
439.108337 338.789795
60.000000 254.000000
445.000000 239.000000
190.000000 81.000000
443.000000 367.000000
149.000000 111.000000
735.000000 289.000000
674.854248 366.054535
536.000000 265.000000
599.000000 206.000000
739.000000 334.000000
537.000000 243.000000
455.000000 366.000000
431.000000 367.000000
535.000000 429.000000
727.000000 333.000000
289.000000 30.000000
438.000000 114.000000
452.000000 378.000000
455.000000 258.000000
152.000000 99.000000
153.000000 138.000000
431.000000 425.000000
90.000000 146.000000
156.000000 126.000000
642.000000 171.000000
545.000000 207.000000
256.000000 171.000000
89.000000 159.000000
519.000000 246.000000
52.000000 277.000000
259.000000 187.000000
379.982452 179.654022
195.000000 126.000000
634.000000 429.000000
643.000000 222.000000
641.926331 372.897217
440.000000 283.000000
57.000000 103.000000
432.000000 242.000000
639.000000 232.000000
527.000000 349.000000
729.299561 351.627838
536.000000 406.000000
447.000000 309.000000
61.000000 127.000000
742.000000 25.000000
701.000000 211.000000
194.000000 155.000000
