717.578369 327.303528
448.041138 312.197174
512.583496 241.823608
623.289124 407.081085
392.127441 213.174301
605.138794 407.062195
730.577393 326.537537
525.926453 340.469177
605.902588 352.353210
605.201843 334.420044
525.500977 286.771454
622.552063 333.261383
514.306580 356.566956
718.247498 147.446930
448.679626 297.890076
605.680908 378.923309
514.854065 339.808258
719.320312 116.214638
620.506226 378.478088
430.899933 193.682251
528.830078 356.597748
516.804626 171.104156
717.298279 346.596802
731.572571 408.520050
600.942322 278.839111
529.535706 167.655869
453.367462 188.116257
618.391785 276.112000
743.000000 142.000000
602.346130 226.285370
742.000000 111.000000
730.470398 345.893127
739.945557 326.025513
451.905579 209.628204
734.441345 261.146454
504.133240 174.323257
248.000000 173.000000
718.076965 346.367035
718.605347 407.854980
740.462769 345.485107
731.263306 375.846985
441.649750 191.442627
529.912964 191.650589
591.649475 151.494965
624.000000 170.000000
698.812927 122.182365
618.469910 315.079010
506.130493 405.592285
602.064331 169.416611
452.326385 251.687958
511.526337 288.402405
719.777954 147.583649
700.050171 151.346207
741.656982 408.314392
740.937927 375.716827
620.076721 351.704132
502.926147 197.864212
24.000000 61.000000
713.461548 263.459595
400.456390 237.695938
435.783478 355.457947
436.356628 313.893036
172.000000 91.000000
442.380554 212.647736
719.192261 378.298248
78.000000 151.000000
61.000000 109.000000
724.977356 262.664673
664.084961 341.499847
390.689758 241.059525
623.018311 142.603668
728.862732 308.665283
530.691101 216.336411
439.699188 342.480225
518.000000 195.000000
607.000000 147.000000
717.075562 307.786041
277.000000 142.000000
445.330994 87.051559
448.228577 353.821655
451.774200 232.073318
51.000000 111.000000
47.000000 64.000000
340.000000 106.000000
592.145142 177.790314
391.383331 226.032242
633.604431 141.537643
280.000000 161.000000
190.000000 101.000000
527.000000 62.000000
171.000000 81.000000
522.980957 406.039520
437.076477 299.330811
380.662689 152.747543
212.000000 99.000000
624.770569 405.997162
634.163330 193.903381
632.314758 348.651459
73.000000 132.000000
427.970917 341.786194
539.000000 179.000000
629.829651 204.074905
634.000000 338.000000
719.094299 326.841553
713.000000 206.000000
444.068665 283.710846
172.000000 101.000000
450.422607 341.402924
184.628204 388.256958
430.330414 215.761688
