50.000000 163.000000
87.000000 190.000000
680.158997 451.364227
270.000000 203.000000
113.000000 138.000000
679.918884 424.160309
466.000000 360.000000
36.000000 186.000000
38.000000 199.000000
700.230347 451.150116
340.365234 121.799225
572.751953 404.842438
417.000000 114.000000
391.690399 196.767960
448.085632 92.100494
257.000000 212.000000
404.000000 117.000000
34.000000 173.000000
267.000000 215.000000
38.000000 25.000000
34.000000 161.000000
680.087158 340.353149
168.000000 29.000000
397.000000 283.000000
677.469482 387.960052
391.000000 91.000000
169.000000 131.000000
438.000000 82.000000
450.998383 101.863274
99.000000 40.000000
234.000000 149.000000
663.154297 451.595825
387.000000 131.000000
677.421265 404.283569
676.863770 424.143585
103.000000 87.000000
480.000000 262.000000
222.000000 112.000000
400.336578 255.371170
461.546051 400.380219
571.851807 340.883789
699.645813 428.822113
400.979645 193.861633
54.000000 26.000000
79.000000 120.000000
464.815216 243.367325
61.000000 139.000000
110.000000 152.000000
699.671509 388.120575
572.940979 388.759735
113.000000 89.000000
268.000000 150.000000
291.000000 175.000000
554.758545 404.100769
552.692688 389.092468
676.481750 225.056107
63.000000 93.000000
62.000000 149.000000
401.690552 172.661987
155.000000 66.000000
179.000000 98.000000
72.000000 29.000000
392.430511 165.820221
447.329651 244.488541
195.000000 75.000000
220.774872 131.712997
686.403076 387.445343
656.386780 227.080643
454.608276 302.464386
547.572876 236.126587
47.000000 73.000000
204.000000 156.000000
569.912170 448.936066
30.000000 98.000000
583.526489 256.264862
444.000000 120.000000
177.000000 171.000000
566.250549 257.414581
579.051514 175.599091
549.325378 258.656464
253.000000 195.000000
697.061401 248.337189
468.856049 346.347290
257.000000 144.000000
464.935577 243.437027
221.181427 100.949585
464.758392 243.609497
66.000000 45.000000
121.000000 114.000000
68.000000 119.000000
695.280212 223.236237
123.000000 50.000000
428.000000 115.000000
480.515442 301.156830
565.548035 234.257629
666.422485 404.171875
663.733948 388.805420
144.000000 146.000000
658.491455 251.191193
593.381165 257.570038
538.059570 237.505035
538.379272 270.252930
104.000000 24.000000
695.288330 223.560547
33.000000 71.000000
212.000000 121.000000
552.031372 447.647949
265.000000 192.000000
666.000000 428.000000
656.364014 226.945007
