636.000000 345.000000
399.000000 258.000000
535.000000 353.000000
639.000000 413.000000
370.767487 102.850800
552.000000 369.000000
388.793671 234.555405
655.000000 343.000000
533.000000 191.000000
638.096191 383.903442
643.161377 293.454102
702.876526 349.478699
529.000000 132.000000
446.000000 331.000000
651.000000 165.000000
535.242493 214.874252
73.087128 257.655365
546.000000 303.000000
459.940826 228.765976
517.000000 195.000000
411.748932 109.372101
388.000000 260.000000
452.000000 359.000000
446.000000 212.000000
647.572205 383.207947
459.000000 209.000000
614.192017 172.975662
650.000000 326.000000
632.000000 168.000000
445.553711 316.725861
652.556946 197.832733
549.000000 353.000000
460.534485 250.878174
646.468201 361.687592
649.051758 411.987732
543.000000 128.000000
530.000000 416.000000
635.480103 362.346802
443.529297 235.558945
547.000000 189.000000
227.000000 25.000000
659.000000 412.000000
549.000000 211.000000
389.000000 248.000000
445.267578 316.174133
457.000000 315.000000
530.000000 305.000000
467.000000 378.000000
733.000000 174.000000
528.855164 237.715576
521.396179 218.444153
449.000000 370.000000
638.781006 194.243103
617.000000 199.000000
729.000000 146.000000
121.000000 119.000000
42.000000 230.000000
519.811279 132.717407
441.000000 360.000000
630.000000 292.000000
444.000000 255.000000
434.856201 213.750763
465.000000 357.000000
453.604767 301.802002
534.000000 367.000000
409.034088 97.881126
122.000000 84.000000
637.563721 194.267044
457.829010 269.783813
666.000000 358.000000
441.000000 416.000000
554.000000 415.000000
542.571777 377.308716
527.000000 97.000000
661.000000 164.000000
160.000000 161.000000
463.715027 270.411530
528.833862 257.275665
94.000000 166.000000
188.000000 192.000000
120.000000 172.000000
62.000000 261.000000
656.000000 362.000000
72.000000 278.000000
668.000000 348.000000
144.000000 136.000000
557.000000 200.000000
549.487427 237.151657
642.000000 274.000000
444.318512 271.501984
557.000000 187.000000
458.849640 328.819580
120.000000 189.000000
112.000000 160.000000
654.346863 215.744736
658.598877 381.166077
551.104187 254.067352
439.000000 381.000000
93.000000 116.000000
50.000000 197.000000
507.108795 197.604523
511.000000 240.000000
119.000000 68.000000
467.000000 311.000000
84.000000 100.000000
209.000000 105.000000
398.000000 231.000000
470.000000 415.000000
723.000000 201.000000
637.495544 194.136536
