627.054749 361.872528
649.330688 178.779861
528.502991 364.923889
626.351318 431.077545
391.229218 106.936844
543.879639 381.889496
394.358185 238.836166
645.578003 360.852325
534.301697 200.745712
627.005920 401.662567
636.412170 309.367584
691.369019 369.757019
446.195923 235.957413
444.191132 338.302032
650.000000 206.000000
535.143738 224.920074
70.000549 247.336044
541.460938 314.715271
462.029663 235.951218
518.640625 204.293655
432.013702 114.699577
402.644623 262.782654
447.611450 366.735352
392.114441 264.499786
636.309753 401.217468
462.026428 215.982254
613.880859 185.624039
641.457458 342.999878
631.356445 181.253464
444.431152 324.164093
743.000000 357.000000
541.941284 365.911255
461.527588 258.527283
636.219543 379.426636
636.190735 430.635986
547.077881 137.251282
520.113647 428.207123
625.522888 379.394623
741.000000 297.000000
547.496826 199.256210
394.091766 249.758163
646.145935 431.139160
548.299255 221.609634
158.000000 175.000000
444.195587 323.542450
455.339264 322.793457
525.915588 316.144562
461.060089 386.738495
730.408936 191.336731
528.539062 247.847366
521.743408 228.036148
743.000000 375.000000
636.791504 208.100250
615.130920 212.144150
727.691895 162.416702
445.757141 261.022766
450.205261 219.066345
124.000000 93.000000
437.309875 367.655243
623.539001 307.750946
737.000000 433.000000
439.103912 219.953156
459.992767 365.420013
452.478851 309.293579
526.674622 379.283325
429.763794 103.099014
59.918186 249.320953
635.508972 208.068649
458.701447 277.438873
655.139221 376.163635
434.554077 423.727539
543.582031 428.799622
534.327515 389.976593
390.000000 128.000000
659.928955 178.255035
443.619019 377.249542
463.621613 277.958862
527.499573 267.739532
315.000000 184.000000
622.162903 258.040283
743.000000 338.000000
125.000000 133.000000
645.694092 379.980591
67.567215 267.299164
657.361572 366.094025
238.000000 160.000000
556.827942 210.972504
547.617371 248.193848
635.898132 289.839417
445.339935 278.472473
557.595886 197.801270
456.362793 336.790314
646.757751 409.134277
648.985107 217.126434
650.846436 231.032135
647.313232 399.707336
548.392578 264.970551
434.167694 388.541473
534.528381 105.091927
157.000000 186.000000
508.708649 206.573120
510.475067 249.391541
126.000000 75.000000
464.702026 319.145050
131.000000 159.000000
536.626343 349.915588
403.434021 235.459717
462.031982 424.096466
530.000000 141.000000
635.439514 207.927048
