664.000000 451.000000
28.000000 103.000000
66.000000 188.000000
61.000000 66.000000
346.491272 117.026497
553.000000 402.000000
457.000000 355.000000
85.000000 151.000000
560.000000 338.000000
650.000000 451.000000
277.000000 186.000000
388.000000 191.000000
387.000000 252.000000
394.000000 278.000000
673.000000 429.000000
668.000000 339.000000
28.000000 217.000000
472.000000 257.000000
687.000000 452.000000
92.000000 141.000000
58.000000 205.000000
260.000000 163.000000
651.892456 386.969421
188.000000 126.000000
665.187378 386.505402
542.000000 386.000000
67.000000 178.000000
543.000000 402.000000
259.000000 147.000000
459.918549 342.769806
48.000000 214.000000
182.000000 96.000000
286.000000 146.000000
664.649048 403.382324
663.863953 423.466675
687.000000 244.000000
45.000000 53.000000
652.000000 403.000000
78.000000 163.000000
451.378998 396.487549
561.973816 385.751495
391.000000 119.000000
188.000000 115.000000
28.000000 148.000000
553.260132 446.602142
80.000000 25.000000
666.313049 221.306259
688.000000 389.000000
407.000000 88.000000
68.000000 164.000000
540.000000 254.000000
390.000000 130.000000
648.000000 247.000000
82.000000 102.000000
392.000000 107.000000
458.000000 238.000000
666.000000 246.000000
49.000000 146.000000
539.526428 445.757996
93.000000 86.000000
687.000000 428.000000
172.000000 151.000000
653.000000 427.000000
225.000000 92.000000
442.000000 107.000000
472.564697 296.636169
104.000000 110.000000
646.707825 222.660080
447.362549 297.737701
538.820068 231.355972
556.094604 230.567444
441.801025 238.617157
249.000000 113.000000
176.000000 27.000000
103.000000 62.000000
39.000000 73.000000
38.000000 220.000000
94.000000 99.000000
28.000000 55.000000
27.000000 117.000000
400.000000 245.000000
386.000000 265.000000
687.000000 401.000000
215.000000 141.000000
470.000000 278.000000
398.898804 189.481110
249.000000 83.000000
109.000000 241.000000
39.000000 109.000000
557.000000 253.000000
685.218628 218.793930
473.043945 236.712967
123.000000 36.000000
573.789001 251.726868
141.000000 130.000000
675.000000 386.000000
453.000000 384.000000
572.000000 170.000000
390.000000 160.000000
147.000000 53.000000
528.953125 232.704971
528.000000 282.000000
479.000000 106.000000
685.245667 219.101089
674.000000 451.000000
418.000000 124.000000
196.000000 70.000000
584.032043 239.357544
582.000000 280.000000
646.681335 222.545807
