700.000000 360.000000
489.000000 277.000000
587.000000 437.000000
605.814880 437.070404
360.000000 249.000000
419.000000 348.000000
489.000000 228.000000
713.000000 359.000000
587.000000 385.000000
586.000000 367.000000
493.000000 209.000000
604.000000 366.000000
492.000000 373.000000
724.000000 185.000000
701.000000 160.000000
504.000000 374.000000
723.000000 156.000000
503.064056 322.311096
359.000000 275.000000
402.000000 230.000000
401.591736 124.806152
605.000000 183.000000
722.000000 377.000000
724.000000 408.000000
599.000000 312.000000
507.000000 206.000000
479.000000 212.000000
587.000000 411.000000
605.000000 224.000000
587.000000 187.000000
605.000000 211.000000
702.000000 408.000000
425.000000 246.000000
508.000000 229.000000
570.000000 191.000000
505.063019 144.448242
31.000000 264.000000
701.000000 378.000000
426.000000 225.000000
597.000000 412.000000
716.000000 437.000000
707.000000 299.000000
507.000000 389.000000
414.000000 228.000000
582.000000 313.000000
716.000000 339.000000
370.000000 274.000000
410.000000 333.000000
410.000000 245.000000
426.000000 287.000000
587.000000 214.000000
701.000000 190.000000
508.000000 275.000000
695.000000 300.000000
679.000000 165.000000
360.000000 263.000000
422.000000 331.000000
599.000000 349.000000
717.000000 297.000000
714.000000 408.000000
702.000000 437.000000
409.000000 348.000000
681.000000 193.000000
479.000000 235.000000
490.040405 387.240509
399.024139 113.676140
484.000000 437.000000
489.000000 323.000000
648.000000 374.000000
571.000000 217.000000
414.000000 376.000000
508.000000 255.000000
104.000000 119.000000
401.000000 376.000000
425.000000 268.000000
107.000000 129.000000
246.000000 39.000000
410.000000 389.000000
490.000000 256.000000
580.011597 263.778687
507.000000 437.000000
423.000000 387.000000
605.056641 385.401703
410.000000 292.000000
168.000000 110.000000
145.000000 88.000000
699.000000 341.000000
109.000000 146.000000
144.000000 192.000000
605.000000 238.000000
30.000000 285.000000
736.000000 363.000000
673.000000 222.000000
348.000000 190.000000
119.000000 175.000000
425.000000 375.000000
517.000000 217.000000
615.000000 381.000000
615.000000 233.000000
734.000000 156.000000
98.000000 160.000000
738.000000 232.000000
615.000000 182.000000
723.000000 358.000000
416.000000 319.000000
517.000000 205.000000
499.000000 358.000000
712.000000 379.000000
402.000000 434.000000
615.000000 207.000000
