29.000000 187.000000
660.000000 436.000000
458.000000 337.000000
25.000000 100.000000
361.787262 99.026840
550.609253 384.626129
94.000000 118.000000
98.000000 86.000000
558.530579 320.198395
556.000000 211.000000
419.946991 84.086586
393.693298 172.094955
391.824371 233.536865
399.000000 259.000000
668.586426 413.617737
664.598633 322.000244
645.000000 436.000000
48.000000 158.000000
130.000000 123.000000
51.000000 82.000000
403.711212 111.038208
161.000000 24.000000
648.236755 370.379089
474.000000 238.000000
661.263062 369.926575
540.399902 368.174225
391.000000 248.000000
541.152405 384.705505
54.000000 32.000000
461.000000 323.000000
64.000000 88.000000
65.000000 144.000000
141.000000 49.000000
660.498291 387.397278
659.474365 407.527802
684.497925 225.515411
32.000000 164.000000
648.213013 386.919769
664.000000 202.000000
451.613159 378.303528
560.036499 368.574158
53.146336 146.324600
295.000000 146.000000
682.000000 436.000000
550.257629 429.595459
459.000000 220.000000
664.447144 227.682495
684.013916 372.727264
32.000000 139.000000
86.000000 44.000000
539.979492 235.486786
31.000000 89.000000
646.290527 228.470093
106.000000 109.000000
479.000000 90.000000
475.000000 218.000000
663.797791 227.360443
129.000000 74.000000
537.002930 428.651428
232.000000 167.000000
682.180969 412.565918
445.000000 220.000000
648.885254 411.075806
257.652374 74.405228
78.000000 54.000000
402.000000 99.000000
47.000000 198.000000
645.311279 203.610092
464.416931 278.412201
539.119263 212.457367
305.000000 133.000000
324.000000 130.000000
550.000000 368.000000
560.000000 386.000000
292.000000 129.000000
96.000000 71.000000
474.000000 279.000000
101.000000 223.000000
481.815308 260.318054
169.000000 67.000000
404.482880 226.445389
29.000000 150.000000
682.689270 385.155212
721.250916 382.071136
470.923096 259.426453
404.010742 170.898010
281.762909 65.364563
60.000000 102.000000
37.000000 103.000000
76.000000 143.000000
683.271179 199.672623
225.000000 101.000000
54.000000 186.000000
572.657288 233.147690
558.000000 152.000000
671.479492 369.498749
453.281769 365.879547
572.486206 150.508301
381.232513 173.608780
61.000000 72.000000
528.924866 213.816223
527.159424 263.745300
540.073669 321.099274
683.291687 199.959869
459.000000 240.000000
556.000000 235.000000
204.000000 78.000000
583.329834 220.519150
140.000000 106.000000
645.287659 203.508194
