650.610229 440.660858
547.000000 156.000000
455.654999 345.069794
552.556213 391.598114
372.788940 111.274826
639.000000 441.000000
391.667511 244.520294
546.000000 215.000000
536.155518 390.890228
641.000000 374.000000
653.000000 324.000000
710.000000 384.000000
561.000000 153.000000
399.544769 268.731720
550.556458 325.730835
547.000000 238.000000
93.000000 132.000000
527.000000 436.000000
467.807892 245.241516
157.000000 183.000000
414.163971 121.519478
455.586334 227.600220
94.000000 111.000000
390.837433 258.305908
651.332825 373.596375
534.681580 374.774353
63.000000 121.000000
561.502136 235.747162
562.188538 213.423767
458.742035 331.284424
66.000000 132.000000
660.476807 419.128174
244.000000 203.000000
650.915344 391.451111
650.414429 412.239105
669.000000 230.000000
86.000000 242.000000
639.317200 391.261169
59.000000 152.000000
385.000000 270.000000
553.884216 374.526794
90.000000 65.000000
71.000000 82.000000
448.000000 269.000000
445.000000 331.000000
450.336853 374.551117
551.000000 437.000000
673.923767 375.638153
660.677185 440.246521
538.000000 260.000000
531.754639 240.390182
571.000000 225.000000
654.917847 200.687027
108.000000 125.000000
69.000000 161.000000
468.885712 225.484665
161.000000 173.000000
537.000000 156.000000
50.000000 132.000000
466.000000 270.000000
672.706360 416.658264
441.701782 228.338882
640.727234 415.865173
455.000000 317.000000
658.000000 357.000000
412.005707 109.648361
633.286682 229.498184
632.357666 203.859482
461.203278 286.113434
530.468506 217.137680
464.000000 394.000000
680.000000 199.000000
543.480347 374.520905
672.324768 440.651276
228.000000 197.000000
94.000000 40.000000
468.895966 286.542572
536.625305 279.873962
476.898773 267.099091
236.000000 88.000000
403.650269 236.657349
571.000000 274.000000
672.493652 388.910797
451.000000 387.000000
534.167664 326.266663
69.000000 147.000000
319.232239 81.751518
560.754761 260.927887
448.684601 241.441742
447.324615 286.653229
668.707703 198.415070
444.923279 345.181610
621.711731 233.961212
464.595917 373.233002
670.000000 249.000000
661.754700 373.096466
560.944336 278.061371
105.000000 109.000000
469.000000 326.000000
194.000000 95.000000
519.642578 218.671539
637.165527 321.866211
40.000000 145.000000
668.699646 198.706436
103.000000 136.000000
62.000000 95.000000
54.000000 53.000000
655.000000 227.000000
105.000000 65.000000
632.331604 203.761505
