632.810181 355.282104
654.000000 173.000000
533.000183 358.867340
632.719360 424.051086
387.931366 102.000748
548.901855 375.795532
395.273590 234.089264
651.554504 353.902710
537.415283 195.385284
633.025146 394.592590
641.791992 302.860565
698.016907 362.325439
448.000000 231.000000
446.942719 333.217377
655.000000 200.000000
538.641357 219.602066
73.642288 244.932083
545.778687 309.092010
464.484528 230.861313
521.591370 198.997314
428.743591 109.744728
404.000000 258.000000
451.075928 361.521942
393.000000 260.000000
642.457520 394.067444
464.260895 210.966934
618.030334 180.030350
647.134644 336.305786
635.749512 175.647171
447.060608 318.935333
229.000000 157.000000
546.685791 359.868774
464.086609 253.412445
642.295044 372.482635
642.654602 423.478668
549.934998 132.217453
525.158264 422.126007
631.384155 372.409180
121.000000 155.000000
551.027954 193.805145
395.000000 245.000000
652.630615 424.011230
552.068787 216.154099
114.000000 90.000000
446.814087 318.368835
458.187042 317.536224
530.035156 310.299835
464.873138 381.354248
735.765076 185.172394
531.788025 242.382355
524.972412 222.669098
534.000000 136.000000
641.521057 202.340057
619.649292 206.422531
732.911194 156.486069
448.000000 256.000000
452.000000 214.000000
114.000000 130.000000
440.451233 362.352936
628.777588 301.172272
743.000000 424.000000
440.742737 214.993042
463.725922 360.022339
455.388092 303.967072
531.371277 373.389130
426.395630 98.249176
63.000000 247.000000
640.289978 202.299164
461.032867 272.264099
661.428955 369.196716
438.120331 418.289001
548.859253 422.671295
539.168701 383.733887
156.000000 113.000000
664.632507 172.496216
447.000000 372.000000
466.431458 272.669037
530.899841 262.299164
212.000000 188.000000
627.000000 252.000000
292.000000 148.000000
306.000000 183.000000
651.807983 372.984833
71.467934 265.087128
663.641602 359.187408
28.000000 220.000000
560.635437 205.480576
551.548645 242.540558
641.249329 283.435486
447.610962 273.378357
561.106812 192.321793
459.384979 331.588989
653.000000 402.000000
654.000000 210.000000
655.912598 224.943771
653.467529 392.314514
552.516357 259.374695
437.528137 383.280884
537.000000 100.000000
275.000000 88.000000
511.619598 201.333038
513.823486 243.943329
167.000000 130.000000
467.767822 313.904633
148.000000 175.000000
541.000000 344.000000
404.480591 230.745712
466.278809 418.580719
147.000000 68.000000
640.224304 202.166000
