456.745239 226.990128
590.509888 357.166840
601.234375 292.662811
717.382629 136.312408
694.778748 348.537384
715.700012 346.504120
607.007690 355.641113
520.000000 364.000000
606.661011 174.718796
716.000000 101.000000
606.000000 144.000000
524.000000 176.000000
458.000000 202.000000
523.360229 203.493134
511.000000 381.000000
715.000000 405.000000
606.000000 438.000000
689.000000 138.000000
590.214844 406.757324
706.883667 369.417542
603.000000 406.000000
502.116150 210.618134
508.606018 307.800720
591.407898 376.572083
441.000000 208.000000
524.000000 381.000000
601.197327 335.825134
502.000000 185.000000
710.331665 322.874451
455.893677 227.386749
694.000000 109.000000
301.000000 155.000000
717.152405 136.375687
694.417908 441.018311
675.000000 117.000000
456.025299 226.419556
606.147034 174.723816
510.000000 363.000000
452.000000 380.000000
512.000000 181.000000
694.415955 406.049530
452.000000 336.000000
689.000000 180.000000
688.479431 276.846069
689.230774 211.343124
676.000000 150.000000
705.490051 347.835876
694.167725 370.218475
578.000000 156.000000
706.090210 441.169769
513.622864 206.490646
709.410156 274.044464
588.000000 176.000000
586.759888 294.549042
444.000000 366.000000
520.000000 308.000000
351.000000 173.000000
269.000000 123.000000
592.000000 149.000000
151.000000 36.000000
455.000000 395.000000
501.973572 433.365021
606.336487 208.202026
410.000000 230.000000
589.000000 437.000000
454.000000 365.000000
434.248993 427.249451
517.000000 435.000000
523.135803 230.139542
699.475708 275.104401
606.827454 376.863770
447.000000 321.000000
704.702820 251.987854
124.000000 93.000000
693.514221 325.821625
521.129089 69.261200
716.548828 441.307861
726.143677 352.150940
150.000000 160.000000
267.000000 138.000000
522.830750 248.549240
162.000000 139.000000
367.000000 106.000000
274.000000 97.000000
616.000000 143.000000
439.938416 231.375504
291.000000 112.000000
263.072815 305.704254
373.000000 95.000000
321.000000 162.000000
453.000000 303.000000
417.000000 254.000000
728.111023 362.507721
444.000000 110.000000
732.000000 105.000000
400.774841 166.840988
578.000000 185.000000
716.871765 369.574921
440.721527 305.063110
295.000000 136.000000
406.272064 260.972321
529.000000 193.000000
732.814636 125.624832
684.362061 439.906830
501.836914 115.828857
640.842346 364.969055
718.451172 204.484375
690.362671 357.995605
166.000000 409.000000
311.000000 169.000000
