444.000000 359.000000
594.000000 272.000000
390.000000 258.000000
519.000000 387.000000
731.000000 185.000000
596.050720 423.988678
508.000000 386.000000
448.000000 233.000000
707.000000 374.000000
595.000000 455.000000
728.000000 373.000000
596.000000 399.000000
596.000000 381.000000
613.000000 380.000000
613.000000 455.000000
442.000000 400.000000
720.000000 457.000000
518.000000 333.000000
702.000000 309.000000
729.000000 426.000000
708.000000 160.000000
609.000000 322.000000
615.000000 215.000000
719.692017 421.925018
508.000000 403.000000
522.782715 212.518524
707.000000 394.000000
720.000000 393.000000
707.000000 457.000000
614.000000 187.000000
729.753906 154.252441
499.000000 244.000000
428.000000 239.000000
447.000000 255.000000
444.000000 344.000000
498.567047 219.239365
611.000000 427.000000
433.000000 359.000000
707.136414 421.739227
723.000000 352.000000
609.000000 361.000000
524.000000 236.000000
434.000000 389.000000
512.000000 240.000000
583.000000 195.000000
598.000000 191.000000
687.000000 165.000000
689.000000 195.000000
519.000000 403.000000
723.000000 307.000000
231.000000 180.000000
511.000000 216.000000
431.000000 402.000000
506.000000 287.000000
730.000000 457.000000
702.000000 250.000000
718.000000 373.000000
594.000000 214.000000
499.000000 452.000000
438.000000 236.000000
708.000000 191.000000
399.000000 283.000000
505.000000 335.000000
77.000000 193.000000
69.000000 173.000000
609.000000 399.000000
713.000000 308.000000
706.000000 354.000000
446.000000 298.000000
592.000000 324.000000
434.000000 344.000000
192.000000 162.000000
390.000000 272.000000
435.000000 260.000000
423.000000 388.000000
197.000000 149.000000
622.000000 393.000000
389.000000 287.000000
584.000000 223.000000
445.000000 388.000000
446.000000 411.000000
82.000000 124.000000
524.000000 107.000000
518.000000 370.000000
192.000000 136.000000
520.000000 453.000000
624.287415 185.492889
259.000000 220.000000
75.000000 134.000000
532.000000 211.000000
718.000000 288.000000
237.000000 148.000000
445.000000 328.000000
380.172577 197.510361
43.000000 112.000000
206.000000 124.000000
742.000000 386.000000
87.000000 73.000000
205.000000 171.000000
301.000000 221.000000
532.000000 224.000000
231.000000 191.000000
291.000000 189.000000
226.000000 104.000000
326.000000 53.000000
725.000000 75.000000
68.000000 333.000000
522.000000 282.000000
741.000000 154.000000
302.000000 204.000000
