645.207336 442.446808
532.786072 161.313263
451.426147 354.090973
547.718933 396.469757
367.402924 124.882103
633.963806 442.637482
385.801208 256.800354
533.934204 220.440659
531.617249 396.376526
633.317932 374.980957
642.565857 324.703400
701.059021 382.309235
546.049194 157.682404
394.339508 280.397919
542.796387 330.765228
535.895203 243.255051
75.000000 268.000000
523.974548 442.026123
459.157440 253.983490
442.000000 279.000000
408.343353 132.881088
446.806274 237.030823
383.000000 282.000000
385.415710 270.487427
643.196594 374.604767
529.505737 379.978424
617.000000 205.000000
549.696533 240.473602
549.475891 218.025421
453.907410 340.087402
655.000000 229.000000
654.340332 420.009827
459.000000 276.000000
643.590393 392.513123
643.989197 413.399414
733.000000 183.000000
78.000000 106.000000
632.391785 392.424683
442.000000 260.000000
735.000000 210.000000
548.400513 379.472076
462.000000 402.000000
36.000000 61.000000
96.000000 167.000000
440.771057 340.480682
447.213470 383.738953
547.857422 442.216064
665.913391 375.911377
655.173706 441.159302
528.391357 265.556122
521.482788 246.231857
558.734070 228.980789
639.740723 200.876343
177.000000 195.000000
181.000000 101.000000
459.377991 234.375641
531.000000 126.000000
522.957703 161.492371
103.000000 190.000000
34.000000 169.000000
433.000000 383.000000
433.531891 238.253891
634.818237 417.381561
449.859192 326.439087
649.478394 357.497955
406.017426 121.559288
619.740173 230.689957
638.560120 200.894394
454.811157 294.811646
519.101318 223.016418
111.000000 164.000000
664.153442 197.728516
538.042542 379.504272
666.597473 441.109955
84.000000 160.000000
80.000000 142.000000
461.568726 295.382843
527.813049 285.103790
468.973999 245.407883
46.000000 118.000000
396.962616 248.686676
560.662781 278.031067
664.524353 389.170868
448.277527 396.223480
526.833130 331.717987
254.000000 153.000000
323.565216 97.332542
549.815002 265.654694
441.020996 250.930542
441.271942 296.145782
652.893372 197.998703
441.172150 354.592682
608.036621 235.667175
461.021942 382.063843
656.406006 248.617081
653.657471 373.224670
550.721008 282.602783
245.000000 109.000000
463.413452 334.394043
362.000000 147.000000
508.087311 225.071365
627.126221 322.983276
63.000000 172.000000
652.886353 198.325562
724.000000 201.000000
252.000000 168.000000
118.000000 151.000000
103.000000 180.000000
464.000000 392.000000
638.531921 200.786896
