449.000000 191.000000
439.000000 320.000000
515.000000 294.000000
728.000000 109.000000
719.000000 340.000000
698.000000 340.000000
588.000000 364.000000
589.000000 345.000000
612.000000 142.000000
602.932007 422.719238
605.000000 345.000000
591.000000 172.000000
503.000000 349.000000
522.000000 169.000000
718.707092 360.739471
705.000000 115.000000
514.000000 349.000000
502.000000 366.000000
587.000000 393.000000
439.000000 363.000000
602.000000 391.000000
521.000000 190.000000
589.000000 233.000000
506.000000 194.000000
585.000000 422.000000
430.000000 196.000000
601.000000 325.000000
602.000000 284.000000
510.000000 172.000000
394.000000 215.000000
498.000000 176.000000
697.000000 361.000000
728.000000 142.000000
715.000000 317.000000
580.000000 152.000000
447.000000 214.000000
611.000000 172.000000
717.000000 393.000000
424.000000 350.000000
695.000000 427.000000
696.000000 395.000000
501.000000 296.000000
443.000000 288.000000
694.000000 273.000000
696.000000 211.000000
685.000000 121.000000
709.000000 340.000000
708.000000 428.000000
685.000000 153.000000
434.000000 307.000000
496.000000 201.000000
706.000000 272.000000
516.000000 366.000000
595.000000 147.000000
285.000000 174.000000
716.049438 270.213501
226.000000 97.000000
520.000000 221.000000
444.000000 377.000000
586.000000 286.000000
428.000000 363.000000
492.000000 416.000000
392.000000 245.000000
330.000000 66.000000
697.000000 181.000000
698.000000 320.000000
419.000000 409.000000
605.000000 365.000000
580.000000 180.000000
442.000000 349.000000
704.000000 148.000000
319.000000 148.000000
711.000000 250.000000
731.000000 354.000000
435.000000 219.000000
444.000000 304.000000
718.000000 428.000000
644.000000 354.000000
318.000000 119.000000
513.000000 332.000000
68.000000 95.000000
326.000000 161.000000
525.873535 60.243729
394.000000 229.000000
508.000000 418.000000
708.000000 362.000000
57.000000 285.000000
520.000000 241.000000
611.000000 207.000000
404.000000 113.000000
589.000000 327.000000
446.000000 257.000000
262.000000 139.000000
294.000000 192.000000
382.000000 106.000000
386.000000 154.000000
429.000000 320.000000
95.000000 118.000000
428.000000 290.000000
113.000000 42.000000
728.000000 206.000000
504.000000 249.000000
228.000000 108.000000
402.000000 239.000000
239.000000 127.000000
739.000000 109.000000
597.000000 266.000000
611.000000 355.000000
725.000000 26.000000
295.000000 176.000000
