717.587158 340.858734
446.000000 319.000000
513.015686 250.985291
621.334534 417.126282
390.987213 219.162933
603.000000 417.000000
730.752686 339.990997
524.276123 349.083160
604.798218 362.994110
604.503418 344.955475
525.000000 296.000000
622.089172 344.297546
512.130188 364.881775
722.333008 163.640442
447.000000 305.000000
604.000000 389.000000
513.000000 348.000000
724.000000 133.000000
619.000000 389.000000
431.000000 201.000000
526.751221 365.089600
519.000000 181.000000
716.883545 359.758514
730.000000 421.000000
601.612793 289.958282
532.000000 178.000000
454.000000 196.000000
619.310486 287.697571
628.000000 184.000000
604.000000 238.000000
515.000000 201.000000
730.080444 359.432556
740.000000 340.000000
452.059753 217.414566
736.000000 276.000000
506.000000 184.000000
610.000000 160.000000
717.677490 359.552948
717.000000 420.000000
740.000000 359.000000
730.306641 388.798187
442.000000 199.000000
531.785034 201.795044
595.000000 164.000000
166.000000 79.000000
703.424316 138.257980
618.308533 326.169739
503.000000 413.000000
605.000000 182.000000
451.821899 259.113037
510.832001 297.303772
723.886536 163.803024
704.000000 167.000000
740.000000 421.000000
740.000000 389.000000
619.161194 362.521301
504.246979 207.210464
82.000000 149.000000
714.921936 277.527527
399.000000 244.000000
432.693756 361.774872
434.038574 320.448730
63.000000 94.000000
442.354095 220.207153
718.000000 391.000000
627.000000 201.000000
164.000000 91.000000
726.435364 276.998596
664.128418 353.528870
389.000000 247.000000
627.000000 156.000000
729.144531 322.649292
532.153687 226.142395
437.000000 349.000000
182.000000 156.000000
286.000000 145.000000
717.348450 321.587677
49.000000 86.000000
444.002716 94.982483
445.466736 360.357452
451.624664 239.586502
64.000000 107.000000
207.000000 159.000000
269.000000 146.000000
595.000000 190.000000
390.000000 232.000000
637.642456 155.379379
541.089661 189.876266
51.000000 158.000000
174.000000 143.000000
187.000000 100.000000
520.000000 414.000000
435.000000 306.000000
380.850800 159.040863
167.000000 115.000000
622.794006 416.027283
637.045776 206.984009
631.794312 359.565155
54.000000 227.000000
425.000000 348.000000
531.000000 248.000000
632.573608 217.003021
207.000000 54.000000
719.069702 340.321686
340.000000 144.000000
442.440338 290.764069
205.000000 99.000000
448.000000 348.000000
184.000000 389.000000
430.000000 223.000000
